date;ETP_eau;ETP_tourbe;ETP_foret
2021-01-01 00:00:00;;;
2021-01-01 01:00:00;;;
2021-01-01 02:00:00;;;
2021-01-01 03:00:00;;;
2021-01-01 04:00:00;;;
2021-01-01 05:00:00;;;
2021-01-01 06:00:00;;;
2021-01-01 07:00:00;;;
2021-01-01 08:00:00;;;
2021-01-01 09:00:00;;;
2021-01-01 10:00:00;;;
2021-01-01 11:00:00;;;
2021-01-01 12:00:00;;;
2021-01-01 13:00:00;;;
2021-01-01 14:00:00;;;
2021-01-01 15:00:00;;;
2021-01-01 16:00:00;;;
2021-01-01 17:00:00;;;
2021-01-01 18:00:00;;;
2021-01-01 19:00:00;;;
2021-01-01 20:00:00;;;
2021-01-01 21:00:00;;;
2021-01-01 22:00:00;;;
2021-01-01 23:00:00;;;
2021-01-02 00:00:00;;;
2021-01-02 01:00:00;;;
2021-01-02 02:00:00;;;
2021-01-02 03:00:00;;;
2021-01-02 04:00:00;;;
2021-01-02 05:00:00;;;
2021-01-02 06:00:00;;;
2021-01-02 07:00:00;;;
2021-01-02 08:00:00;;;
2021-01-02 09:00:00;;;
2021-01-02 10:00:00;;;
2021-01-02 11:00:00;;;
2021-01-02 12:00:00;;;
2021-01-02 13:00:00;;;
2021-01-02 14:00:00;;;
2021-01-02 15:00:00;;;
2021-01-02 16:00:00;;;
2021-01-02 17:00:00;;;
2021-01-02 18:00:00;;;
2021-01-02 19:00:00;;;
2021-01-02 20:00:00;;;
2021-01-02 21:00:00;;;
2021-01-02 22:00:00;;;
2021-01-02 23:00:00;;;
2021-01-03 00:00:00;;;
2021-01-03 01:00:00;;;
2021-01-03 02:00:00;;;
2021-01-03 03:00:00;;;
2021-01-03 04:00:00;;;
2021-01-03 05:00:00;;;
2021-01-03 06:00:00;;;
2021-01-03 07:00:00;;;
2021-01-03 08:00:00;;;
2021-01-03 09:00:00;;;
2021-01-03 10:00:00;;;
2021-01-03 11:00:00;;;
2021-01-03 12:00:00;;;
2021-01-03 13:00:00;;;
2021-01-03 14:00:00;;;
2021-01-03 15:00:00;;;
2021-01-03 16:00:00;;;
2021-01-03 17:00:00;;;
2021-01-03 18:00:00;;;
2021-01-03 19:00:00;;;
2021-01-03 20:00:00;;;
2021-01-03 21:00:00;;;
2021-01-03 22:00:00;;;
2021-01-03 23:00:00;;;
2021-01-04 00:00:00;;;
2021-01-04 01:00:00;;;
2021-01-04 02:00:00;;;
2021-01-04 03:00:00;;;
2021-01-04 04:00:00;;;
2021-01-04 05:00:00;;;
2021-01-04 06:00:00;;;
2021-01-04 07:00:00;;;
2021-01-04 08:00:00;;;
2021-01-04 09:00:00;;;
2021-01-04 10:00:00;;;
2021-01-04 11:00:00;;;
2021-01-04 12:00:00;;;
2021-01-04 13:00:00;;;
2021-01-04 14:00:00;;;
2021-01-04 15:00:00;;;
2021-01-04 16:00:00;;;
2021-01-04 17:00:00;;;
2021-01-04 18:00:00;;;
2021-01-04 19:00:00;;;
2021-01-04 20:00:00;;;
2021-01-04 21:00:00;;;
2021-01-04 22:00:00;;;
2021-01-04 23:00:00;;;
2021-01-05 00:00:00;;;
2021-01-05 01:00:00;;;
2021-01-05 02:00:00;;;
2021-01-05 03:00:00;;;
2021-01-05 04:00:00;;;
2021-01-05 05:00:00;;;
2021-01-05 06:00:00;;;
2021-01-05 07:00:00;;;
2021-01-05 08:00:00;;;
2021-01-05 09:00:00;;;
2021-01-05 10:00:00;;;
2021-01-05 11:00:00;;;
2021-01-05 12:00:00;;;
2021-01-05 13:00:00;;;
2021-01-05 14:00:00;;;
2021-01-05 15:00:00;;;
2021-01-05 16:00:00;;;
2021-01-05 17:00:00;;;
2021-01-05 18:00:00;;;
2021-01-05 19:00:00;;;
2021-01-05 20:00:00;;;
2021-01-05 21:00:00;;;
2021-01-05 22:00:00;;;
2021-01-05 23:00:00;;;
2021-01-06 00:00:00;;;
2021-01-06 01:00:00;;;
2021-01-06 02:00:00;;;
2021-01-06 03:00:00;;;
2021-01-06 04:00:00;;;
2021-01-06 05:00:00;;;
2021-01-06 06:00:00;;;
2021-01-06 07:00:00;;;
2021-01-06 08:00:00;;;
2021-01-06 09:00:00;;;
2021-01-06 10:00:00;;;
2021-01-06 11:00:00;;;
2021-01-06 12:00:00;;;
2021-01-06 13:00:00;;;
2021-01-06 14:00:00;;;
2021-01-06 15:00:00;;;
2021-01-06 16:00:00;;;
2021-01-06 17:00:00;;;
2021-01-06 18:00:00;;;
2021-01-06 19:00:00;;;
2021-01-06 20:00:00;;;
2021-01-06 21:00:00;;;
2021-01-06 22:00:00;;;
2021-01-06 23:00:00;;;
2021-01-07 00:00:00;;;
2021-01-07 01:00:00;;;
2021-01-07 02:00:00;;;
2021-01-07 03:00:00;;;
2021-01-07 04:00:00;;;
2021-01-07 05:00:00;;;
2021-01-07 06:00:00;;;
2021-01-07 07:00:00;;;
2021-01-07 08:00:00;;;
2021-01-07 09:00:00;;;
2021-01-07 10:00:00;;;
2021-01-07 11:00:00;;;
2021-01-07 12:00:00;;;
2021-01-07 13:00:00;;;
2021-01-07 14:00:00;;;
2021-01-07 15:00:00;;;
2021-01-07 16:00:00;;;
2021-01-07 17:00:00;;;
2021-01-07 18:00:00;;;
2021-01-07 19:00:00;;;
2021-01-07 20:00:00;;;
2021-01-07 21:00:00;;;
2021-01-07 22:00:00;;;
2021-01-07 23:00:00;;;
2021-01-08 00:00:00;;;
2021-01-08 01:00:00;;;
2021-01-08 02:00:00;;;
2021-01-08 03:00:00;;;
2021-01-08 04:00:00;;;
2021-01-08 05:00:00;;;
2021-01-08 06:00:00;;;
2021-01-08 07:00:00;;;
2021-01-08 08:00:00;;;
2021-01-08 09:00:00;;;
2021-01-08 10:00:00;;;
2021-01-08 11:00:00;;;
2021-01-08 12:00:00;;;
2021-01-08 13:00:00;;;
2021-01-08 14:00:00;;;
2021-01-08 15:00:00;;;
2021-01-08 16:00:00;;;
2021-01-08 17:00:00;;;
2021-01-08 18:00:00;;;
2021-01-08 19:00:00;;;
2021-01-08 20:00:00;;;
2021-01-08 21:00:00;;;
2021-01-08 22:00:00;;;
2021-01-08 23:00:00;;;
2021-01-09 00:00:00;;;
2021-01-09 01:00:00;;;
2021-01-09 02:00:00;;;
2021-01-09 03:00:00;;;
2021-01-09 04:00:00;;;
2021-01-09 05:00:00;;;
2021-01-09 06:00:00;;;
2021-01-09 07:00:00;;;
2021-01-09 08:00:00;;;
2021-01-09 09:00:00;;;
2021-01-09 10:00:00;;;
2021-01-09 11:00:00;;;
2021-01-09 12:00:00;;;
2021-01-09 13:00:00;;;
2021-01-09 14:00:00;;;
2021-01-09 15:00:00;;;
2021-01-09 16:00:00;;;
2021-01-09 17:00:00;;;
2021-01-09 18:00:00;;;
2021-01-09 19:00:00;;;
2021-01-09 20:00:00;;;
2021-01-09 21:00:00;;;
2021-01-09 22:00:00;;;
2021-01-09 23:00:00;;;
2021-01-10 00:00:00;;;
2021-01-10 01:00:00;;;
2021-01-10 02:00:00;;;
2021-01-10 03:00:00;;;
2021-01-10 04:00:00;;;
2021-01-10 05:00:00;;;
2021-01-10 06:00:00;;;
2021-01-10 07:00:00;;;
2021-01-10 08:00:00;;;
2021-01-10 09:00:00;;;
2021-01-10 10:00:00;;;
2021-01-10 11:00:00;;;
2021-01-10 12:00:00;;;
2021-01-10 13:00:00;;;
2021-01-10 14:00:00;;;
2021-01-10 15:00:00;;;
2021-01-10 16:00:00;;;
2021-01-10 17:00:00;;;
2021-01-10 18:00:00;;;
2021-01-10 19:00:00;;;
2021-01-10 20:00:00;;;
2021-01-10 21:00:00;;;
2021-01-10 22:00:00;;;
2021-01-10 23:00:00;;;
2021-01-11 00:00:00;;;
2021-01-11 01:00:00;;;
2021-01-11 02:00:00;;;
2021-01-11 03:00:00;;;
2021-01-11 04:00:00;;;
2021-01-11 05:00:00;;;
2021-01-11 06:00:00;;;
2021-01-11 07:00:00;;;
2021-01-11 08:00:00;;;
2021-01-11 09:00:00;;;
2021-01-11 10:00:00;;;
2021-01-11 11:00:00;;;
2021-01-11 12:00:00;;;
2021-01-11 13:00:00;;;
2021-01-11 14:00:00;;;
2021-01-11 15:00:00;;;
2021-01-11 16:00:00;;;
2021-01-11 17:00:00;;;
2021-01-11 18:00:00;;;
2021-01-11 19:00:00;;;
2021-01-11 20:00:00;;;
2021-01-11 21:00:00;;;
2021-01-11 22:00:00;;;
2021-01-11 23:00:00;;;
2021-01-12 00:00:00;;;
2021-01-12 01:00:00;;;
2021-01-12 02:00:00;;;
2021-01-12 03:00:00;;;
2021-01-12 04:00:00;;;
2021-01-12 05:00:00;;;
2021-01-12 06:00:00;;;
2021-01-12 07:00:00;;;
2021-01-12 08:00:00;;;
2021-01-12 09:00:00;;;
2021-01-12 10:00:00;;;
2021-01-12 11:00:00;;;
2021-01-12 12:00:00;;;
2021-01-12 13:00:00;;;
2021-01-12 14:00:00;;;
2021-01-12 15:00:00;;;
2021-01-12 16:00:00;;;
2021-01-12 17:00:00;;;
2021-01-12 18:00:00;;;
2021-01-12 19:00:00;;;
2021-01-12 20:00:00;;;
2021-01-12 21:00:00;;;
2021-01-12 22:00:00;;;
2021-01-12 23:00:00;;;
2021-01-13 00:00:00;;;
2021-01-13 01:00:00;;;
2021-01-13 02:00:00;;;
2021-01-13 03:00:00;;;
2021-01-13 04:00:00;;;
2021-01-13 05:00:00;;;
2021-01-13 06:00:00;;;
2021-01-13 07:00:00;;;
2021-01-13 08:00:00;;;
2021-01-13 09:00:00;;;
2021-01-13 10:00:00;;;
2021-01-13 11:00:00;;;
2021-01-13 12:00:00;;;
2021-01-13 13:00:00;;;
2021-01-13 14:00:00;;;
2021-01-13 15:00:00;;;
2021-01-13 16:00:00;;;
2021-01-13 17:00:00;;;
2021-01-13 18:00:00;;;
2021-01-13 19:00:00;;;
2021-01-13 20:00:00;;;
2021-01-13 21:00:00;;;
2021-01-13 22:00:00;;;
2021-01-13 23:00:00;;;
2021-01-14 00:00:00;;;
2021-01-14 01:00:00;;;
2021-01-14 02:00:00;;;
2021-01-14 03:00:00;;;
2021-01-14 04:00:00;;;
2021-01-14 05:00:00;;;
2021-01-14 06:00:00;;;
2021-01-14 07:00:00;;;
2021-01-14 08:00:00;;;
2021-01-14 09:00:00;;;
2021-01-14 10:00:00;;;
2021-01-14 11:00:00;;;
2021-01-14 12:00:00;;;
2021-01-14 13:00:00;;;
2021-01-14 14:00:00;;;
2021-01-14 15:00:00;;;
2021-01-14 16:00:00;;;
2021-01-14 17:00:00;;;
2021-01-14 18:00:00;;;
2021-01-14 19:00:00;;;
2021-01-14 20:00:00;;;
2021-01-14 21:00:00;;;
2021-01-14 22:00:00;;;
2021-01-14 23:00:00;;;
2021-01-15 00:00:00;;;
2021-01-15 01:00:00;;;
2021-01-15 02:00:00;;;
2021-01-15 03:00:00;;;
2021-01-15 04:00:00;;;
2021-01-15 05:00:00;;;
2021-01-15 06:00:00;;;
2021-01-15 07:00:00;;;
2021-01-15 08:00:00;;;
2021-01-15 09:00:00;;;
2021-01-15 10:00:00;;;
2021-01-15 11:00:00;;;
2021-01-15 12:00:00;;;
2021-01-15 13:00:00;;;
2021-01-15 14:00:00;;;
2021-01-15 15:00:00;;;
2021-01-15 16:00:00;;;
2021-01-15 17:00:00;;;
2021-01-15 18:00:00;;;
2021-01-15 19:00:00;;;
2021-01-15 20:00:00;;;
2021-01-15 21:00:00;;;
2021-01-15 22:00:00;;;
2021-01-15 23:00:00;;;
2021-01-16 00:00:00;;;
2021-01-16 01:00:00;;;
2021-01-16 02:00:00;;;
2021-01-16 03:00:00;;;
2021-01-16 04:00:00;;;
2021-01-16 05:00:00;;;
2021-01-16 06:00:00;;;
2021-01-16 07:00:00;;;
2021-01-16 08:00:00;;;
2021-01-16 09:00:00;;;
2021-01-16 10:00:00;;;
2021-01-16 11:00:00;;;
2021-01-16 12:00:00;;;
2021-01-16 13:00:00;;;
2021-01-16 14:00:00;;;
2021-01-16 15:00:00;;;
2021-01-16 16:00:00;;;
2021-01-16 17:00:00;;;
2021-01-16 18:00:00;;;
2021-01-16 19:00:00;;;
2021-01-16 20:00:00;;;
2021-01-16 21:00:00;;;
2021-01-16 22:00:00;;;
2021-01-16 23:00:00;;;
2021-01-17 00:00:00;;;
2021-01-17 01:00:00;;;
2021-01-17 02:00:00;;;
2021-01-17 03:00:00;;;
2021-01-17 04:00:00;;;
2021-01-17 05:00:00;;;
2021-01-17 06:00:00;;;
2021-01-17 07:00:00;;;
2021-01-17 08:00:00;;;
2021-01-17 09:00:00;;;
2021-01-17 10:00:00;;;
2021-01-17 11:00:00;;;
2021-01-17 12:00:00;;;
2021-01-17 13:00:00;;;
2021-01-17 14:00:00;;;
2021-01-17 15:00:00;;;
2021-01-17 16:00:00;;;
2021-01-17 17:00:00;;;
2021-01-17 18:00:00;;;
2021-01-17 19:00:00;;;
2021-01-17 20:00:00;;;
2021-01-17 21:00:00;;;
2021-01-17 22:00:00;;;
2021-01-17 23:00:00;;;
2021-01-18 00:00:00;;;
2021-01-18 01:00:00;;;
2021-01-18 02:00:00;;;
2021-01-18 03:00:00;;;
2021-01-18 04:00:00;;;
2021-01-18 05:00:00;;;
2021-01-18 06:00:00;;;
2021-01-18 07:00:00;;;
2021-01-18 08:00:00;;;
2021-01-18 09:00:00;;;
2021-01-18 10:00:00;;;
2021-01-18 11:00:00;;;
2021-01-18 12:00:00;;;
2021-01-18 13:00:00;;;
2021-01-18 14:00:00;;;
2021-01-18 15:00:00;;;
2021-01-18 16:00:00;;;
2021-01-18 17:00:00;;;
2021-01-18 18:00:00;;;
2021-01-18 19:00:00;;;
2021-01-18 20:00:00;;;
2021-01-18 21:00:00;;;
2021-01-18 22:00:00;;;
2021-01-18 23:00:00;;;
2021-01-19 00:00:00;;;
2021-01-19 01:00:00;;;
2021-01-19 02:00:00;;;
2021-01-19 03:00:00;;;
2021-01-19 04:00:00;;;
2021-01-19 05:00:00;;;
2021-01-19 06:00:00;;;
2021-01-19 07:00:00;;;
2021-01-19 08:00:00;;;
2021-01-19 09:00:00;;;
2021-01-19 10:00:00;;;
2021-01-19 11:00:00;;;
2021-01-19 12:00:00;;;
2021-01-19 13:00:00;;;
2021-01-19 14:00:00;;;
2021-01-19 15:00:00;;;
2021-01-19 16:00:00;;;
2021-01-19 17:00:00;;;
2021-01-19 18:00:00;;;
2021-01-19 19:00:00;;;
2021-01-19 20:00:00;;;
2021-01-19 21:00:00;;;
2021-01-19 22:00:00;;;
2021-01-19 23:00:00;;;
2021-01-20 00:00:00;;;
2021-01-20 01:00:00;;;
2021-01-20 02:00:00;;;
2021-01-20 03:00:00;;;
2021-01-20 04:00:00;;;
2021-01-20 05:00:00;;;
2021-01-20 06:00:00;;;
2021-01-20 07:00:00;;;
2021-01-20 08:00:00;;;
2021-01-20 09:00:00;;;
2021-01-20 10:00:00;;;
2021-01-20 11:00:00;;;
2021-01-20 12:00:00;;;
2021-01-20 13:00:00;;;
2021-01-20 14:00:00;;;
2021-01-20 15:00:00;;;
2021-01-20 16:00:00;;;
2021-01-20 17:00:00;;;
2021-01-20 18:00:00;;;
2021-01-20 19:00:00;;;
2021-01-20 20:00:00;;;
2021-01-20 21:00:00;;;
2021-01-20 22:00:00;;;
2021-01-20 23:00:00;;;
2021-01-21 00:00:00;;;
2021-01-21 01:00:00;;;
2021-01-21 02:00:00;;;
2021-01-21 03:00:00;;;
2021-01-21 04:00:00;;;
2021-01-21 05:00:00;;;
2021-01-21 06:00:00;;;
2021-01-21 07:00:00;;;
2021-01-21 08:00:00;;;
2021-01-21 09:00:00;;;
2021-01-21 10:00:00;;;
2021-01-21 11:00:00;;;
2021-01-21 12:00:00;;;
2021-01-21 13:00:00;;;
2021-01-21 14:00:00;;;
2021-01-21 15:00:00;;;
2021-01-21 16:00:00;;;
2021-01-21 17:00:00;;;
2021-01-21 18:00:00;;;
2021-01-21 19:00:00;;;
2021-01-21 20:00:00;;;
2021-01-21 21:00:00;;;
2021-01-21 22:00:00;;;
2021-01-21 23:00:00;;;
2021-01-22 00:00:00;;;
2021-01-22 01:00:00;;;
2021-01-22 02:00:00;;;
2021-01-22 03:00:00;;;
2021-01-22 04:00:00;;;
2021-01-22 05:00:00;;;
2021-01-22 06:00:00;;;
2021-01-22 07:00:00;;;
2021-01-22 08:00:00;;;
2021-01-22 09:00:00;;;
2021-01-22 10:00:00;;;
2021-01-22 11:00:00;;;
2021-01-22 12:00:00;;;
2021-01-22 13:00:00;;;
2021-01-22 14:00:00;;;
2021-01-22 15:00:00;;;
2021-01-22 16:00:00;;;
2021-01-22 17:00:00;;;
2021-01-22 18:00:00;;;
2021-01-22 19:00:00;;;
2021-01-22 20:00:00;;;
2021-01-22 21:00:00;;;
2021-01-22 22:00:00;;;
2021-01-22 23:00:00;;;
2021-01-23 00:00:00;;;
2021-01-23 01:00:00;;;
2021-01-23 02:00:00;;;
2021-01-23 03:00:00;;;
2021-01-23 04:00:00;;;
2021-01-23 05:00:00;;;
2021-01-23 06:00:00;;;
2021-01-23 07:00:00;;;
2021-01-23 08:00:00;;;
2021-01-23 09:00:00;;;
2021-01-23 10:00:00;;;
2021-01-23 11:00:00;;;
2021-01-23 12:00:00;;;
2021-01-23 13:00:00;;;
2021-01-23 14:00:00;;;
2021-01-23 15:00:00;;;
2021-01-23 16:00:00;;;
2021-01-23 17:00:00;;;
2021-01-23 18:00:00;;;
2021-01-23 19:00:00;;;
2021-01-23 20:00:00;;;
2021-01-23 21:00:00;;;
2021-01-23 22:00:00;;;
2021-01-23 23:00:00;;;
2021-01-24 00:00:00;;;
2021-01-24 01:00:00;;;
2021-01-24 02:00:00;;;
2021-01-24 03:00:00;;;
2021-01-24 04:00:00;;;
2021-01-24 05:00:00;;;
2021-01-24 06:00:00;;;
2021-01-24 07:00:00;;;
2021-01-24 08:00:00;;;
2021-01-24 09:00:00;;;
2021-01-24 10:00:00;;;
2021-01-24 11:00:00;;;
2021-01-24 12:00:00;;;
2021-01-24 13:00:00;;;
2021-01-24 14:00:00;;;
2021-01-24 15:00:00;;;
2021-01-24 16:00:00;;;
2021-01-24 17:00:00;;;
2021-01-24 18:00:00;;;
2021-01-24 19:00:00;;;
2021-01-24 20:00:00;;;
2021-01-24 21:00:00;;;
2021-01-24 22:00:00;;;
2021-01-24 23:00:00;;;
2021-01-25 00:00:00;;;
2021-01-25 01:00:00;;;
2021-01-25 02:00:00;;;
2021-01-25 03:00:00;;;
2021-01-25 04:00:00;;;
2021-01-25 05:00:00;;;
2021-01-25 06:00:00;;;
2021-01-25 07:00:00;;;
2021-01-25 08:00:00;;;
2021-01-25 09:00:00;;;
2021-01-25 10:00:00;;;
2021-01-25 11:00:00;;;
2021-01-25 12:00:00;;;
2021-01-25 13:00:00;;;
2021-01-25 14:00:00;;;
2021-01-25 15:00:00;;;
2021-01-25 16:00:00;;;
2021-01-25 17:00:00;;;
2021-01-25 18:00:00;;;
2021-01-25 19:00:00;;;
2021-01-25 20:00:00;;;
2021-01-25 21:00:00;;;
2021-01-25 22:00:00;;;
2021-01-25 23:00:00;;;
2021-01-26 00:00:00;;;
2021-01-26 01:00:00;;;
2021-01-26 02:00:00;;;
2021-01-26 03:00:00;;;
2021-01-26 04:00:00;;;
2021-01-26 05:00:00;;;
2021-01-26 06:00:00;;;
2021-01-26 07:00:00;;;
2021-01-26 08:00:00;;;
2021-01-26 09:00:00;;;
2021-01-26 10:00:00;;;
2021-01-26 11:00:00;;;
2021-01-26 12:00:00;;;
2021-01-26 13:00:00;;;
2021-01-26 14:00:00;;;
2021-01-26 15:00:00;;;
2021-01-26 16:00:00;;;
2021-01-26 17:00:00;;;
2021-01-26 18:00:00;;;
2021-01-26 19:00:00;;;
2021-01-26 20:00:00;;;
2021-01-26 21:00:00;;;
2021-01-26 22:00:00;;;
2021-01-26 23:00:00;;;
2021-01-27 00:00:00;;;
2021-01-27 01:00:00;;;
2021-01-27 02:00:00;;;
2021-01-27 03:00:00;;;
2021-01-27 04:00:00;;;
2021-01-27 05:00:00;;;
2021-01-27 06:00:00;;;
2021-01-27 07:00:00;;;
2021-01-27 08:00:00;;;
2021-01-27 09:00:00;;;
2021-01-27 10:00:00;;;
2021-01-27 11:00:00;;;
2021-01-27 12:00:00;;;
2021-01-27 13:00:00;;;
2021-01-27 14:00:00;;;
2021-01-27 15:00:00;;;
2021-01-27 16:00:00;;;
2021-01-27 17:00:00;;;
2021-01-27 18:00:00;;;
2021-01-27 19:00:00;;;
2021-01-27 20:00:00;;;
2021-01-27 21:00:00;;;
2021-01-27 22:00:00;;;
2021-01-27 23:00:00;;;
2021-01-28 00:00:00;;;
2021-01-28 01:00:00;;;
2021-01-28 02:00:00;;;
2021-01-28 03:00:00;;;
2021-01-28 04:00:00;;;
2021-01-28 05:00:00;;;
2021-01-28 06:00:00;;;
2021-01-28 07:00:00;;;
2021-01-28 08:00:00;;;
2021-01-28 09:00:00;;;
2021-01-28 10:00:00;;;
2021-01-28 11:00:00;;;
2021-01-28 12:00:00;;;
2021-01-28 13:00:00;;;
2021-01-28 14:00:00;;;
2021-01-28 15:00:00;;;
2021-01-28 16:00:00;;;
2021-01-28 17:00:00;;;
2021-01-28 18:00:00;;;
2021-01-28 19:00:00;;;
2021-01-28 20:00:00;;;
2021-01-28 21:00:00;;;
2021-01-28 22:00:00;;;
2021-01-28 23:00:00;;;
2021-01-29 00:00:00;;;
2021-01-29 01:00:00;;;
2021-01-29 02:00:00;;;
2021-01-29 03:00:00;;;
2021-01-29 04:00:00;;;
2021-01-29 05:00:00;;;
2021-01-29 06:00:00;;;
2021-01-29 07:00:00;;;
2021-01-29 08:00:00;;;
2021-01-29 09:00:00;;;
2021-01-29 10:00:00;;;
2021-01-29 11:00:00;;;
2021-01-29 12:00:00;;;
2021-01-29 13:00:00;;;
2021-01-29 14:00:00;;;
2021-01-29 15:00:00;;;
2021-01-29 16:00:00;;;
2021-01-29 17:00:00;;;
2021-01-29 18:00:00;;;
2021-01-29 19:00:00;;;
2021-01-29 20:00:00;;;
2021-01-29 21:00:00;;;
2021-01-29 22:00:00;;;
2021-01-29 23:00:00;;;
2021-01-30 00:00:00;;;
2021-01-30 01:00:00;;;
2021-01-30 02:00:00;;;
2021-01-30 03:00:00;;;
2021-01-30 04:00:00;;;
2021-01-30 05:00:00;;;
2021-01-30 06:00:00;;;
2021-01-30 07:00:00;;;
2021-01-30 08:00:00;;;
2021-01-30 09:00:00;;;
2021-01-30 10:00:00;;;
2021-01-30 11:00:00;;;
2021-01-30 12:00:00;;;
2021-01-30 13:00:00;;;
2021-01-30 14:00:00;;;
2021-01-30 15:00:00;;;
2021-01-30 16:00:00;;;
2021-01-30 17:00:00;;;
2021-01-30 18:00:00;;;
2021-01-30 19:00:00;;;
2021-01-30 20:00:00;;;
2021-01-30 21:00:00;;;
2021-01-30 22:00:00;;;
2021-01-30 23:00:00;;;
2021-01-31 00:00:00;;;
2021-01-31 01:00:00;;;
2021-01-31 02:00:00;;;
2021-01-31 03:00:00;;;
2021-01-31 04:00:00;;;
2021-01-31 05:00:00;;;
2021-01-31 06:00:00;;;
2021-01-31 07:00:00;;;
2021-01-31 08:00:00;;;
2021-01-31 09:00:00;;;
2021-01-31 10:00:00;;;
2021-01-31 11:00:00;;;
2021-01-31 12:00:00;;;
2021-01-31 13:00:00;;;
2021-01-31 14:00:00;;;
2021-01-31 15:00:00;;;
2021-01-31 16:00:00;;;
2021-01-31 17:00:00;;;
2021-01-31 18:00:00;;;
2021-01-31 19:00:00;;;
2021-01-31 20:00:00;;;
2021-01-31 21:00:00;;;
2021-01-31 22:00:00;;;
2021-01-31 23:00:00;;;
2021-02-01 00:00:00;;;
2021-02-01 01:00:00;;;
2021-02-01 02:00:00;;;
2021-02-01 03:00:00;;;
2021-02-01 04:00:00;;;
2021-02-01 05:00:00;;;
2021-02-01 06:00:00;;;
2021-02-01 07:00:00;;;
2021-02-01 08:00:00;;;
2021-02-01 09:00:00;;;
2021-02-01 10:00:00;;;
2021-02-01 11:00:00;;;
2021-02-01 12:00:00;;;
2021-02-01 13:00:00;;;
2021-02-01 14:00:00;;;
2021-02-01 15:00:00;;;
2021-02-01 16:00:00;;;
2021-02-01 17:00:00;;;
2021-02-01 18:00:00;;;
2021-02-01 19:00:00;;;
2021-02-01 20:00:00;;;
2021-02-01 21:00:00;;;
2021-02-01 22:00:00;;;
2021-02-01 23:00:00;;;
2021-02-02 00:00:00;;;
2021-02-02 01:00:00;;;
2021-02-02 02:00:00;;;
2021-02-02 03:00:00;;;
2021-02-02 04:00:00;;;
2021-02-02 05:00:00;;;
2021-02-02 06:00:00;;;
2021-02-02 07:00:00;;;
2021-02-02 08:00:00;;;
2021-02-02 09:00:00;;;
2021-02-02 10:00:00;;;
2021-02-02 11:00:00;;;
2021-02-02 12:00:00;;;
2021-02-02 13:00:00;;;
2021-02-02 14:00:00;;;
2021-02-02 15:00:00;;;
2021-02-02 16:00:00;;;
2021-02-02 17:00:00;;;
2021-02-02 18:00:00;;;
2021-02-02 19:00:00;;;
2021-02-02 20:00:00;;;
2021-02-02 21:00:00;;;
2021-02-02 22:00:00;;;
2021-02-02 23:00:00;;;
2021-02-03 00:00:00;;;
2021-02-03 01:00:00;;;
2021-02-03 02:00:00;;;
2021-02-03 03:00:00;;;
2021-02-03 04:00:00;;;
2021-02-03 05:00:00;;;
2021-02-03 06:00:00;;;
2021-02-03 07:00:00;;;
2021-02-03 08:00:00;;;
2021-02-03 09:00:00;;;
2021-02-03 10:00:00;;;
2021-02-03 11:00:00;;;
2021-02-03 12:00:00;;;
2021-02-03 13:00:00;;;
2021-02-03 14:00:00;;;
2021-02-03 15:00:00;;;
2021-02-03 16:00:00;;;
2021-02-03 17:00:00;;;
2021-02-03 18:00:00;;;
2021-02-03 19:00:00;;;
2021-02-03 20:00:00;;;
2021-02-03 21:00:00;;;
2021-02-03 22:00:00;;;
2021-02-03 23:00:00;;;
2021-02-04 00:00:00;;;
2021-02-04 01:00:00;;;
2021-02-04 02:00:00;;;
2021-02-04 03:00:00;;;
2021-02-04 04:00:00;;;
2021-02-04 05:00:00;;;
2021-02-04 06:00:00;;;
2021-02-04 07:00:00;;;
2021-02-04 08:00:00;;;
2021-02-04 09:00:00;;;
2021-02-04 10:00:00;;;
2021-02-04 11:00:00;;;
2021-02-04 12:00:00;;;
2021-02-04 13:00:00;;;
2021-02-04 14:00:00;;;
2021-02-04 15:00:00;;;
2021-02-04 16:00:00;;;
2021-02-04 17:00:00;;;
2021-02-04 18:00:00;;;
2021-02-04 19:00:00;;;
2021-02-04 20:00:00;;;
2021-02-04 21:00:00;;;
2021-02-04 22:00:00;;;
2021-02-04 23:00:00;;;
2021-02-05 00:00:00;;;
2021-02-05 01:00:00;;;
2021-02-05 02:00:00;;;
2021-02-05 03:00:00;;;
2021-02-05 04:00:00;;;
2021-02-05 05:00:00;;;
2021-02-05 06:00:00;;;
2021-02-05 07:00:00;;;
2021-02-05 08:00:00;;;
2021-02-05 09:00:00;;;
2021-02-05 10:00:00;;;
2021-02-05 11:00:00;;;
2021-02-05 12:00:00;;;
2021-02-05 13:00:00;;;
2021-02-05 14:00:00;;;
2021-02-05 15:00:00;;;
2021-02-05 16:00:00;;;
2021-02-05 17:00:00;;;
2021-02-05 18:00:00;;;
2021-02-05 19:00:00;;;
2021-02-05 20:00:00;;;
2021-02-05 21:00:00;;;
2021-02-05 22:00:00;;;
2021-02-05 23:00:00;;;
2021-02-06 00:00:00;;;
2021-02-06 01:00:00;;;
2021-02-06 02:00:00;;;
2021-02-06 03:00:00;;;
2021-02-06 04:00:00;;;
2021-02-06 05:00:00;;;
2021-02-06 06:00:00;;;
2021-02-06 07:00:00;;;
2021-02-06 08:00:00;;;
2021-02-06 09:00:00;;;
2021-02-06 10:00:00;;;
2021-02-06 11:00:00;;;
2021-02-06 12:00:00;;;
2021-02-06 13:00:00;;;
2021-02-06 14:00:00;;;
2021-02-06 15:00:00;;;
2021-02-06 16:00:00;;;
2021-02-06 17:00:00;;;
2021-02-06 18:00:00;;;
2021-02-06 19:00:00;;;
2021-02-06 20:00:00;;;
2021-02-06 21:00:00;;;
2021-02-06 22:00:00;;;
2021-02-06 23:00:00;;;
2021-02-07 00:00:00;;;
2021-02-07 01:00:00;;;
2021-02-07 02:00:00;;;
2021-02-07 03:00:00;;;
2021-02-07 04:00:00;;;
2021-02-07 05:00:00;;;
2021-02-07 06:00:00;;;
2021-02-07 07:00:00;;;
2021-02-07 08:00:00;;;
2021-02-07 09:00:00;;;
2021-02-07 10:00:00;;;
2021-02-07 11:00:00;;;
2021-02-07 12:00:00;;;
2021-02-07 13:00:00;;;
2021-02-07 14:00:00;;;
2021-02-07 15:00:00;;;
2021-02-07 16:00:00;;;
2021-02-07 17:00:00;;;
2021-02-07 18:00:00;;;
2021-02-07 19:00:00;;;
2021-02-07 20:00:00;;;
2021-02-07 21:00:00;;;
2021-02-07 22:00:00;;;
2021-02-07 23:00:00;;;
2021-02-08 00:00:00;;;
2021-02-08 01:00:00;;;
2021-02-08 02:00:00;;;
2021-02-08 03:00:00;;;
2021-02-08 04:00:00;;;
2021-02-08 05:00:00;;;
2021-02-08 06:00:00;;;
2021-02-08 07:00:00;;;
2021-02-08 08:00:00;;;
2021-02-08 09:00:00;;;
2021-02-08 10:00:00;;;
2021-02-08 11:00:00;;;
2021-02-08 12:00:00;;;
2021-02-08 13:00:00;;;
2021-02-08 14:00:00;;;
2021-02-08 15:00:00;;;
2021-02-08 16:00:00;;;
2021-02-08 17:00:00;;;
2021-02-08 18:00:00;;;
2021-02-08 19:00:00;;;
2021-02-08 20:00:00;;;
2021-02-08 21:00:00;;;
2021-02-08 22:00:00;;;
2021-02-08 23:00:00;;;
2021-02-09 00:00:00;;;
2021-02-09 01:00:00;;;
2021-02-09 02:00:00;;;
2021-02-09 03:00:00;;;
2021-02-09 04:00:00;;;
2021-02-09 05:00:00;;;
2021-02-09 06:00:00;;;
2021-02-09 07:00:00;;;
2021-02-09 08:00:00;;;
2021-02-09 09:00:00;;;
2021-02-09 10:00:00;;;
2021-02-09 11:00:00;;;
2021-02-09 12:00:00;;;
2021-02-09 13:00:00;;;
2021-02-09 14:00:00;;;
2021-02-09 15:00:00;;;
2021-02-09 16:00:00;;;
2021-02-09 17:00:00;;;
2021-02-09 18:00:00;;;
2021-02-09 19:00:00;;;
2021-02-09 20:00:00;;;
2021-02-09 21:00:00;;;
2021-02-09 22:00:00;;;
2021-02-09 23:00:00;;;
2021-02-10 00:00:00;;;
2021-02-10 01:00:00;;;
2021-02-10 02:00:00;;;
2021-02-10 03:00:00;;;
2021-02-10 04:00:00;;;
2021-02-10 05:00:00;;;
2021-02-10 06:00:00;;;
2021-02-10 07:00:00;;;
2021-02-10 08:00:00;;;
2021-02-10 09:00:00;;;
2021-02-10 10:00:00;;;
2021-02-10 11:00:00;;;
2021-02-10 12:00:00;;;
2021-02-10 13:00:00;;;
2021-02-10 14:00:00;;;
2021-02-10 15:00:00;;;
2021-02-10 16:00:00;;;
2021-02-10 17:00:00;;;
2021-02-10 18:00:00;;;
2021-02-10 19:00:00;;;
2021-02-10 20:00:00;;;
2021-02-10 21:00:00;;;
2021-02-10 22:00:00;;;
2021-02-10 23:00:00;;;
2021-02-11 00:00:00;;;
2021-02-11 01:00:00;;;
2021-02-11 02:00:00;;;
2021-02-11 03:00:00;;;
2021-02-11 04:00:00;;;
2021-02-11 05:00:00;;;
2021-02-11 06:00:00;;;
2021-02-11 07:00:00;;;
2021-02-11 08:00:00;;;
2021-02-11 09:00:00;;;
2021-02-11 10:00:00;;;
2021-02-11 11:00:00;;;
2021-02-11 12:00:00;;;
2021-02-11 13:00:00;;;
2021-02-11 14:00:00;;;
2021-02-11 15:00:00;;;
2021-02-11 16:00:00;;;
2021-02-11 17:00:00;;;
2021-02-11 18:00:00;;;
2021-02-11 19:00:00;;;
2021-02-11 20:00:00;;;
2021-02-11 21:00:00;;;
2021-02-11 22:00:00;;;
2021-02-11 23:00:00;;;
2021-02-12 00:00:00;;;
2021-02-12 01:00:00;;;
2021-02-12 02:00:00;;;
2021-02-12 03:00:00;;;
2021-02-12 04:00:00;;;
2021-02-12 05:00:00;;;
2021-02-12 06:00:00;;;
2021-02-12 07:00:00;;;
2021-02-12 08:00:00;;;
2021-02-12 09:00:00;;;
2021-02-12 10:00:00;;;
2021-02-12 11:00:00;;;
2021-02-12 12:00:00;;;
2021-02-12 13:00:00;;;
2021-02-12 14:00:00;;;
2021-02-12 15:00:00;;;
2021-02-12 16:00:00;;;
2021-02-12 17:00:00;;;
2021-02-12 18:00:00;;;
2021-02-12 19:00:00;;;
2021-02-12 20:00:00;;;
2021-02-12 21:00:00;;;
2021-02-12 22:00:00;;;
2021-02-12 23:00:00;;;
2021-02-13 00:00:00;;;
2021-02-13 01:00:00;;;
2021-02-13 02:00:00;;;
2021-02-13 03:00:00;;;
2021-02-13 04:00:00;;;
2021-02-13 05:00:00;;;
2021-02-13 06:00:00;;;
2021-02-13 07:00:00;;;
2021-02-13 08:00:00;;;
2021-02-13 09:00:00;;;
2021-02-13 10:00:00;;;
2021-02-13 11:00:00;;;
2021-02-13 12:00:00;;;
2021-02-13 13:00:00;;;
2021-02-13 14:00:00;;;
2021-02-13 15:00:00;;;
2021-02-13 16:00:00;;;
2021-02-13 17:00:00;;;
2021-02-13 18:00:00;;;
2021-02-13 19:00:00;;;
2021-02-13 20:00:00;;;
2021-02-13 21:00:00;;;
2021-02-13 22:00:00;;;
2021-02-13 23:00:00;;;
2021-02-14 00:00:00;;;
2021-02-14 01:00:00;;;
2021-02-14 02:00:00;;;
2021-02-14 03:00:00;;;
2021-02-14 04:00:00;;;
2021-02-14 05:00:00;;;
2021-02-14 06:00:00;;;
2021-02-14 07:00:00;;;
2021-02-14 08:00:00;;;
2021-02-14 09:00:00;;;
2021-02-14 10:00:00;;;
2021-02-14 11:00:00;;;
2021-02-14 12:00:00;;;
2021-02-14 13:00:00;;;
2021-02-14 14:00:00;;;
2021-02-14 15:00:00;;;
2021-02-14 16:00:00;;;
2021-02-14 17:00:00;;;
2021-02-14 18:00:00;;;
2021-02-14 19:00:00;;;
2021-02-14 20:00:00;;;
2021-02-14 21:00:00;;;
2021-02-14 22:00:00;;;
2021-02-14 23:00:00;;;
2021-02-15 00:00:00;;;
2021-02-15 01:00:00;;;
2021-02-15 02:00:00;;;
2021-02-15 03:00:00;;;
2021-02-15 04:00:00;;;
2021-02-15 05:00:00;;;
2021-02-15 06:00:00;;;
2021-02-15 07:00:00;;;
2021-02-15 08:00:00;;;
2021-02-15 09:00:00;;;
2021-02-15 10:00:00;;;
2021-02-15 11:00:00;;;
2021-02-15 12:00:00;;;
2021-02-15 13:00:00;;;
2021-02-15 14:00:00;;;
2021-02-15 15:00:00;;;
2021-02-15 16:00:00;;;
2021-02-15 17:00:00;;;
2021-02-15 18:00:00;;;
2021-02-15 19:00:00;;;
2021-02-15 20:00:00;;;
2021-02-15 21:00:00;;;
2021-02-15 22:00:00;;;
2021-02-15 23:00:00;;;
2021-02-16 00:00:00;;;
2021-02-16 01:00:00;;;
2021-02-16 02:00:00;;;
2021-02-16 03:00:00;;;
2021-02-16 04:00:00;;;
2021-02-16 05:00:00;;;
2021-02-16 06:00:00;;;
2021-02-16 07:00:00;;;
2021-02-16 08:00:00;;;
2021-02-16 09:00:00;;;
2021-02-16 10:00:00;;;
2021-02-16 11:00:00;;;
2021-02-16 12:00:00;;;
2021-02-16 13:00:00;;;
2021-02-16 14:00:00;;;
2021-02-16 15:00:00;;;
2021-02-16 16:00:00;;;
2021-02-16 17:00:00;;;
2021-02-16 18:00:00;;;
2021-02-16 19:00:00;;;
2021-02-16 20:00:00;;;
2021-02-16 21:00:00;;;
2021-02-16 22:00:00;;;
2021-02-16 23:00:00;;;
2021-02-17 00:00:00;;;
2021-02-17 01:00:00;;;
2021-02-17 02:00:00;;;
2021-02-17 03:00:00;;;
2021-02-17 04:00:00;;;
2021-02-17 05:00:00;;;
2021-02-17 06:00:00;;;
2021-02-17 07:00:00;;;
2021-02-17 08:00:00;;;
2021-02-17 09:00:00;;;
2021-02-17 10:00:00;;;
2021-02-17 11:00:00;;;
2021-02-17 12:00:00;;;
2021-02-17 13:00:00;;;
2021-02-17 14:00:00;;;
2021-02-17 15:00:00;;;
2021-02-17 16:00:00;;;
2021-02-17 17:00:00;;;
2021-02-17 18:00:00;;;
2021-02-17 19:00:00;;;
2021-02-17 20:00:00;;;
2021-02-17 21:00:00;;;
2021-02-17 22:00:00;;;
2021-02-17 23:00:00;;;
2021-02-18 00:00:00;;;
2021-02-18 01:00:00;;;
2021-02-18 02:00:00;;;
2021-02-18 03:00:00;;;
2021-02-18 04:00:00;;;
2021-02-18 05:00:00;;;
2021-02-18 06:00:00;;;
2021-02-18 07:00:00;;;
2021-02-18 08:00:00;;;
2021-02-18 09:00:00;;;
2021-02-18 10:00:00;;;
2021-02-18 11:00:00;;;
2021-02-18 12:00:00;;;
2021-02-18 13:00:00;;;
2021-02-18 14:00:00;;;
2021-02-18 15:00:00;;;
2021-02-18 16:00:00;;;
2021-02-18 17:00:00;;;
2021-02-18 18:00:00;;;
2021-02-18 19:00:00;;;
2021-02-18 20:00:00;;;
2021-02-18 21:00:00;;;
2021-02-18 22:00:00;;;
2021-02-18 23:00:00;;;
2021-02-19 00:00:00;;;
2021-02-19 01:00:00;;;
2021-02-19 02:00:00;;;
2021-02-19 03:00:00;;;
2021-02-19 04:00:00;;;
2021-02-19 05:00:00;;;
2021-02-19 06:00:00;;;
2021-02-19 07:00:00;;;
2021-02-19 08:00:00;;;
2021-02-19 09:00:00;;;
2021-02-19 10:00:00;;;
2021-02-19 11:00:00;;;
2021-02-19 12:00:00;;;
2021-02-19 13:00:00;;;
2021-02-19 14:00:00;;;
2021-02-19 15:00:00;;;
2021-02-19 16:00:00;;;
2021-02-19 17:00:00;;;
2021-02-19 18:00:00;;;
2021-02-19 19:00:00;;;
2021-02-19 20:00:00;;;
2021-02-19 21:00:00;;;
2021-02-19 22:00:00;;;
2021-02-19 23:00:00;;;
2021-02-20 00:00:00;;;
2021-02-20 01:00:00;;;
2021-02-20 02:00:00;;;
2021-02-20 03:00:00;;;
2021-02-20 04:00:00;;;
2021-02-20 05:00:00;;;
2021-02-20 06:00:00;;;
2021-02-20 07:00:00;;;
2021-02-20 08:00:00;;;
2021-02-20 09:00:00;;;
2021-02-20 10:00:00;;;
2021-02-20 11:00:00;;;
2021-02-20 12:00:00;;;
2021-02-20 13:00:00;;;
2021-02-20 14:00:00;;;
2021-02-20 15:00:00;;;
2021-02-20 16:00:00;;;
2021-02-20 17:00:00;;;
2021-02-20 18:00:00;;;
2021-02-20 19:00:00;;;
2021-02-20 20:00:00;;;
2021-02-20 21:00:00;;;
2021-02-20 22:00:00;;;
2021-02-20 23:00:00;;;
2021-02-21 00:00:00;;;
2021-02-21 01:00:00;;;
2021-02-21 02:00:00;;;
2021-02-21 03:00:00;;;
2021-02-21 04:00:00;;;
2021-02-21 05:00:00;;;
2021-02-21 06:00:00;;;
2021-02-21 07:00:00;;;
2021-02-21 08:00:00;;;
2021-02-21 09:00:00;;;
2021-02-21 10:00:00;;;
2021-02-21 11:00:00;;;
2021-02-21 12:00:00;;;
2021-02-21 13:00:00;;;
2021-02-21 14:00:00;;;
2021-02-21 15:00:00;;;
2021-02-21 16:00:00;;;
2021-02-21 17:00:00;;;
2021-02-21 18:00:00;;;
2021-02-21 19:00:00;;;
2021-02-21 20:00:00;;;
2021-02-21 21:00:00;;;
2021-02-21 22:00:00;;;
2021-02-21 23:00:00;;;
2021-02-22 00:00:00;;;
2021-02-22 01:00:00;;;
2021-02-22 02:00:00;;;
2021-02-22 03:00:00;;;
2021-02-22 04:00:00;;;
2021-02-22 05:00:00;;;
2021-02-22 06:00:00;;;
2021-02-22 07:00:00;;;
2021-02-22 08:00:00;;;
2021-02-22 09:00:00;;;
2021-02-22 10:00:00;;;
2021-02-22 11:00:00;;;
2021-02-22 12:00:00;;;
2021-02-22 13:00:00;;;
2021-02-22 14:00:00;;;
2021-02-22 15:00:00;;;
2021-02-22 16:00:00;;;
2021-02-22 17:00:00;;;
2021-02-22 18:00:00;;;
2021-02-22 19:00:00;;;
2021-02-22 20:00:00;;;
2021-02-22 21:00:00;;;
2021-02-22 22:00:00;;;
2021-02-22 23:00:00;;;
2021-02-23 00:00:00;;;
2021-02-23 01:00:00;;;
2021-02-23 02:00:00;;;
2021-02-23 03:00:00;;;
2021-02-23 04:00:00;;;
2021-02-23 05:00:00;;;
2021-02-23 06:00:00;;;
2021-02-23 07:00:00;;;
2021-02-23 08:00:00;;;
2021-02-23 09:00:00;;;
2021-02-23 10:00:00;;;
2021-02-23 11:00:00;;;
2021-02-23 12:00:00;;;
2021-02-23 13:00:00;;;
2021-02-23 14:00:00;;;
2021-02-23 15:00:00;;;
2021-02-23 16:00:00;;;
2021-02-23 17:00:00;;;
2021-02-23 18:00:00;;;
2021-02-23 19:00:00;;;
2021-02-23 20:00:00;;;
2021-02-23 21:00:00;;;
2021-02-23 22:00:00;;;
2021-02-23 23:00:00;;;
2021-02-24 00:00:00;;;
2021-02-24 01:00:00;;;
2021-02-24 02:00:00;;;
2021-02-24 03:00:00;;;
2021-02-24 04:00:00;;;
2021-02-24 05:00:00;;;
2021-02-24 06:00:00;;;
2021-02-24 07:00:00;;;
2021-02-24 08:00:00;;;
2021-02-24 09:00:00;;;
2021-02-24 10:00:00;;;
2021-02-24 11:00:00;;;
2021-02-24 12:00:00;;;
2021-02-24 13:00:00;;;
2021-02-24 14:00:00;;;
2021-02-24 15:00:00;;;
2021-02-24 16:00:00;;;
2021-02-24 17:00:00;;;
2021-02-24 18:00:00;;;
2021-02-24 19:00:00;;;
2021-02-24 20:00:00;;;
2021-02-24 21:00:00;;;
2021-02-24 22:00:00;;;
2021-02-24 23:00:00;;;
2021-02-25 00:00:00;;;
2021-02-25 01:00:00;;;
2021-02-25 02:00:00;;;
2021-02-25 03:00:00;;;
2021-02-25 04:00:00;;;
2021-02-25 05:00:00;;;
2021-02-25 06:00:00;;;
2021-02-25 07:00:00;;;
2021-02-25 08:00:00;;;
2021-02-25 09:00:00;;;
2021-02-25 10:00:00;;;
2021-02-25 11:00:00;;;
2021-02-25 12:00:00;;;
2021-02-25 13:00:00;;;
2021-02-25 14:00:00;;;
2021-02-25 15:00:00;;;
2021-02-25 16:00:00;;;
2021-02-25 17:00:00;;;
2021-02-25 18:00:00;;;
2021-02-25 19:00:00;;;
2021-02-25 20:00:00;;;
2021-02-25 21:00:00;;;
2021-02-25 22:00:00;;;
2021-02-25 23:00:00;;;
2021-02-26 00:00:00;;;
2021-02-26 01:00:00;;;
2021-02-26 02:00:00;;;
2021-02-26 03:00:00;;;
2021-02-26 04:00:00;;;
2021-02-26 05:00:00;;;
2021-02-26 06:00:00;;;
2021-02-26 07:00:00;;;
2021-02-26 08:00:00;;;
2021-02-26 09:00:00;;;
2021-02-26 10:00:00;;;
2021-02-26 11:00:00;;;
2021-02-26 12:00:00;;;
2021-02-26 13:00:00;;;
2021-02-26 14:00:00;;;
2021-02-26 15:00:00;;;
2021-02-26 16:00:00;;;
2021-02-26 17:00:00;;;
2021-02-26 18:00:00;;;
2021-02-26 19:00:00;;;
2021-02-26 20:00:00;;;
2021-02-26 21:00:00;;;
2021-02-26 22:00:00;;;
2021-02-26 23:00:00;;;
2021-02-27 00:00:00;;;
2021-02-27 01:00:00;;;
2021-02-27 02:00:00;;;
2021-02-27 03:00:00;;;
2021-02-27 04:00:00;;;
2021-02-27 05:00:00;;;
2021-02-27 06:00:00;;;
2021-02-27 07:00:00;;;
2021-02-27 08:00:00;;;
2021-02-27 09:00:00;;;
2021-02-27 10:00:00;;;
2021-02-27 11:00:00;;;
2021-02-27 12:00:00;;;
2021-02-27 13:00:00;;;
2021-02-27 14:00:00;;;
2021-02-27 15:00:00;;;
2021-02-27 16:00:00;;;
2021-02-27 17:00:00;;;
2021-02-27 18:00:00;;;
2021-02-27 19:00:00;;;
2021-02-27 20:00:00;;;
2021-02-27 21:00:00;;;
2021-02-27 22:00:00;;;
2021-02-27 23:00:00;;;
2021-02-28 00:00:00;;;
2021-02-28 01:00:00;;;
2021-02-28 02:00:00;;;
2021-02-28 03:00:00;;;
2021-02-28 04:00:00;;;
2021-02-28 05:00:00;;;
2021-02-28 06:00:00;;;
2021-02-28 07:00:00;;;
2021-02-28 08:00:00;;;
2021-02-28 09:00:00;;;
2021-02-28 10:00:00;;;
2021-02-28 11:00:00;;;
2021-02-28 12:00:00;;;
2021-02-28 13:00:00;;;
2021-02-28 14:00:00;;;
2021-02-28 15:00:00;;;
2021-02-28 16:00:00;;;
2021-02-28 17:00:00;;;
2021-02-28 18:00:00;;;
2021-02-28 19:00:00;;;
2021-02-28 20:00:00;;;
2021-02-28 21:00:00;;;
2021-02-28 22:00:00;;;
2021-02-28 23:00:00;;;
2021-03-01 00:00:00;;;
2021-03-01 01:00:00;;;
2021-03-01 02:00:00;;;
2021-03-01 03:00:00;;;
2021-03-01 04:00:00;;;
2021-03-01 05:00:00;;;
2021-03-01 06:00:00;;;
2021-03-01 07:00:00;;;
2021-03-01 08:00:00;;;
2021-03-01 09:00:00;;;
2021-03-01 10:00:00;;;
2021-03-01 11:00:00;;;
2021-03-01 12:00:00;;;
2021-03-01 13:00:00;;;
2021-03-01 14:00:00;;;
2021-03-01 15:00:00;;;
2021-03-01 16:00:00;;;
2021-03-01 17:00:00;;;
2021-03-01 18:00:00;;;
2021-03-01 19:00:00;;;
2021-03-01 20:00:00;;;
2021-03-01 21:00:00;;;
2021-03-01 22:00:00;;;
2021-03-01 23:00:00;;;
2021-03-02 00:00:00;;;
2021-03-02 01:00:00;;;
2021-03-02 02:00:00;;;
2021-03-02 03:00:00;;;
2021-03-02 04:00:00;;;
2021-03-02 05:00:00;;;
2021-03-02 06:00:00;;;
2021-03-02 07:00:00;;;
2021-03-02 08:00:00;;;
2021-03-02 09:00:00;;;
2021-03-02 10:00:00;;;
2021-03-02 11:00:00;;;
2021-03-02 12:00:00;;;
2021-03-02 13:00:00;;;
2021-03-02 14:00:00;;;
2021-03-02 15:00:00;;;
2021-03-02 16:00:00;;;
2021-03-02 17:00:00;;;
2021-03-02 18:00:00;;;
2021-03-02 19:00:00;;;
2021-03-02 20:00:00;;;
2021-03-02 21:00:00;;;
2021-03-02 22:00:00;;;
2021-03-02 23:00:00;;;
2021-03-03 00:00:00;;;
2021-03-03 01:00:00;;;
2021-03-03 02:00:00;;;
2021-03-03 03:00:00;;;
2021-03-03 04:00:00;;;
2021-03-03 05:00:00;;;
2021-03-03 06:00:00;;;
2021-03-03 07:00:00;;;
2021-03-03 08:00:00;;;
2021-03-03 09:00:00;;;
2021-03-03 10:00:00;;;
2021-03-03 11:00:00;;;
2021-03-03 12:00:00;;;
2021-03-03 13:00:00;;;
2021-03-03 14:00:00;;;
2021-03-03 15:00:00;;;
2021-03-03 16:00:00;;;
2021-03-03 17:00:00;;;
2021-03-03 18:00:00;;;
2021-03-03 19:00:00;;;
2021-03-03 20:00:00;;;
2021-03-03 21:00:00;;;
2021-03-03 22:00:00;;;
2021-03-03 23:00:00;;;
2021-03-04 00:00:00;;;
2021-03-04 01:00:00;;;
2021-03-04 02:00:00;;;
2021-03-04 03:00:00;;;
2021-03-04 04:00:00;;;
2021-03-04 05:00:00;;;
2021-03-04 06:00:00;;;
2021-03-04 07:00:00;;;
2021-03-04 08:00:00;;;
2021-03-04 09:00:00;;;
2021-03-04 10:00:00;;;
2021-03-04 11:00:00;;;
2021-03-04 12:00:00;;;
2021-03-04 13:00:00;;;
2021-03-04 14:00:00;;;
2021-03-04 15:00:00;;;
2021-03-04 16:00:00;;;
2021-03-04 17:00:00;;;
2021-03-04 18:00:00;;;
2021-03-04 19:00:00;;;
2021-03-04 20:00:00;;;
2021-03-04 21:00:00;;;
2021-03-04 22:00:00;;;
2021-03-04 23:00:00;;;
2021-03-05 00:00:00;;;
2021-03-05 01:00:00;;;
2021-03-05 02:00:00;;;
2021-03-05 03:00:00;;;
2021-03-05 04:00:00;;;
2021-03-05 05:00:00;;;
2021-03-05 06:00:00;;;
2021-03-05 07:00:00;;;
2021-03-05 08:00:00;;;
2021-03-05 09:00:00;;;
2021-03-05 10:00:00;;;
2021-03-05 11:00:00;;;
2021-03-05 12:00:00;;;
2021-03-05 13:00:00;;;
2021-03-05 14:00:00;;;
2021-03-05 15:00:00;;;
2021-03-05 16:00:00;;;
2021-03-05 17:00:00;;;
2021-03-05 18:00:00;;;
2021-03-05 19:00:00;;;
2021-03-05 20:00:00;;;
2021-03-05 21:00:00;;;
2021-03-05 22:00:00;;;
2021-03-05 23:00:00;;;
2021-03-06 00:00:00;;;
2021-03-06 01:00:00;;;
2021-03-06 02:00:00;;;
2021-03-06 03:00:00;;;
2021-03-06 04:00:00;;;
2021-03-06 05:00:00;;;
2021-03-06 06:00:00;;;
2021-03-06 07:00:00;;;
2021-03-06 08:00:00;;;
2021-03-06 09:00:00;;;
2021-03-06 10:00:00;;;
2021-03-06 11:00:00;;;
2021-03-06 12:00:00;;;
2021-03-06 13:00:00;;;
2021-03-06 14:00:00;;;
2021-03-06 15:00:00;;;
2021-03-06 16:00:00;;;
2021-03-06 17:00:00;;;
2021-03-06 18:00:00;;;
2021-03-06 19:00:00;;;
2021-03-06 20:00:00;;;
2021-03-06 21:00:00;;;
2021-03-06 22:00:00;;;
2021-03-06 23:00:00;;;
2021-03-07 00:00:00;;;
2021-03-07 01:00:00;;;
2021-03-07 02:00:00;;;
2021-03-07 03:00:00;;;
2021-03-07 04:00:00;;;
2021-03-07 05:00:00;;;
2021-03-07 06:00:00;;;
2021-03-07 07:00:00;;;
2021-03-07 08:00:00;;;
2021-03-07 09:00:00;;;
2021-03-07 10:00:00;;;
2021-03-07 11:00:00;;;
2021-03-07 12:00:00;;;
2021-03-07 13:00:00;;;
2021-03-07 14:00:00;;;
2021-03-07 15:00:00;;;
2021-03-07 16:00:00;;;
2021-03-07 17:00:00;;;
2021-03-07 18:00:00;;;
2021-03-07 19:00:00;;;
2021-03-07 20:00:00;;;
2021-03-07 21:00:00;;;
2021-03-07 22:00:00;;;
2021-03-07 23:00:00;;;
2021-03-08 00:00:00;;;
2021-03-08 01:00:00;;;
2021-03-08 02:00:00;;;
2021-03-08 03:00:00;;;
2021-03-08 04:00:00;;;
2021-03-08 05:00:00;;;
2021-03-08 06:00:00;;;
2021-03-08 07:00:00;;;
2021-03-08 08:00:00;;;
2021-03-08 09:00:00;;;
2021-03-08 10:00:00;;;
2021-03-08 11:00:00;;;
2021-03-08 12:00:00;;;
2021-03-08 13:00:00;;;
2021-03-08 14:00:00;;;
2021-03-08 15:00:00;;;
2021-03-08 16:00:00;;;
2021-03-08 17:00:00;;;
2021-03-08 18:00:00;;;
2021-03-08 19:00:00;;;
2021-03-08 20:00:00;;;
2021-03-08 21:00:00;;;
2021-03-08 22:00:00;;;
2021-03-08 23:00:00;;;
2021-03-09 00:00:00;;;
2021-03-09 01:00:00;;;
2021-03-09 02:00:00;;;
2021-03-09 03:00:00;;;
2021-03-09 04:00:00;;;
2021-03-09 05:00:00;;;
2021-03-09 06:00:00;;;
2021-03-09 07:00:00;;;
2021-03-09 08:00:00;;;
2021-03-09 09:00:00;;;
2021-03-09 10:00:00;;;
2021-03-09 11:00:00;;;
2021-03-09 12:00:00;;;
2021-03-09 13:00:00;;;
2021-03-09 14:00:00;;;
2021-03-09 15:00:00;;;
2021-03-09 16:00:00;;;
2021-03-09 17:00:00;;;
2021-03-09 18:00:00;;;
2021-03-09 19:00:00;;;
2021-03-09 20:00:00;;;
2021-03-09 21:00:00;;;
2021-03-09 22:00:00;;;
2021-03-09 23:00:00;;;
2021-03-10 00:00:00;;;
2021-03-10 01:00:00;;;
2021-03-10 02:00:00;;;
2021-03-10 03:00:00;;;
2021-03-10 04:00:00;;;
2021-03-10 05:00:00;;;
2021-03-10 06:00:00;;;
2021-03-10 07:00:00;;;
2021-03-10 08:00:00;;;
2021-03-10 09:00:00;;;
2021-03-10 10:00:00;;;
2021-03-10 11:00:00;;;
2021-03-10 12:00:00;;;
2021-03-10 13:00:00;;;
2021-03-10 14:00:00;;;
2021-03-10 15:00:00;;;
2021-03-10 16:00:00;;;
2021-03-10 17:00:00;;;
2021-03-10 18:00:00;;;
2021-03-10 19:00:00;;;
2021-03-10 20:00:00;;;
2021-03-10 21:00:00;;;
2021-03-10 22:00:00;;;
2021-03-10 23:00:00;;;
2021-03-11 00:00:00;;;
2021-03-11 01:00:00;;;
2021-03-11 02:00:00;;;
2021-03-11 03:00:00;;;
2021-03-11 04:00:00;;;
2021-03-11 05:00:00;;;
2021-03-11 06:00:00;;;
2021-03-11 07:00:00;;;
2021-03-11 08:00:00;;;
2021-03-11 09:00:00;;;
2021-03-11 10:00:00;;;
2021-03-11 11:00:00;;;
2021-03-11 12:00:00;;;
2021-03-11 13:00:00;;;
2021-03-11 14:00:00;;;
2021-03-11 15:00:00;;;
2021-03-11 16:00:00;;;
2021-03-11 17:00:00;;;
2021-03-11 18:00:00;;;
2021-03-11 19:00:00;;;
2021-03-11 20:00:00;;;
2021-03-11 21:00:00;;;
2021-03-11 22:00:00;;;
2021-03-11 23:00:00;;;
2021-03-12 00:00:00;;;
2021-03-12 01:00:00;;;
2021-03-12 02:00:00;;;
2021-03-12 03:00:00;;;
2021-03-12 04:00:00;;;
2021-03-12 05:00:00;;;
2021-03-12 06:00:00;;;
2021-03-12 07:00:00;;;
2021-03-12 08:00:00;;;
2021-03-12 09:00:00;;;
2021-03-12 10:00:00;;;
2021-03-12 11:00:00;;;
2021-03-12 12:00:00;;;
2021-03-12 13:00:00;;;
2021-03-12 14:00:00;;;
2021-03-12 15:00:00;;;
2021-03-12 16:00:00;;;
2021-03-12 17:00:00;;;
2021-03-12 18:00:00;;;
2021-03-12 19:00:00;;;
2021-03-12 20:00:00;;;
2021-03-12 21:00:00;;;
2021-03-12 22:00:00;;;
2021-03-12 23:00:00;;;
2021-03-13 00:00:00;;;
2021-03-13 01:00:00;;;
2021-03-13 02:00:00;;;
2021-03-13 03:00:00;;;
2021-03-13 04:00:00;;;
2021-03-13 05:00:00;;;
2021-03-13 06:00:00;;;
2021-03-13 07:00:00;;;
2021-03-13 08:00:00;;;
2021-03-13 09:00:00;;;
2021-03-13 10:00:00;;;
2021-03-13 11:00:00;;;
2021-03-13 12:00:00;;;
2021-03-13 13:00:00;;;
2021-03-13 14:00:00;;;
2021-03-13 15:00:00;;;
2021-03-13 16:00:00;;;
2021-03-13 17:00:00;;;
2021-03-13 18:00:00;;;
2021-03-13 19:00:00;;;
2021-03-13 20:00:00;;;
2021-03-13 21:00:00;;;
2021-03-13 22:00:00;;;
2021-03-13 23:00:00;;;
2021-03-14 00:00:00;;;
2021-03-14 01:00:00;;;
2021-03-14 02:00:00;;;
2021-03-14 03:00:00;;;
2021-03-14 04:00:00;;;
2021-03-14 05:00:00;;;
2021-03-14 06:00:00;;;
2021-03-14 07:00:00;;;
2021-03-14 08:00:00;;;
2021-03-14 09:00:00;;;
2021-03-14 10:00:00;;;
2021-03-14 11:00:00;;;
2021-03-14 12:00:00;;;
2021-03-14 13:00:00;;;
2021-03-14 14:00:00;;;
2021-03-14 15:00:00;;;
2021-03-14 16:00:00;;;
2021-03-14 17:00:00;;;
2021-03-14 18:00:00;;;
2021-03-14 19:00:00;;;
2021-03-14 20:00:00;;;
2021-03-14 21:00:00;;;
2021-03-14 22:00:00;;;
2021-03-14 23:00:00;;;
2021-03-15 00:00:00;;;
2021-03-15 01:00:00;;;
2021-03-15 02:00:00;;;
2021-03-15 03:00:00;;;
2021-03-15 04:00:00;;;
2021-03-15 05:00:00;;;
2021-03-15 06:00:00;;;
2021-03-15 07:00:00;;;
2021-03-15 08:00:00;;;
2021-03-15 09:00:00;;;
2021-03-15 10:00:00;;;
2021-03-15 11:00:00;;;
2021-03-15 12:00:00;;;
2021-03-15 13:00:00;;;
2021-03-15 14:00:00;;;
2021-03-15 15:00:00;;;
2021-03-15 16:00:00;;;
2021-03-15 17:00:00;;;
2021-03-15 18:00:00;;;
2021-03-15 19:00:00;;;
2021-03-15 20:00:00;;;
2021-03-15 21:00:00;;;
2021-03-15 22:00:00;;;
2021-03-15 23:00:00;;;
2021-03-16 00:00:00;;;
2021-03-16 01:00:00;;;
2021-03-16 02:00:00;;;
2021-03-16 03:00:00;;;
2021-03-16 04:00:00;;;
2021-03-16 05:00:00;;;
2021-03-16 06:00:00;;;
2021-03-16 07:00:00;;;
2021-03-16 08:00:00;;;
2021-03-16 09:00:00;;;
2021-03-16 10:00:00;;;
2021-03-16 11:00:00;;;
2021-03-16 12:00:00;;;
2021-03-16 13:00:00;;;
2021-03-16 14:00:00;;;
2021-03-16 15:00:00;;;
2021-03-16 16:00:00;;;
2021-03-16 17:00:00;;;
2021-03-16 18:00:00;;;
2021-03-16 19:00:00;;;
2021-03-16 20:00:00;;;
2021-03-16 21:00:00;;;
2021-03-16 22:00:00;;;
2021-03-16 23:00:00;;;
2021-03-17 00:00:00;;;
2021-03-17 01:00:00;;;
2021-03-17 02:00:00;;;
2021-03-17 03:00:00;;;
2021-03-17 04:00:00;;;
2021-03-17 05:00:00;;;
2021-03-17 06:00:00;;;
2021-03-17 07:00:00;;;
2021-03-17 08:00:00;;;
2021-03-17 09:00:00;;;
2021-03-17 10:00:00;;;
2021-03-17 11:00:00;;;
2021-03-17 12:00:00;;;
2021-03-17 13:00:00;;;
2021-03-17 14:00:00;;;
2021-03-17 15:00:00;;;
2021-03-17 16:00:00;;;
2021-03-17 17:00:00;;;
2021-03-17 18:00:00;;;
2021-03-17 19:00:00;;;
2021-03-17 20:00:00;;;
2021-03-17 21:00:00;;;
2021-03-17 22:00:00;;;
2021-03-17 23:00:00;;;
2021-03-18 00:00:00;;;
2021-03-18 01:00:00;;;
2021-03-18 02:00:00;;;
2021-03-18 03:00:00;;;
2021-03-18 04:00:00;;;
2021-03-18 05:00:00;;;
2021-03-18 06:00:00;;;
2021-03-18 07:00:00;;;
2021-03-18 08:00:00;;;
2021-03-18 09:00:00;;;
2021-03-18 10:00:00;;;
2021-03-18 11:00:00;;;
2021-03-18 12:00:00;;;
2021-03-18 13:00:00;;;
2021-03-18 14:00:00;;;
2021-03-18 15:00:00;;;
2021-03-18 16:00:00;;;
2021-03-18 17:00:00;;;
2021-03-18 18:00:00;;;
2021-03-18 19:00:00;;;
2021-03-18 20:00:00;;;
2021-03-18 21:00:00;;;
2021-03-18 22:00:00;;;
2021-03-18 23:00:00;;;
2021-03-19 00:00:00;;;
2021-03-19 01:00:00;;;
2021-03-19 02:00:00;;;
2021-03-19 03:00:00;;;
2021-03-19 04:00:00;;;
2021-03-19 05:00:00;;;
2021-03-19 06:00:00;;;
2021-03-19 07:00:00;;;
2021-03-19 08:00:00;;;
2021-03-19 09:00:00;;;
2021-03-19 10:00:00;;;
2021-03-19 11:00:00;;;
2021-03-19 12:00:00;;;
2021-03-19 13:00:00;;;
2021-03-19 14:00:00;;;
2021-03-19 15:00:00;;;
2021-03-19 16:00:00;;;
2021-03-19 17:00:00;;;
2021-03-19 18:00:00;;;
2021-03-19 19:00:00;;;
2021-03-19 20:00:00;;;
2021-03-19 21:00:00;;;
2021-03-19 22:00:00;;;
2021-03-19 23:00:00;;;
2021-03-20 00:00:00;;;
2021-03-20 01:00:00;;;
2021-03-20 02:00:00;;;
2021-03-20 03:00:00;;;
2021-03-20 04:00:00;;;
2021-03-20 05:00:00;;;
2021-03-20 06:00:00;;;
2021-03-20 07:00:00;;;
2021-03-20 08:00:00;;;
2021-03-20 09:00:00;;;
2021-03-20 10:00:00;;;
2021-03-20 11:00:00;;;
2021-03-20 12:00:00;;;
2021-03-20 13:00:00;;;
2021-03-20 14:00:00;;;
2021-03-20 15:00:00;;;
2021-03-20 16:00:00;;;
2021-03-20 17:00:00;;;
2021-03-20 18:00:00;;;
2021-03-20 19:00:00;;;
2021-03-20 20:00:00;;;
2021-03-20 21:00:00;;;
2021-03-20 22:00:00;;;
2021-03-20 23:00:00;;;
2021-03-21 00:00:00;;;
2021-03-21 01:00:00;;;
2021-03-21 02:00:00;;;
2021-03-21 03:00:00;;;
2021-03-21 04:00:00;;;
2021-03-21 05:00:00;;;
2021-03-21 06:00:00;;;
2021-03-21 07:00:00;;;
2021-03-21 08:00:00;;;
2021-03-21 09:00:00;;;
2021-03-21 10:00:00;;;
2021-03-21 11:00:00;;;
2021-03-21 12:00:00;;;
2021-03-21 13:00:00;;;
2021-03-21 14:00:00;;;
2021-03-21 15:00:00;;;
2021-03-21 16:00:00;;;
2021-03-21 17:00:00;;;
2021-03-21 18:00:00;;;
2021-03-21 19:00:00;;;
2021-03-21 20:00:00;;;
2021-03-21 21:00:00;;;
2021-03-21 22:00:00;;;
2021-03-21 23:00:00;;;
2021-03-22 00:00:00;;;
2021-03-22 01:00:00;;;
2021-03-22 02:00:00;;;
2021-03-22 03:00:00;;;
2021-03-22 04:00:00;;;
2021-03-22 05:00:00;;;
2021-03-22 06:00:00;;;
2021-03-22 07:00:00;;;
2021-03-22 08:00:00;;;
2021-03-22 09:00:00;;;
2021-03-22 10:00:00;;;
2021-03-22 11:00:00;;;
2021-03-22 12:00:00;;;
2021-03-22 13:00:00;;;
2021-03-22 14:00:00;;;
2021-03-22 15:00:00;;;
2021-03-22 16:00:00;;;
2021-03-22 17:00:00;;;
2021-03-22 18:00:00;;;
2021-03-22 19:00:00;;;
2021-03-22 20:00:00;;;
2021-03-22 21:00:00;;;
2021-03-22 22:00:00;;;
2021-03-22 23:00:00;;;
2021-03-23 00:00:00;;;
2021-03-23 01:00:00;;;
2021-03-23 02:00:00;;;
2021-03-23 03:00:00;;;
2021-03-23 04:00:00;;;
2021-03-23 05:00:00;;;
2021-03-23 06:00:00;;;
2021-03-23 07:00:00;;;
2021-03-23 08:00:00;;;
2021-03-23 09:00:00;;;
2021-03-23 10:00:00;;;
2021-03-23 11:00:00;;;
2021-03-23 12:00:00;;;
2021-03-23 13:00:00;;;
2021-03-23 14:00:00;;;
2021-03-23 15:00:00;;;
2021-03-23 16:00:00;;;
2021-03-23 17:00:00;;;
2021-03-23 18:00:00;;;
2021-03-23 19:00:00;;;
2021-03-23 20:00:00;;;
2021-03-23 21:00:00;;;
2021-03-23 22:00:00;;;
2021-03-23 23:00:00;;;
2021-03-24 00:00:00;;;
2021-03-24 01:00:00;;;
2021-03-24 02:00:00;;;
2021-03-24 03:00:00;;;
2021-03-24 04:00:00;;;
2021-03-24 05:00:00;;;
2021-03-24 06:00:00;;;
2021-03-24 07:00:00;;;
2021-03-24 08:00:00;;;
2021-03-24 09:00:00;;;
2021-03-24 10:00:00;;;
2021-03-24 11:00:00;;;
2021-03-24 12:00:00;;;
2021-03-24 13:00:00;;;
2021-03-24 14:00:00;;;
2021-03-24 15:00:00;;;
2021-03-24 16:00:00;;;
2021-03-24 17:00:00;;;
2021-03-24 18:00:00;;;
2021-03-24 19:00:00;;;
2021-03-24 20:00:00;;;
2021-03-24 21:00:00;;;
2021-03-24 22:00:00;;;
2021-03-24 23:00:00;;;
2021-03-25 00:00:00;;;
2021-03-25 01:00:00;;;
2021-03-25 02:00:00;;;
2021-03-25 03:00:00;;;
2021-03-25 04:00:00;;;
2021-03-25 05:00:00;;;
2021-03-25 06:00:00;;;
2021-03-25 07:00:00;;;
2021-03-25 08:00:00;;;
2021-03-25 09:00:00;;;
2021-03-25 10:00:00;;;
2021-03-25 11:00:00;;;
2021-03-25 12:00:00;;;
2021-03-25 13:00:00;;;
2021-03-25 14:00:00;;;
2021-03-25 15:00:00;;;
2021-03-25 16:00:00;;;
2021-03-25 17:00:00;;;
2021-03-25 18:00:00;;;
2021-03-25 19:00:00;;;
2021-03-25 20:00:00;;;
2021-03-25 21:00:00;;;
2021-03-25 22:00:00;;;
2021-03-25 23:00:00;;;
2021-03-26 00:00:00;;;
2021-03-26 01:00:00;;;
2021-03-26 02:00:00;;;
2021-03-26 03:00:00;;;
2021-03-26 04:00:00;;;
2021-03-26 05:00:00;;;
2021-03-26 06:00:00;;;
2021-03-26 07:00:00;;;
2021-03-26 08:00:00;;;
2021-03-26 09:00:00;;;
2021-03-26 10:00:00;;;
2021-03-26 11:00:00;;;
2021-03-26 12:00:00;;;
2021-03-26 13:00:00;;;
2021-03-26 14:00:00;;;
2021-03-26 15:00:00;;;
2021-03-26 16:00:00;;;
2021-03-26 17:00:00;;;
2021-03-26 18:00:00;;;
2021-03-26 19:00:00;;;
2021-03-26 20:00:00;;;
2021-03-26 21:00:00;;;
2021-03-26 22:00:00;;;
2021-03-26 23:00:00;;;
2021-03-27 00:00:00;;;
2021-03-27 01:00:00;;;
2021-03-27 02:00:00;;;
2021-03-27 03:00:00;;;
2021-03-27 04:00:00;;;
2021-03-27 05:00:00;;;
2021-03-27 06:00:00;;;
2021-03-27 07:00:00;;;
2021-03-27 08:00:00;;;
2021-03-27 09:00:00;;;
2021-03-27 10:00:00;;;
2021-03-27 11:00:00;;;
2021-03-27 12:00:00;;;
2021-03-27 13:00:00;;;
2021-03-27 14:00:00;;;
2021-03-27 15:00:00;;;
2021-03-27 16:00:00;;;
2021-03-27 17:00:00;;;
2021-03-27 18:00:00;;;
2021-03-27 19:00:00;;;
2021-03-27 20:00:00;;;
2021-03-27 21:00:00;;;
2021-03-27 22:00:00;;;
2021-03-27 23:00:00;;;
2021-03-28 00:00:00;;;
2021-03-28 01:00:00;;;
2021-03-28 02:00:00;;;
2021-03-28 03:00:00;;;
2021-03-28 04:00:00;;;
2021-03-28 05:00:00;;;
2021-03-28 06:00:00;;;
2021-03-28 07:00:00;;;
2021-03-28 08:00:00;;;
2021-03-28 09:00:00;;;
2021-03-28 10:00:00;;;
2021-03-28 11:00:00;;;
2021-03-28 12:00:00;;;
2021-03-28 13:00:00;;;
2021-03-28 14:00:00;;;
2021-03-28 15:00:00;;;
2021-03-28 16:00:00;;;
2021-03-28 17:00:00;;;
2021-03-28 18:00:00;;;
2021-03-28 19:00:00;;;
2021-03-28 20:00:00;;;
2021-03-28 21:00:00;;;
2021-03-28 22:00:00;;;
2021-03-28 23:00:00;;;
2021-03-29 00:00:00;;;
2021-03-29 01:00:00;;;
2021-03-29 02:00:00;;;
2021-03-29 03:00:00;;;
2021-03-29 04:00:00;;;
2021-03-29 05:00:00;;;
2021-03-29 06:00:00;;;
2021-03-29 07:00:00;;;
2021-03-29 08:00:00;;;
2021-03-29 09:00:00;;;
2021-03-29 10:00:00;;;
2021-03-29 11:00:00;;;
2021-03-29 12:00:00;;;
2021-03-29 13:00:00;;;
2021-03-29 14:00:00;;;
2021-03-29 15:00:00;;;
2021-03-29 16:00:00;;;
2021-03-29 17:00:00;;;
2021-03-29 18:00:00;;;
2021-03-29 19:00:00;;;
2021-03-29 20:00:00;;;
2021-03-29 21:00:00;;;
2021-03-29 22:00:00;;;
2021-03-29 23:00:00;;;
2021-03-30 00:00:00;;;
2021-03-30 01:00:00;;;
2021-03-30 02:00:00;;;
2021-03-30 03:00:00;;;
2021-03-30 04:00:00;;;
2021-03-30 05:00:00;;;
2021-03-30 06:00:00;;;
2021-03-30 07:00:00;;;
2021-03-30 08:00:00;;;
2021-03-30 09:00:00;;;
2021-03-30 10:00:00;;;
2021-03-30 11:00:00;;;
2021-03-30 12:00:00;;;
2021-03-30 13:00:00;;;
2021-03-30 14:00:00;;;
2021-03-30 15:00:00;;;
2021-03-30 16:00:00;;;
2021-03-30 17:00:00;;;
2021-03-30 18:00:00;;;
2021-03-30 19:00:00;;;
2021-03-30 20:00:00;;;
2021-03-30 21:00:00;;;
2021-03-30 22:00:00;;;
2021-03-30 23:00:00;;;
2021-03-31 00:00:00;;;
2021-03-31 01:00:00;;;
2021-03-31 02:00:00;;;
2021-03-31 03:00:00;;;
2021-03-31 04:00:00;;;
2021-03-31 05:00:00;;;
2021-03-31 06:00:00;;;
2021-03-31 07:00:00;;;
2021-03-31 08:00:00;;;
2021-03-31 09:00:00;;;
2021-03-31 10:00:00;;;
2021-03-31 11:00:00;;;
2021-03-31 12:00:00;;;
2021-03-31 13:00:00;;;
2021-03-31 14:00:00;;;
2021-03-31 15:00:00;;;
2021-03-31 16:00:00;;;
2021-03-31 17:00:00;;;
2021-03-31 18:00:00;;;
2021-03-31 19:00:00;;;
2021-03-31 20:00:00;;;
2021-03-31 21:00:00;;;
2021-03-31 22:00:00;;;
2021-03-31 23:00:00;;;
2021-04-01 00:00:00;;;
2021-04-01 01:00:00;;;
2021-04-01 02:00:00;;;
2021-04-01 03:00:00;;;
2021-04-01 04:00:00;;;
2021-04-01 05:00:00;;;
2021-04-01 06:00:00;;;
2021-04-01 07:00:00;;;
2021-04-01 08:00:00;;;
2021-04-01 09:00:00;;;
2021-04-01 10:00:00;;;
2021-04-01 11:00:00;;;
2021-04-01 12:00:00;;;
2021-04-01 13:00:00;;;
2021-04-01 14:00:00;;;
2021-04-01 15:00:00;;;
2021-04-01 16:00:00;;;
2021-04-01 17:00:00;;;
2021-04-01 18:00:00;;;
2021-04-01 19:00:00;;;
2021-04-01 20:00:00;;;
2021-04-01 21:00:00;;;
2021-04-01 22:00:00;;;
2021-04-01 23:00:00;;;
2021-04-02 00:00:00;;;
2021-04-02 01:00:00;;;
2021-04-02 02:00:00;;;
2021-04-02 03:00:00;;;
2021-04-02 04:00:00;;;
2021-04-02 05:00:00;;;
2021-04-02 06:00:00;;;
2021-04-02 07:00:00;;;
2021-04-02 08:00:00;;;
2021-04-02 09:00:00;;;
2021-04-02 10:00:00;;;
2021-04-02 11:00:00;;;
2021-04-02 12:00:00;;;
2021-04-02 13:00:00;;;
2021-04-02 14:00:00;;;
2021-04-02 15:00:00;;;
2021-04-02 16:00:00;;;
2021-04-02 17:00:00;;;
2021-04-02 18:00:00;;;
2021-04-02 19:00:00;;;
2021-04-02 20:00:00;;;
2021-04-02 21:00:00;;;
2021-04-02 22:00:00;;;
2021-04-02 23:00:00;;;
2021-04-03 00:00:00;;;
2021-04-03 01:00:00;;;
2021-04-03 02:00:00;;;
2021-04-03 03:00:00;;;
2021-04-03 04:00:00;;;
2021-04-03 05:00:00;;;
2021-04-03 06:00:00;;;
2021-04-03 07:00:00;;;
2021-04-03 08:00:00;;;
2021-04-03 09:00:00;;;
2021-04-03 10:00:00;;;
2021-04-03 11:00:00;;;
2021-04-03 12:00:00;;;
2021-04-03 13:00:00;;;
2021-04-03 14:00:00;;;
2021-04-03 15:00:00;;;
2021-04-03 16:00:00;;;
2021-04-03 17:00:00;;;
2021-04-03 18:00:00;;;
2021-04-03 19:00:00;;;
2021-04-03 20:00:00;;;
2021-04-03 21:00:00;;;
2021-04-03 22:00:00;;;
2021-04-03 23:00:00;;;
2021-04-04 00:00:00;;;
2021-04-04 01:00:00;;;
2021-04-04 02:00:00;;;
2021-04-04 03:00:00;;;
2021-04-04 04:00:00;;;
2021-04-04 05:00:00;;;
2021-04-04 06:00:00;;;
2021-04-04 07:00:00;;;
2021-04-04 08:00:00;;;
2021-04-04 09:00:00;;;
2021-04-04 10:00:00;;;
2021-04-04 11:00:00;;;
2021-04-04 12:00:00;;;
2021-04-04 13:00:00;;;
2021-04-04 14:00:00;;;
2021-04-04 15:00:00;;;
2021-04-04 16:00:00;;;
2021-04-04 17:00:00;;;
2021-04-04 18:00:00;;;
2021-04-04 19:00:00;;;
2021-04-04 20:00:00;;;
2021-04-04 21:00:00;;;
2021-04-04 22:00:00;;;
2021-04-04 23:00:00;;;
2021-04-05 00:00:00;;;
2021-04-05 01:00:00;;;
2021-04-05 02:00:00;;;
2021-04-05 03:00:00;;;
2021-04-05 04:00:00;;;
2021-04-05 05:00:00;;;
2021-04-05 06:00:00;;;
2021-04-05 07:00:00;;;
2021-04-05 08:00:00;;;
2021-04-05 09:00:00;;;
2021-04-05 10:00:00;;;
2021-04-05 11:00:00;;;
2021-04-05 12:00:00;;;
2021-04-05 13:00:00;;;
2021-04-05 14:00:00;;;
2021-04-05 15:00:00;;;
2021-04-05 16:00:00;;;
2021-04-05 17:00:00;;;
2021-04-05 18:00:00;;;
2021-04-05 19:00:00;;;
2021-04-05 20:00:00;;;
2021-04-05 21:00:00;;;
2021-04-05 22:00:00;;;
2021-04-05 23:00:00;;;
2021-04-06 00:00:00;;;
2021-04-06 01:00:00;;;
2021-04-06 02:00:00;;;
2021-04-06 03:00:00;;;
2021-04-06 04:00:00;;;
2021-04-06 05:00:00;;;
2021-04-06 06:00:00;;;
2021-04-06 07:00:00;;;
2021-04-06 08:00:00;;;
2021-04-06 09:00:00;;;
2021-04-06 10:00:00;;;
2021-04-06 11:00:00;;;
2021-04-06 12:00:00;;;
2021-04-06 13:00:00;;;
2021-04-06 14:00:00;;;
2021-04-06 15:00:00;;;
2021-04-06 16:00:00;;;
2021-04-06 17:00:00;;;
2021-04-06 18:00:00;;;
2021-04-06 19:00:00;;;
2021-04-06 20:00:00;;;
2021-04-06 21:00:00;;;
2021-04-06 22:00:00;;;
2021-04-06 23:00:00;;;
2021-04-07 00:00:00;;;
2021-04-07 01:00:00;;;
2021-04-07 02:00:00;;;
2021-04-07 03:00:00;;;
2021-04-07 04:00:00;;;
2021-04-07 05:00:00;;;
2021-04-07 06:00:00;;;
2021-04-07 07:00:00;;;
2021-04-07 08:00:00;;;
2021-04-07 09:00:00;;;
2021-04-07 10:00:00;;;
2021-04-07 11:00:00;;;
2021-04-07 12:00:00;;;
2021-04-07 13:00:00;;;
2021-04-07 14:00:00;;;
2021-04-07 15:00:00;;;
2021-04-07 16:00:00;;;
2021-04-07 17:00:00;;;
2021-04-07 18:00:00;;;
2021-04-07 19:00:00;;;
2021-04-07 20:00:00;;;
2021-04-07 21:00:00;;;
2021-04-07 22:00:00;;;
2021-04-07 23:00:00;;;
2021-04-08 00:00:00;;;
2021-04-08 01:00:00;;;
2021-04-08 02:00:00;;;
2021-04-08 03:00:00;;;
2021-04-08 04:00:00;;;
2021-04-08 05:00:00;;;
2021-04-08 06:00:00;;;
2021-04-08 07:00:00;;;
2021-04-08 08:00:00;;;
2021-04-08 09:00:00;;;
2021-04-08 10:00:00;;;
2021-04-08 11:00:00;;;
2021-04-08 12:00:00;;;
2021-04-08 13:00:00;;;
2021-04-08 14:00:00;;;
2021-04-08 15:00:00;;;
2021-04-08 16:00:00;;;
2021-04-08 17:00:00;;;
2021-04-08 18:00:00;;;
2021-04-08 19:00:00;;;
2021-04-08 20:00:00;;;
2021-04-08 21:00:00;;;
2021-04-08 22:00:00;;;
2021-04-08 23:00:00;;;
2021-04-09 00:00:00;;;
2021-04-09 01:00:00;;;
2021-04-09 02:00:00;;;
2021-04-09 03:00:00;;;
2021-04-09 04:00:00;;;
2021-04-09 05:00:00;;;
2021-04-09 06:00:00;;;
2021-04-09 07:00:00;;;
2021-04-09 08:00:00;;;
2021-04-09 09:00:00;;;
2021-04-09 10:00:00;;;
2021-04-09 11:00:00;;;
2021-04-09 12:00:00;;;
2021-04-09 13:00:00;;;
2021-04-09 14:00:00;;;
2021-04-09 15:00:00;;;
2021-04-09 16:00:00;;;
2021-04-09 17:00:00;;;
2021-04-09 18:00:00;;;
2021-04-09 19:00:00;;;
2021-04-09 20:00:00;;;
2021-04-09 21:00:00;;;
2021-04-09 22:00:00;;;
2021-04-09 23:00:00;;;
2021-04-10 00:00:00;;;
2021-04-10 01:00:00;;;
2021-04-10 02:00:00;;;
2021-04-10 03:00:00;;;
2021-04-10 04:00:00;;;
2021-04-10 05:00:00;;;
2021-04-10 06:00:00;;;
2021-04-10 07:00:00;;;
2021-04-10 08:00:00;;;
2021-04-10 09:00:00;;;
2021-04-10 10:00:00;;;
2021-04-10 11:00:00;;;
2021-04-10 12:00:00;;;
2021-04-10 13:00:00;;;
2021-04-10 14:00:00;;;
2021-04-10 15:00:00;;;
2021-04-10 16:00:00;;;
2021-04-10 17:00:00;;;
2021-04-10 18:00:00;;;
2021-04-10 19:00:00;;;
2021-04-10 20:00:00;;;
2021-04-10 21:00:00;;;
2021-04-10 22:00:00;;;
2021-04-10 23:00:00;;;
2021-04-11 00:00:00;;;
2021-04-11 01:00:00;;;
2021-04-11 02:00:00;;;
2021-04-11 03:00:00;;;
2021-04-11 04:00:00;;;
2021-04-11 05:00:00;;;
2021-04-11 06:00:00;;;
2021-04-11 07:00:00;;;
2021-04-11 08:00:00;;;
2021-04-11 09:00:00;;;
2021-04-11 10:00:00;;;
2021-04-11 11:00:00;;;
2021-04-11 12:00:00;;;
2021-04-11 13:00:00;;;
2021-04-11 14:00:00;;;
2021-04-11 15:00:00;;;
2021-04-11 16:00:00;;;
2021-04-11 17:00:00;;;
2021-04-11 18:00:00;;;
2021-04-11 19:00:00;;;
2021-04-11 20:00:00;;;
2021-04-11 21:00:00;;;
2021-04-11 22:00:00;;;
2021-04-11 23:00:00;;;
2021-04-12 00:00:00;;;
2021-04-12 01:00:00;;;
2021-04-12 02:00:00;;;
2021-04-12 03:00:00;;;
2021-04-12 04:00:00;;;
2021-04-12 05:00:00;;;
2021-04-12 06:00:00;;;
2021-04-12 07:00:00;;;
2021-04-12 08:00:00;;;
2021-04-12 09:00:00;;;
2021-04-12 10:00:00;;;
2021-04-12 11:00:00;;;
2021-04-12 12:00:00;;;
2021-04-12 13:00:00;;;
2021-04-12 14:00:00;;;
2021-04-12 15:00:00;;;
2021-04-12 16:00:00;;;
2021-04-12 17:00:00;;;
2021-04-12 18:00:00;;;
2021-04-12 19:00:00;;;
2021-04-12 20:00:00;;;
2021-04-12 21:00:00;;;
2021-04-12 22:00:00;;;
2021-04-12 23:00:00;;;
2021-04-13 00:00:00;;;
2021-04-13 01:00:00;;;
2021-04-13 02:00:00;;;
2021-04-13 03:00:00;;;
2021-04-13 04:00:00;;;
2021-04-13 05:00:00;;;
2021-04-13 06:00:00;;;
2021-04-13 07:00:00;;;
2021-04-13 08:00:00;;;
2021-04-13 09:00:00;;;
2021-04-13 10:00:00;;;
2021-04-13 11:00:00;;;
2021-04-13 12:00:00;;;
2021-04-13 13:00:00;;;
2021-04-13 14:00:00;;;
2021-04-13 15:00:00;;;
2021-04-13 16:00:00;;;
2021-04-13 17:00:00;;;
2021-04-13 18:00:00;;;
2021-04-13 19:00:00;;;
2021-04-13 20:00:00;;;
2021-04-13 21:00:00;;;
2021-04-13 22:00:00;;;
2021-04-13 23:00:00;;;
2021-04-14 00:00:00;;;
2021-04-14 01:00:00;;;
2021-04-14 02:00:00;;;
2021-04-14 03:00:00;;;
2021-04-14 04:00:00;;;
2021-04-14 05:00:00;;;
2021-04-14 06:00:00;;;
2021-04-14 07:00:00;;;
2021-04-14 08:00:00;;;
2021-04-14 09:00:00;;;
2021-04-14 10:00:00;;;
2021-04-14 11:00:00;;;
2021-04-14 12:00:00;;;
2021-04-14 13:00:00;;;
2021-04-14 14:00:00;;;
2021-04-14 15:00:00;;;
2021-04-14 16:00:00;;;
2021-04-14 17:00:00;;;
2021-04-14 18:00:00;;;
2021-04-14 19:00:00;;;
2021-04-14 20:00:00;;;
2021-04-14 21:00:00;;;
2021-04-14 22:00:00;;;
2021-04-14 23:00:00;;;
2021-04-15 00:00:00;;;
2021-04-15 01:00:00;;;
2021-04-15 02:00:00;;;
2021-04-15 03:00:00;;;
2021-04-15 04:00:00;;;
2021-04-15 05:00:00;;;
2021-04-15 06:00:00;;;
2021-04-15 07:00:00;;;
2021-04-15 08:00:00;;;
2021-04-15 09:00:00;;;
2021-04-15 10:00:00;;;
2021-04-15 11:00:00;;;
2021-04-15 12:00:00;;;
2021-04-15 13:00:00;;;
2021-04-15 14:00:00;;;
2021-04-15 15:00:00;;;
2021-04-15 16:00:00;;;
2021-04-15 17:00:00;;;
2021-04-15 18:00:00;;;
2021-04-15 19:00:00;;;
2021-04-15 20:00:00;;;
2021-04-15 21:00:00;;;
2021-04-15 22:00:00;;;
2021-04-15 23:00:00;;;
2021-04-16 00:00:00;;;
2021-04-16 01:00:00;;;
2021-04-16 02:00:00;;;
2021-04-16 03:00:00;;;
2021-04-16 04:00:00;;;
2021-04-16 05:00:00;;;
2021-04-16 06:00:00;;;
2021-04-16 07:00:00;;;
2021-04-16 08:00:00;;;
2021-04-16 09:00:00;;;
2021-04-16 10:00:00;;;
2021-04-16 11:00:00;;;
2021-04-16 12:00:00;;;
2021-04-16 13:00:00;;;
2021-04-16 14:00:00;;;
2021-04-16 15:00:00;;;
2021-04-16 16:00:00;;;
2021-04-16 17:00:00;;;
2021-04-16 18:00:00;;;
2021-04-16 19:00:00;;;
2021-04-16 20:00:00;;;
2021-04-16 21:00:00;;;
2021-04-16 22:00:00;;;
2021-04-16 23:00:00;;;
2021-04-17 00:00:00;;;
2021-04-17 01:00:00;;;
2021-04-17 02:00:00;;;
2021-04-17 03:00:00;;;
2021-04-17 04:00:00;;;
2021-04-17 05:00:00;;;
2021-04-17 06:00:00;;;
2021-04-17 07:00:00;;;
2021-04-17 08:00:00;;;
2021-04-17 09:00:00;;;
2021-04-17 10:00:00;;;
2021-04-17 11:00:00;;;
2021-04-17 12:00:00;;;
2021-04-17 13:00:00;;;
2021-04-17 14:00:00;;;
2021-04-17 15:00:00;;;
2021-04-17 16:00:00;;;
2021-04-17 17:00:00;;;
2021-04-17 18:00:00;;;
2021-04-17 19:00:00;;;
2021-04-17 20:00:00;;;
2021-04-17 21:00:00;;;
2021-04-17 22:00:00;;;
2021-04-17 23:00:00;;;
2021-04-18 00:00:00;;;
2021-04-18 01:00:00;;;
2021-04-18 02:00:00;;;
2021-04-18 03:00:00;;;
2021-04-18 04:00:00;;;
2021-04-18 05:00:00;;;
2021-04-18 06:00:00;;;
2021-04-18 07:00:00;;;
2021-04-18 08:00:00;;;
2021-04-18 09:00:00;;;
2021-04-18 10:00:00;;;
2021-04-18 11:00:00;;;
2021-04-18 12:00:00;;;
2021-04-18 13:00:00;;;
2021-04-18 14:00:00;;;
2021-04-18 15:00:00;;;
2021-04-18 16:00:00;;;
2021-04-18 17:00:00;;;
2021-04-18 18:00:00;;;
2021-04-18 19:00:00;;;
2021-04-18 20:00:00;;;
2021-04-18 21:00:00;;;
2021-04-18 22:00:00;;;
2021-04-18 23:00:00;;;
2021-04-19 00:00:00;;;
2021-04-19 01:00:00;;;
2021-04-19 02:00:00;;;
2021-04-19 03:00:00;;;
2021-04-19 04:00:00;;;
2021-04-19 05:00:00;;;
2021-04-19 06:00:00;;;
2021-04-19 07:00:00;;;
2021-04-19 08:00:00;;;
2021-04-19 09:00:00;;;
2021-04-19 10:00:00;;;
2021-04-19 11:00:00;;;
2021-04-19 12:00:00;;;
2021-04-19 13:00:00;;;
2021-04-19 14:00:00;;;
2021-04-19 15:00:00;;;
2021-04-19 16:00:00;;;
2021-04-19 17:00:00;;;
2021-04-19 18:00:00;;;
2021-04-19 19:00:00;;;
2021-04-19 20:00:00;;;
2021-04-19 21:00:00;;;
2021-04-19 22:00:00;;;
2021-04-19 23:00:00;;;
2021-04-20 00:00:00;;;
2021-04-20 01:00:00;;;
2021-04-20 02:00:00;;;
2021-04-20 03:00:00;;;
2021-04-20 04:00:00;;;
2021-04-20 05:00:00;;;
2021-04-20 06:00:00;;;
2021-04-20 07:00:00;;;
2021-04-20 08:00:00;;;
2021-04-20 09:00:00;;;
2021-04-20 10:00:00;;;
2021-04-20 11:00:00;;;
2021-04-20 12:00:00;;;
2021-04-20 13:00:00;;;
2021-04-20 14:00:00;;;
2021-04-20 15:00:00;;;
2021-04-20 16:00:00;;;
2021-04-20 17:00:00;;;
2021-04-20 18:00:00;;;
2021-04-20 19:00:00;;;
2021-04-20 20:00:00;;;
2021-04-20 21:00:00;;;
2021-04-20 22:00:00;;;
2021-04-20 23:00:00;;;
2021-04-21 00:00:00;;;
2021-04-21 01:00:00;;;
2021-04-21 02:00:00;;;
2021-04-21 03:00:00;;;
2021-04-21 04:00:00;;;
2021-04-21 05:00:00;;;
2021-04-21 06:00:00;;;
2021-04-21 07:00:00;;;
2021-04-21 08:00:00;;;
2021-04-21 09:00:00;;;
2021-04-21 10:00:00;;;
2021-04-21 11:00:00;;;
2021-04-21 12:00:00;;;
2021-04-21 13:00:00;;;
2021-04-21 14:00:00;;;
2021-04-21 15:00:00;;;
2021-04-21 16:00:00;;;
2021-04-21 17:00:00;;;
2021-04-21 18:00:00;;;
2021-04-21 19:00:00;;;
2021-04-21 20:00:00;;;
2021-04-21 21:00:00;;;
2021-04-21 22:00:00;;;
2021-04-21 23:00:00;;;
2021-04-22 00:00:00;;;
2021-04-22 01:00:00;;;
2021-04-22 02:00:00;;;
2021-04-22 03:00:00;;;
2021-04-22 04:00:00;;;
2021-04-22 05:00:00;;;
2021-04-22 06:00:00;;;
2021-04-22 07:00:00;;;
2021-04-22 08:00:00;;;
2021-04-22 09:00:00;;;
2021-04-22 10:00:00;;;
2021-04-22 11:00:00;;;
2021-04-22 12:00:00;;;
2021-04-22 13:00:00;;;
2021-04-22 14:00:00;;;
2021-04-22 15:00:00;;;
2021-04-22 16:00:00;;;
2021-04-22 17:00:00;;;
2021-04-22 18:00:00;;;
2021-04-22 19:00:00;;;
2021-04-22 20:00:00;;;
2021-04-22 21:00:00;;;
2021-04-22 22:00:00;;;
2021-04-22 23:00:00;;;
2021-04-23 00:00:00;;;
2021-04-23 01:00:00;;;
2021-04-23 02:00:00;;;
2021-04-23 03:00:00;;;
2021-04-23 04:00:00;;;
2021-04-23 05:00:00;;;
2021-04-23 06:00:00;;;
2021-04-23 07:00:00;;;
2021-04-23 08:00:00;;;
2021-04-23 09:00:00;;;
2021-04-23 10:00:00;;;
2021-04-23 11:00:00;;;
2021-04-23 12:00:00;;;
2021-04-23 13:00:00;;;
2021-04-23 14:00:00;;;
2021-04-23 15:00:00;;;
2021-04-23 16:00:00;;;
2021-04-23 17:00:00;;;
2021-04-23 18:00:00;;;
2021-04-23 19:00:00;;;
2021-04-23 20:00:00;;;
2021-04-23 21:00:00;;;
2021-04-23 22:00:00;;;
2021-04-23 23:00:00;;;
2021-04-24 00:00:00;;;
2021-04-24 01:00:00;;;
2021-04-24 02:00:00;;;
2021-04-24 03:00:00;;;
2021-04-24 04:00:00;;;
2021-04-24 05:00:00;;;
2021-04-24 06:00:00;;;
2021-04-24 07:00:00;;;
2021-04-24 08:00:00;;;
2021-04-24 09:00:00;;;
2021-04-24 10:00:00;;;
2021-04-24 11:00:00;;;
2021-04-24 12:00:00;;;
2021-04-24 13:00:00;;;
2021-04-24 14:00:00;;;
2021-04-24 15:00:00;;;
2021-04-24 16:00:00;;;
2021-04-24 17:00:00;;;
2021-04-24 18:00:00;;;
2021-04-24 19:00:00;;;
2021-04-24 20:00:00;;;
2021-04-24 21:00:00;;;
2021-04-24 22:00:00;;;
2021-04-24 23:00:00;;;
2021-04-25 00:00:00;;;
2021-04-25 01:00:00;;;
2021-04-25 02:00:00;;;
2021-04-25 03:00:00;;;
2021-04-25 04:00:00;;;
2021-04-25 05:00:00;;;
2021-04-25 06:00:00;;;
2021-04-25 07:00:00;;;
2021-04-25 08:00:00;;;
2021-04-25 09:00:00;;;
2021-04-25 10:00:00;;;
2021-04-25 11:00:00;;;
2021-04-25 12:00:00;;;
2021-04-25 13:00:00;;;
2021-04-25 14:00:00;;;
2021-04-25 15:00:00;;;
2021-04-25 16:00:00;;;
2021-04-25 17:00:00;;;
2021-04-25 18:00:00;;;
2021-04-25 19:00:00;;;
2021-04-25 20:00:00;;;
2021-04-25 21:00:00;;;
2021-04-25 22:00:00;;;
2021-04-25 23:00:00;;;
2021-04-26 00:00:00;;;
2021-04-26 01:00:00;;;
2021-04-26 02:00:00;;;
2021-04-26 03:00:00;;;
2021-04-26 04:00:00;;;
2021-04-26 05:00:00;;;
2021-04-26 06:00:00;;;
2021-04-26 07:00:00;;;
2021-04-26 08:00:00;;;
2021-04-26 09:00:00;;;
2021-04-26 10:00:00;;;
2021-04-26 11:00:00;;;
2021-04-26 12:00:00;;;
2021-04-26 13:00:00;;;
2021-04-26 14:00:00;;;
2021-04-26 15:00:00;;;
2021-04-26 16:00:00;;;
2021-04-26 17:00:00;;;
2021-04-26 18:00:00;;;
2021-04-26 19:00:00;;;
2021-04-26 20:00:00;;;
2021-04-26 21:00:00;;;
2021-04-26 22:00:00;;;
2021-04-26 23:00:00;;;
2021-04-27 00:00:00;;;
2021-04-27 01:00:00;;;
2021-04-27 02:00:00;;;
2021-04-27 03:00:00;;;
2021-04-27 04:00:00;;;
2021-04-27 05:00:00;;;
2021-04-27 06:00:00;;;
2021-04-27 07:00:00;;;
2021-04-27 08:00:00;;;
2021-04-27 09:00:00;;;
2021-04-27 10:00:00;;;
2021-04-27 11:00:00;;;
2021-04-27 12:00:00;;;
2021-04-27 13:00:00;;;
2021-04-27 14:00:00;;;
2021-04-27 15:00:00;;;
2021-04-27 16:00:00;;;
2021-04-27 17:00:00;;;
2021-04-27 18:00:00;;;
2021-04-27 19:00:00;;;
2021-04-27 20:00:00;;;
2021-04-27 21:00:00;;;
2021-04-27 22:00:00;;;
2021-04-27 23:00:00;;;
2021-04-28 00:00:00;;;
2021-04-28 01:00:00;;;
2021-04-28 02:00:00;;;
2021-04-28 03:00:00;;;
2021-04-28 04:00:00;;;
2021-04-28 05:00:00;;;
2021-04-28 06:00:00;;;
2021-04-28 07:00:00;;;
2021-04-28 08:00:00;;;
2021-04-28 09:00:00;;;
2021-04-28 10:00:00;;;
2021-04-28 11:00:00;;;
2021-04-28 12:00:00;;;
2021-04-28 13:00:00;;;
2021-04-28 14:00:00;;;
2021-04-28 15:00:00;;;
2021-04-28 16:00:00;;;
2021-04-28 17:00:00;;;
2021-04-28 18:00:00;;;
2021-04-28 19:00:00;;;
2021-04-28 20:00:00;;;
2021-04-28 21:00:00;;;
2021-04-28 22:00:00;;;
2021-04-28 23:00:00;;;
2021-04-29 00:00:00;;;
2021-04-29 01:00:00;;;
2021-04-29 02:00:00;;;
2021-04-29 03:00:00;;;
2021-04-29 04:00:00;;;
2021-04-29 05:00:00;;;
2021-04-29 06:00:00;;;
2021-04-29 07:00:00;;;
2021-04-29 08:00:00;;;
2021-04-29 09:00:00;;;
2021-04-29 10:00:00;;;
2021-04-29 11:00:00;;;
2021-04-29 12:00:00;;;
2021-04-29 13:00:00;;;
2021-04-29 14:00:00;;;
2021-04-29 15:00:00;;;
2021-04-29 16:00:00;;;
2021-04-29 17:00:00;;;
2021-04-29 18:00:00;;;
2021-04-29 19:00:00;;;
2021-04-29 20:00:00;;;
2021-04-29 21:00:00;;;
2021-04-29 22:00:00;;;
2021-04-29 23:00:00;;;
2021-04-30 00:00:00;;;
2021-04-30 01:00:00;;;
2021-04-30 02:00:00;;;
2021-04-30 03:00:00;;;
2021-04-30 04:00:00;;;
2021-04-30 05:00:00;;;
2021-04-30 06:00:00;;;
2021-04-30 07:00:00;;;
2021-04-30 08:00:00;;;
2021-04-30 09:00:00;;;
2021-04-30 10:00:00;;;
2021-04-30 11:00:00;;;
2021-04-30 12:00:00;;;
2021-04-30 13:00:00;;;
2021-04-30 14:00:00;;;
2021-04-30 15:00:00;;;
2021-04-30 16:00:00;;;
2021-04-30 17:00:00;;;
2021-04-30 18:00:00;;;
2021-04-30 19:00:00;;;
2021-04-30 20:00:00;;;
2021-04-30 21:00:00;;;
2021-04-30 22:00:00;;;
2021-04-30 23:00:00;;;
2021-05-01 00:00:00;;;
2021-05-01 01:00:00;;;
2021-05-01 02:00:00;;;
2021-05-01 03:00:00;;;
2021-05-01 04:00:00;;;
2021-05-01 05:00:00;;;
2021-05-01 06:00:00;;;
2021-05-01 07:00:00;;;
2021-05-01 08:00:00;;;
2021-05-01 09:00:00;;;
2021-05-01 10:00:00;;;
2021-05-01 11:00:00;;;
2021-05-01 12:00:00;;;
2021-05-01 13:00:00;;;
2021-05-01 14:00:00;;;
2021-05-01 15:00:00;;;
2021-05-01 16:00:00;;;
2021-05-01 17:00:00;;;
2021-05-01 18:00:00;;;
2021-05-01 19:00:00;;;
2021-05-01 20:00:00;;;
2021-05-01 21:00:00;;;
2021-05-01 22:00:00;;;
2021-05-01 23:00:00;;;
2021-05-02 00:00:00;;;
2021-05-02 01:00:00;;;
2021-05-02 02:00:00;;;
2021-05-02 03:00:00;;;
2021-05-02 04:00:00;;;
2021-05-02 05:00:00;;;
2021-05-02 06:00:00;;;
2021-05-02 07:00:00;;;
2021-05-02 08:00:00;;;
2021-05-02 09:00:00;;;
2021-05-02 10:00:00;;;
2021-05-02 11:00:00;;;
2021-05-02 12:00:00;;;
2021-05-02 13:00:00;;;
2021-05-02 14:00:00;;;
2021-05-02 15:00:00;;;
2021-05-02 16:00:00;;;
2021-05-02 17:00:00;;;
2021-05-02 18:00:00;;;
2021-05-02 19:00:00;;;
2021-05-02 20:00:00;;;
2021-05-02 21:00:00;;;
2021-05-02 22:00:00;;;
2021-05-02 23:00:00;;;
2021-05-03 00:00:00;;;
2021-05-03 01:00:00;;;
2021-05-03 02:00:00;;;
2021-05-03 03:00:00;;;
2021-05-03 04:00:00;;;
2021-05-03 05:00:00;;;
2021-05-03 06:00:00;;;
2021-05-03 07:00:00;;;
2021-05-03 08:00:00;;;
2021-05-03 09:00:00;;;
2021-05-03 10:00:00;;;
2021-05-03 11:00:00;;;
2021-05-03 12:00:00;;;
2021-05-03 13:00:00;;;
2021-05-03 14:00:00;;;
2021-05-03 15:00:00;;;
2021-05-03 16:00:00;;;
2021-05-03 17:00:00;;;
2021-05-03 18:00:00;;;
2021-05-03 19:00:00;;;
2021-05-03 20:00:00;;;
2021-05-03 21:00:00;;;
2021-05-03 22:00:00;;;
2021-05-03 23:00:00;;;
2021-05-04 00:00:00;;;
2021-05-04 01:00:00;;;
2021-05-04 02:00:00;;;
2021-05-04 03:00:00;;;
2021-05-04 04:00:00;;;
2021-05-04 05:00:00;;;
2021-05-04 06:00:00;;;
2021-05-04 07:00:00;;;
2021-05-04 08:00:00;;;
2021-05-04 09:00:00;;;
2021-05-04 10:00:00;;;
2021-05-04 11:00:00;;;
2021-05-04 12:00:00;;;
2021-05-04 13:00:00;;;
2021-05-04 14:00:00;;;
2021-05-04 15:00:00;;;
2021-05-04 16:00:00;;;
2021-05-04 17:00:00;;;
2021-05-04 18:00:00;;;
2021-05-04 19:00:00;;;
2021-05-04 20:00:00;;;
2021-05-04 21:00:00;;;
2021-05-04 22:00:00;;;
2021-05-04 23:00:00;;;
2021-05-05 00:00:00;;;
2021-05-05 01:00:00;;;
2021-05-05 02:00:00;;;
2021-05-05 03:00:00;;;
2021-05-05 04:00:00;;;
2021-05-05 05:00:00;;;
2021-05-05 06:00:00;;;
2021-05-05 07:00:00;;;
2021-05-05 08:00:00;;;
2021-05-05 09:00:00;;;
2021-05-05 10:00:00;;;
2021-05-05 11:00:00;;;
2021-05-05 12:00:00;;;
2021-05-05 13:00:00;;;
2021-05-05 14:00:00;;;
2021-05-05 15:00:00;;;
2021-05-05 16:00:00;;;
2021-05-05 17:00:00;;;
2021-05-05 18:00:00;;;
2021-05-05 19:00:00;;;
2021-05-05 20:00:00;;;
2021-05-05 21:00:00;;;
2021-05-05 22:00:00;;;
2021-05-05 23:00:00;;;
2021-05-06 00:00:00;;;
2021-05-06 01:00:00;;;
2021-05-06 02:00:00;;;
2021-05-06 03:00:00;;;
2021-05-06 04:00:00;;;
2021-05-06 05:00:00;;;
2021-05-06 06:00:00;;;
2021-05-06 07:00:00;;;
2021-05-06 08:00:00;;;
2021-05-06 09:00:00;;;
2021-05-06 10:00:00;;;
2021-05-06 11:00:00;;;
2021-05-06 12:00:00;;;
2021-05-06 13:00:00;;;
2021-05-06 14:00:00;;;
2021-05-06 15:00:00;;;
2021-05-06 16:00:00;;;
2021-05-06 17:00:00;;;
2021-05-06 18:00:00;;;
2021-05-06 19:00:00;;;
2021-05-06 20:00:00;;;
2021-05-06 21:00:00;;;
2021-05-06 22:00:00;;;
2021-05-06 23:00:00;;;
2021-05-07 00:00:00;;;
2021-05-07 01:00:00;;;
2021-05-07 02:00:00;;;
2021-05-07 03:00:00;;;
2021-05-07 04:00:00;;;
2021-05-07 05:00:00;;;
2021-05-07 06:00:00;;;
2021-05-07 07:00:00;;;
2021-05-07 08:00:00;;;
2021-05-07 09:00:00;;;
2021-05-07 10:00:00;;;
2021-05-07 11:00:00;;;
2021-05-07 12:00:00;;;
2021-05-07 13:00:00;;;
2021-05-07 14:00:00;;;
2021-05-07 15:00:00;;;
2021-05-07 16:00:00;;;
2021-05-07 17:00:00;;;
2021-05-07 18:00:00;;;
2021-05-07 19:00:00;;;
2021-05-07 20:00:00;;;
2021-05-07 21:00:00;;;
2021-05-07 22:00:00;;;
2021-05-07 23:00:00;;;
2021-05-08 00:00:00;;;
2021-05-08 01:00:00;;;
2021-05-08 02:00:00;;;
2021-05-08 03:00:00;;;
2021-05-08 04:00:00;;;
2021-05-08 05:00:00;;;
2021-05-08 06:00:00;;;
2021-05-08 07:00:00;;;
2021-05-08 08:00:00;;;
2021-05-08 09:00:00;;;
2021-05-08 10:00:00;;;
2021-05-08 11:00:00;;;
2021-05-08 12:00:00;;;
2021-05-08 13:00:00;;;
2021-05-08 14:00:00;;;
2021-05-08 15:00:00;;;
2021-05-08 16:00:00;;;
2021-05-08 17:00:00;;;
2021-05-08 18:00:00;;;
2021-05-08 19:00:00;;;
2021-05-08 20:00:00;;;
2021-05-08 21:00:00;;;
2021-05-08 22:00:00;;;
2021-05-08 23:00:00;;;
2021-05-09 00:00:00;;;
2021-05-09 01:00:00;;;
2021-05-09 02:00:00;;;
2021-05-09 03:00:00;;;
2021-05-09 04:00:00;;;
2021-05-09 05:00:00;;;
2021-05-09 06:00:00;;;
2021-05-09 07:00:00;;;
2021-05-09 08:00:00;;;
2021-05-09 09:00:00;;;
2021-05-09 10:00:00;;;
2021-05-09 11:00:00;;;
2021-05-09 12:00:00;;;
2021-05-09 13:00:00;;;
2021-05-09 14:00:00;;;
2021-05-09 15:00:00;;;
2021-05-09 16:00:00;;;
2021-05-09 17:00:00;;;
2021-05-09 18:00:00;;;
2021-05-09 19:00:00;;;
2021-05-09 20:00:00;;;
2021-05-09 21:00:00;;;
2021-05-09 22:00:00;;;
2021-05-09 23:00:00;;;
2021-05-10 00:00:00;;;
2021-05-10 01:00:00;;;
2021-05-10 02:00:00;;;
2021-05-10 03:00:00;;;
2021-05-10 04:00:00;;;
2021-05-10 05:00:00;;;
2021-05-10 06:00:00;;;
2021-05-10 07:00:00;;;
2021-05-10 08:00:00;;;
2021-05-10 09:00:00;;;
2021-05-10 10:00:00;;;
2021-05-10 11:00:00;;;
2021-05-10 12:00:00;;;
2021-05-10 13:00:00;;;
2021-05-10 14:00:00;;;
2021-05-10 15:00:00;;;
2021-05-10 16:00:00;;;
2021-05-10 17:00:00;;;
2021-05-10 18:00:00;;;
2021-05-10 19:00:00;;;
2021-05-10 20:00:00;;;
2021-05-10 21:00:00;;;
2021-05-10 22:00:00;;;
2021-05-10 23:00:00;;;
2021-05-11 00:00:00;;;
2021-05-11 01:00:00;;;
2021-05-11 02:00:00;;;
2021-05-11 03:00:00;;;
2021-05-11 04:00:00;;;
2021-05-11 05:00:00;;;
2021-05-11 06:00:00;;;
2021-05-11 07:00:00;;;
2021-05-11 08:00:00;;;
2021-05-11 09:00:00;;;
2021-05-11 10:00:00;;;
2021-05-11 11:00:00;;;
2021-05-11 12:00:00;;;
2021-05-11 13:00:00;;;
2021-05-11 14:00:00;;;
2021-05-11 15:00:00;;;
2021-05-11 16:00:00;;;
2021-05-11 17:00:00;;;
2021-05-11 18:00:00;;;
2021-05-11 19:00:00;;;
2021-05-11 20:00:00;;;
2021-05-11 21:00:00;;;
2021-05-11 22:00:00;;;
2021-05-11 23:00:00;;;
2021-05-12 00:00:00;;;
2021-05-12 01:00:00;;;
2021-05-12 02:00:00;;;
2021-05-12 03:00:00;;;
2021-05-12 04:00:00;;;
2021-05-12 05:00:00;;;
2021-05-12 06:00:00;;;
2021-05-12 07:00:00;;;
2021-05-12 08:00:00;;;
2021-05-12 09:00:00;;;
2021-05-12 10:00:00;;;
2021-05-12 11:00:00;;;
2021-05-12 12:00:00;;;
2021-05-12 13:00:00;;;
2021-05-12 14:00:00;;;
2021-05-12 15:00:00;;;
2021-05-12 16:00:00;;;
2021-05-12 17:00:00;;;
2021-05-12 18:00:00;;;
2021-05-12 19:00:00;;;
2021-05-12 20:00:00;;;
2021-05-12 21:00:00;;;
2021-05-12 22:00:00;;;
2021-05-12 23:00:00;;;
2021-05-13 00:00:00;;;
2021-05-13 01:00:00;;;
2021-05-13 02:00:00;;;
2021-05-13 03:00:00;;;
2021-05-13 04:00:00;;;
2021-05-13 05:00:00;;;
2021-05-13 06:00:00;;;
2021-05-13 07:00:00;;;
2021-05-13 08:00:00;;;
2021-05-13 09:00:00;;;
2021-05-13 10:00:00;;;
2021-05-13 11:00:00;;;
2021-05-13 12:00:00;;;
2021-05-13 13:00:00;;;
2021-05-13 14:00:00;;;
2021-05-13 15:00:00;;;
2021-05-13 16:00:00;;;
2021-05-13 17:00:00;;;
2021-05-13 18:00:00;;;
2021-05-13 19:00:00;;;
2021-05-13 20:00:00;;;
2021-05-13 21:00:00;;;
2021-05-13 22:00:00;;;
2021-05-13 23:00:00;;;
2021-05-14 00:00:00;;;
2021-05-14 01:00:00;;;
2021-05-14 02:00:00;;;
2021-05-14 03:00:00;;;
2021-05-14 04:00:00;;;
2021-05-14 05:00:00;;;
2021-05-14 06:00:00;;;
2021-05-14 07:00:00;;;
2021-05-14 08:00:00;;;
2021-05-14 09:00:00;;;
2021-05-14 10:00:00;;;
2021-05-14 11:00:00;;;
2021-05-14 12:00:00;;;
2021-05-14 13:00:00;;;
2021-05-14 14:00:00;;;
2021-05-14 15:00:00;;;
2021-05-14 16:00:00;;;
2021-05-14 17:00:00;;;
2021-05-14 18:00:00;;;
2021-05-14 19:00:00;;;
2021-05-14 20:00:00;;;
2021-05-14 21:00:00;;;
2021-05-14 22:00:00;;;
2021-05-14 23:00:00;;;
2021-05-15 00:00:00;;;
2021-05-15 01:00:00;;;
2021-05-15 02:00:00;;;
2021-05-15 03:00:00;;;
2021-05-15 04:00:00;;;
2021-05-15 05:00:00;;;
2021-05-15 06:00:00;;;
2021-05-15 07:00:00;;;
2021-05-15 08:00:00;;;
2021-05-15 09:00:00;;;
2021-05-15 10:00:00;;;
2021-05-15 11:00:00;;;
2021-05-15 12:00:00;;;
2021-05-15 13:00:00;;;
2021-05-15 14:00:00;;;
2021-05-15 15:00:00;;;
2021-05-15 16:00:00;;;
2021-05-15 17:00:00;;;
2021-05-15 18:00:00;;;
2021-05-15 19:00:00;;;
2021-05-15 20:00:00;;;
2021-05-15 21:00:00;;;
2021-05-15 22:00:00;;;
2021-05-15 23:00:00;;;
2021-05-16 00:00:00;;;
2021-05-16 01:00:00;;;
2021-05-16 02:00:00;;;
2021-05-16 03:00:00;;;
2021-05-16 04:00:00;;;
2021-05-16 05:00:00;;;
2021-05-16 06:00:00;;;
2021-05-16 07:00:00;;;
2021-05-16 08:00:00;;;
2021-05-16 09:00:00;;;
2021-05-16 10:00:00;;;
2021-05-16 11:00:00;;;
2021-05-16 12:00:00;;;
2021-05-16 13:00:00;;;
2021-05-16 14:00:00;;;
2021-05-16 15:00:00;;;
2021-05-16 16:00:00;;;
2021-05-16 17:00:00;;;
2021-05-16 18:00:00;;;
2021-05-16 19:00:00;;;
2021-05-16 20:00:00;;;
2021-05-16 21:00:00;;;
2021-05-16 22:00:00;;;
2021-05-16 23:00:00;;;
2021-05-17 00:00:00;;;
2021-05-17 01:00:00;;;
2021-05-17 02:00:00;;;
2021-05-17 03:00:00;;;
2021-05-17 04:00:00;;;
2021-05-17 05:00:00;;;
2021-05-17 06:00:00;;;
2021-05-17 07:00:00;;;
2021-05-17 08:00:00;;;
2021-05-17 09:00:00;;;
2021-05-17 10:00:00;;;
2021-05-17 11:00:00;;;
2021-05-17 12:00:00;;;
2021-05-17 13:00:00;;;
2021-05-17 14:00:00;;;
2021-05-17 15:00:00;;;
2021-05-17 16:00:00;;;
2021-05-17 17:00:00;;;
2021-05-17 18:00:00;;;
2021-05-17 19:00:00;;;
2021-05-17 20:00:00;;;
2021-05-17 21:00:00;;;
2021-05-17 22:00:00;;;
2021-05-17 23:00:00;;;
2021-05-18 00:00:00;;;
2021-05-18 01:00:00;;;
2021-05-18 02:00:00;;;
2021-05-18 03:00:00;;;
2021-05-18 04:00:00;;;
2021-05-18 05:00:00;;;
2021-05-18 06:00:00;;;
2021-05-18 07:00:00;;;
2021-05-18 08:00:00;;;
2021-05-18 09:00:00;;;
2021-05-18 10:00:00;;;
2021-05-18 11:00:00;;;
2021-05-18 12:00:00;;;
2021-05-18 13:00:00;;;
2021-05-18 14:00:00;;;
2021-05-18 15:00:00;;;
2021-05-18 16:00:00;;;
2021-05-18 17:00:00;;;
2021-05-18 18:00:00;;;
2021-05-18 19:00:00;;;
2021-05-18 20:00:00;;;
2021-05-18 21:00:00;;;
2021-05-18 22:00:00;;;
2021-05-18 23:00:00;;;
2021-05-19 00:00:00;;;
2021-05-19 01:00:00;;;
2021-05-19 02:00:00;;;
2021-05-19 03:00:00;;;
2021-05-19 04:00:00;;;
2021-05-19 05:00:00;;;
2021-05-19 06:00:00;;;
2021-05-19 07:00:00;;;
2021-05-19 08:00:00;;;
2021-05-19 09:00:00;;;
2021-05-19 10:00:00;;;
2021-05-19 11:00:00;;;
2021-05-19 12:00:00;;;
2021-05-19 13:00:00;;;
2021-05-19 14:00:00;;;
2021-05-19 15:00:00;;;
2021-05-19 16:00:00;;;
2021-05-19 17:00:00;;;
2021-05-19 18:00:00;;;
2021-05-19 19:00:00;;;
2021-05-19 20:00:00;;;
2021-05-19 21:00:00;;;
2021-05-19 22:00:00;;;
2021-05-19 23:00:00;;;
2021-05-20 00:00:00;;;
2021-05-20 01:00:00;;;
2021-05-20 02:00:00;;;
2021-05-20 03:00:00;;;
2021-05-20 04:00:00;;;
2021-05-20 05:00:00;;;
2021-05-20 06:00:00;;;
2021-05-20 07:00:00;;;
2021-05-20 08:00:00;;;
2021-05-20 09:00:00;;;
2021-05-20 10:00:00;;;
2021-05-20 11:00:00;;;
2021-05-20 12:00:00;;;
2021-05-20 13:00:00;;;
2021-05-20 14:00:00;;;
2021-05-20 15:00:00;;;
2021-05-20 16:00:00;;;
2021-05-20 17:00:00;;;
2021-05-20 18:00:00;;;
2021-05-20 19:00:00;;;
2021-05-20 20:00:00;;;
2021-05-20 21:00:00;;;
2021-05-20 22:00:00;;;
2021-05-20 23:00:00;;;
2021-05-21 00:00:00;;;
2021-05-21 01:00:00;;;
2021-05-21 02:00:00;;;
2021-05-21 03:00:00;;;
2021-05-21 04:00:00;;;
2021-05-21 05:00:00;;;
2021-05-21 06:00:00;;;
2021-05-21 07:00:00;;;
2021-05-21 08:00:00;;;
2021-05-21 09:00:00;;;
2021-05-21 10:00:00;;;
2021-05-21 11:00:00;;;
2021-05-21 12:00:00;;;
2021-05-21 13:00:00;;;
2021-05-21 14:00:00;;;
2021-05-21 15:00:00;;;
2021-05-21 16:00:00;;;
2021-05-21 17:00:00;;;
2021-05-21 18:00:00;;;
2021-05-21 19:00:00;;;
2021-05-21 20:00:00;;;
2021-05-21 21:00:00;;;
2021-05-21 22:00:00;;;
2021-05-21 23:00:00;;;
2021-05-22 00:00:00;;;
2021-05-22 01:00:00;;;
2021-05-22 02:00:00;;;
2021-05-22 03:00:00;;;
2021-05-22 04:00:00;;;
2021-05-22 05:00:00;;;
2021-05-22 06:00:00;;;
2021-05-22 07:00:00;;;
2021-05-22 08:00:00;;;
2021-05-22 09:00:00;;;
2021-05-22 10:00:00;;;
2021-05-22 11:00:00;;;
2021-05-22 12:00:00;;;
2021-05-22 13:00:00;;;
2021-05-22 14:00:00;;;
2021-05-22 15:00:00;;;
2021-05-22 16:00:00;;;
2021-05-22 17:00:00;;;
2021-05-22 18:00:00;;;
2021-05-22 19:00:00;;;
2021-05-22 20:00:00;;;
2021-05-22 21:00:00;;;
2021-05-22 22:00:00;;;
2021-05-22 23:00:00;;;
2021-05-23 00:00:00;;;
2021-05-23 01:00:00;;;
2021-05-23 02:00:00;;;
2021-05-23 03:00:00;;;
2021-05-23 04:00:00;;;
2021-05-23 05:00:00;;;
2021-05-23 06:00:00;;;
2021-05-23 07:00:00;;;
2021-05-23 08:00:00;;;
2021-05-23 09:00:00;;;
2021-05-23 10:00:00;;;
2021-05-23 11:00:00;;;
2021-05-23 12:00:00;;;
2021-05-23 13:00:00;;;
2021-05-23 14:00:00;;;
2021-05-23 15:00:00;;;
2021-05-23 16:00:00;;;
2021-05-23 17:00:00;;;
2021-05-23 18:00:00;;;
2021-05-23 19:00:00;;;
2021-05-23 20:00:00;;;
2021-05-23 21:00:00;;;
2021-05-23 22:00:00;;;
2021-05-23 23:00:00;;;
2021-05-24 00:00:00;;;
2021-05-24 01:00:00;;;
2021-05-24 02:00:00;;;
2021-05-24 03:00:00;;;
2021-05-24 04:00:00;;;
2021-05-24 05:00:00;;;
2021-05-24 06:00:00;;;
2021-05-24 07:00:00;;;
2021-05-24 08:00:00;;;
2021-05-24 09:00:00;;;
2021-05-24 10:00:00;;;
2021-05-24 11:00:00;;;
2021-05-24 12:00:00;;;
2021-05-24 13:00:00;;;
2021-05-24 14:00:00;;;
2021-05-24 15:00:00;;;
2021-05-24 16:00:00;;;
2021-05-24 17:00:00;;;
2021-05-24 18:00:00;;;
2021-05-24 19:00:00;;;
2021-05-24 20:00:00;;;
2021-05-24 21:00:00;;;
2021-05-24 22:00:00;;;
2021-05-24 23:00:00;;;
2021-05-25 00:00:00;;;
2021-05-25 01:00:00;;;
2021-05-25 02:00:00;;;
2021-05-25 03:00:00;;;
2021-05-25 04:00:00;;;
2021-05-25 05:00:00;;;
2021-05-25 06:00:00;;;
2021-05-25 07:00:00;;;
2021-05-25 08:00:00;;;
2021-05-25 09:00:00;;;
2021-05-25 10:00:00;;;
2021-05-25 11:00:00;;;
2021-05-25 12:00:00;;;
2021-05-25 13:00:00;;;
2021-05-25 14:00:00;;;
2021-05-25 15:00:00;;;
2021-05-25 16:00:00;;;
2021-05-25 17:00:00;;;
2021-05-25 18:00:00;;;
2021-05-25 19:00:00;;;
2021-05-25 20:00:00;;;
2021-05-25 21:00:00;;;
2021-05-25 22:00:00;;;
2021-05-25 23:00:00;;;
2021-05-26 00:00:00;;;
2021-05-26 01:00:00;;;
2021-05-26 02:00:00;;;
2021-05-26 03:00:00;;;
2021-05-26 04:00:00;;;
2021-05-26 05:00:00;;;
2021-05-26 06:00:00;;;
2021-05-26 07:00:00;;;
2021-05-26 08:00:00;;;
2021-05-26 09:00:00;;;
2021-05-26 10:00:00;;;
2021-05-26 11:00:00;;;
2021-05-26 12:00:00;;;
2021-05-26 13:00:00;;;
2021-05-26 14:00:00;;;
2021-05-26 15:00:00;;;
2021-05-26 16:00:00;;;
2021-05-26 17:00:00;;;
2021-05-26 18:00:00;;;
2021-05-26 19:00:00;;;
2021-05-26 20:00:00;;;
2021-05-26 21:00:00;;;
2021-05-26 22:00:00;;;
2021-05-26 23:00:00;;;
2021-05-27 00:00:00;;;
2021-05-27 01:00:00;;;
2021-05-27 02:00:00;;;
2021-05-27 03:00:00;;;
2021-05-27 04:00:00;;;
2021-05-27 05:00:00;;;
2021-05-27 06:00:00;;;
2021-05-27 07:00:00;;;
2021-05-27 08:00:00;;;
2021-05-27 09:00:00;;;
2021-05-27 10:00:00;;;
2021-05-27 11:00:00;;;
2021-05-27 12:00:00;;;
2021-05-27 13:00:00;;;
2021-05-27 14:00:00;;;
2021-05-27 15:00:00;;;
2021-05-27 16:00:00;;;
2021-05-27 17:00:00;;;
2021-05-27 18:00:00;;;
2021-05-27 19:00:00;;;
2021-05-27 20:00:00;;;
2021-05-27 21:00:00;;;
2021-05-27 22:00:00;;;
2021-05-27 23:00:00;;;
2021-05-28 00:00:00;;;
2021-05-28 01:00:00;;;
2021-05-28 02:00:00;;;
2021-05-28 03:00:00;;;
2021-05-28 04:00:00;;;
2021-05-28 05:00:00;;;
2021-05-28 06:00:00;;;
2021-05-28 07:00:00;;;
2021-05-28 08:00:00;;;
2021-05-28 09:00:00;;;
2021-05-28 10:00:00;;;
2021-05-28 11:00:00;;;
2021-05-28 12:00:00;;;
2021-05-28 13:00:00;;;
2021-05-28 14:00:00;;;
2021-05-28 15:00:00;;;
2021-05-28 16:00:00;;;
2021-05-28 17:00:00;;;
2021-05-28 18:00:00;;;
2021-05-28 19:00:00;;;
2021-05-28 20:00:00;;;
2021-05-28 21:00:00;;;
2021-05-28 22:00:00;;;
2021-05-28 23:00:00;;;
2021-05-29 00:00:00;;;
2021-05-29 01:00:00;;;
2021-05-29 02:00:00;;;
2021-05-29 03:00:00;;;
2021-05-29 04:00:00;;;
2021-05-29 05:00:00;;;
2021-05-29 06:00:00;;;
2021-05-29 07:00:00;;;
2021-05-29 08:00:00;;;
2021-05-29 09:00:00;;;
2021-05-29 10:00:00;;;
2021-05-29 11:00:00;;;
2021-05-29 12:00:00;;;
2021-05-29 13:00:00;;;
2021-05-29 14:00:00;;;
2021-05-29 15:00:00;;;
2021-05-29 16:00:00;;;
2021-05-29 17:00:00;;;
2021-05-29 18:00:00;;;
2021-05-29 19:00:00;;;
2021-05-29 20:00:00;;;
2021-05-29 21:00:00;;;
2021-05-29 22:00:00;;;
2021-05-29 23:00:00;;;
2021-05-30 00:00:00;;;
2021-05-30 01:00:00;;;
2021-05-30 02:00:00;;;
2021-05-30 03:00:00;;;
2021-05-30 04:00:00;;;
2021-05-30 05:00:00;;;
2021-05-30 06:00:00;;;
2021-05-30 07:00:00;;;
2021-05-30 08:00:00;;;
2021-05-30 09:00:00;;;
2021-05-30 10:00:00;;;
2021-05-30 11:00:00;;;
2021-05-30 12:00:00;;;
2021-05-30 13:00:00;;;
2021-05-30 14:00:00;;;
2021-05-30 15:00:00;;;
2021-05-30 16:00:00;;;
2021-05-30 17:00:00;;;
2021-05-30 18:00:00;;;
2021-05-30 19:00:00;;;
2021-05-30 20:00:00;;;
2021-05-30 21:00:00;;;
2021-05-30 22:00:00;;;
2021-05-30 23:00:00;;;
2021-05-31 00:00:00;;;
2021-05-31 01:00:00;;;
2021-05-31 02:00:00;;;
2021-05-31 03:00:00;;;
2021-05-31 04:00:00;;;
2021-05-31 05:00:00;;;
2021-05-31 06:00:00;;;
2021-05-31 07:00:00;;;
2021-05-31 08:00:00;;;
2021-05-31 09:00:00;;;
2021-05-31 10:00:00;;;
2021-05-31 11:00:00;;;
2021-05-31 12:00:00;;;
2021-05-31 13:00:00;;;
2021-05-31 14:00:00;;;
2021-05-31 15:00:00;;;
2021-05-31 16:00:00;;;
2021-05-31 17:00:00;;;
2021-05-31 18:00:00;;;
2021-05-31 19:00:00;;;
2021-05-31 20:00:00;;;
2021-05-31 21:00:00;;;
2021-05-31 22:00:00;;;
2021-05-31 23:00:00;;;
2021-06-01 00:00:00;;;
2021-06-01 01:00:00;;;
2021-06-01 02:00:00;;;
2021-06-01 03:00:00;;;
2021-06-01 04:00:00;;;
2021-06-01 05:00:00;;;
2021-06-01 06:00:00;;;
2021-06-01 07:00:00;;;
2021-06-01 08:00:00;;;
2021-06-01 09:00:00;;;
2021-06-01 10:00:00;;;
2021-06-01 11:00:00;;;
2021-06-01 12:00:00;;;
2021-06-01 13:00:00;;;
2021-06-01 14:00:00;;;
2021-06-01 15:00:00;;;
2021-06-01 16:00:00;;;
2021-06-01 17:00:00;;;
2021-06-01 18:00:00;;;
2021-06-01 19:00:00;;;
2021-06-01 20:00:00;;;
2021-06-01 21:00:00;;;
2021-06-01 22:00:00;;;
2021-06-01 23:00:00;;;
2021-06-02 00:00:00;;;
2021-06-02 01:00:00;;;
2021-06-02 02:00:00;;;
2021-06-02 03:00:00;;;
2021-06-02 04:00:00;;;
2021-06-02 05:00:00;;;
2021-06-02 06:00:00;;;
2021-06-02 07:00:00;;;
2021-06-02 08:00:00;;;
2021-06-02 09:00:00;;;
2021-06-02 10:00:00;;;
2021-06-02 11:00:00;;;
2021-06-02 12:00:00;;;
2021-06-02 13:00:00;;;
2021-06-02 14:00:00;;;
2021-06-02 15:00:00;;;
2021-06-02 16:00:00;;;
2021-06-02 17:00:00;;;
2021-06-02 18:00:00;;;
2021-06-02 19:00:00;;;
2021-06-02 20:00:00;;;
2021-06-02 21:00:00;;;
2021-06-02 22:00:00;;;
2021-06-02 23:00:00;;;
2021-06-03 00:00:00;;;
2021-06-03 01:00:00;;;
2021-06-03 02:00:00;;;
2021-06-03 03:00:00;;;
2021-06-03 04:00:00;;;
2021-06-03 05:00:00;;;
2021-06-03 06:00:00;;;
2021-06-03 07:00:00;;;
2021-06-03 08:00:00;;;
2021-06-03 09:00:00;;;
2021-06-03 10:00:00;;;
2021-06-03 11:00:00;;;
2021-06-03 12:00:00;;;
2021-06-03 13:00:00;;;
2021-06-03 14:00:00;;;
2021-06-03 15:00:00;;;
2021-06-03 16:00:00;;;
2021-06-03 17:00:00;;;
2021-06-03 18:00:00;;;
2021-06-03 19:00:00;;;
2021-06-03 20:00:00;;;
2021-06-03 21:00:00;;;
2021-06-03 22:00:00;;;
2021-06-03 23:00:00;;;
2021-06-04 00:00:00;;;
2021-06-04 01:00:00;;;
2021-06-04 02:00:00;;;
2021-06-04 03:00:00;;;
2021-06-04 04:00:00;;;
2021-06-04 05:00:00;;;
2021-06-04 06:00:00;;;
2021-06-04 07:00:00;;;
2021-06-04 08:00:00;;;
2021-06-04 09:00:00;;;
2021-06-04 10:00:00;;;
2021-06-04 11:00:00;;;
2021-06-04 12:00:00;;;
2021-06-04 13:00:00;;;
2021-06-04 14:00:00;;;
2021-06-04 15:00:00;;;
2021-06-04 16:00:00;;;
2021-06-04 17:00:00;;;
2021-06-04 18:00:00;;;
2021-06-04 19:00:00;;;
2021-06-04 20:00:00;;;
2021-06-04 21:00:00;;;
2021-06-04 22:00:00;;;
2021-06-04 23:00:00;;;
2021-06-05 00:00:00;;;
2021-06-05 01:00:00;;;
2021-06-05 02:00:00;;;
2021-06-05 03:00:00;;;
2021-06-05 04:00:00;;;
2021-06-05 05:00:00;;;
2021-06-05 06:00:00;;;
2021-06-05 07:00:00;;;
2021-06-05 08:00:00;;;
2021-06-05 09:00:00;;;
2021-06-05 10:00:00;;;
2021-06-05 11:00:00;;;
2021-06-05 12:00:00;;;
2021-06-05 13:00:00;;;
2021-06-05 14:00:00;;;
2021-06-05 15:00:00;;;
2021-06-05 16:00:00;;;
2021-06-05 17:00:00;;;
2021-06-05 18:00:00;;;
2021-06-05 19:00:00;;;
2021-06-05 20:00:00;;;
2021-06-05 21:00:00;;;
2021-06-05 22:00:00;;;
2021-06-05 23:00:00;;;
2021-06-06 00:00:00;;;
2021-06-06 01:00:00;;;
2021-06-06 02:00:00;;;
2021-06-06 03:00:00;;;
2021-06-06 04:00:00;;;
2021-06-06 05:00:00;;;
2021-06-06 06:00:00;;;
2021-06-06 07:00:00;;;
2021-06-06 08:00:00;;;
2021-06-06 09:00:00;;;
2021-06-06 10:00:00;;;
2021-06-06 11:00:00;;;
2021-06-06 12:00:00;;;
2021-06-06 13:00:00;;;
2021-06-06 14:00:00;;;
2021-06-06 15:00:00;;;
2021-06-06 16:00:00;;;
2021-06-06 17:00:00;;;
2021-06-06 18:00:00;;;
2021-06-06 19:00:00;;;
2021-06-06 20:00:00;;;
2021-06-06 21:00:00;;;
2021-06-06 22:00:00;;;
2021-06-06 23:00:00;;;
2021-06-07 00:00:00;;;
2021-06-07 01:00:00;;;
2021-06-07 02:00:00;;;
2021-06-07 03:00:00;;;
2021-06-07 04:00:00;;;
2021-06-07 05:00:00;;;
2021-06-07 06:00:00;;;
2021-06-07 07:00:00;;;
2021-06-07 08:00:00;;;
2021-06-07 09:00:00;;;
2021-06-07 10:00:00;;;
2021-06-07 11:00:00;;;
2021-06-07 12:00:00;;;
2021-06-07 13:00:00;;;
2021-06-07 14:00:00;;;
2021-06-07 15:00:00;;;
2021-06-07 16:00:00;;;
2021-06-07 17:00:00;;;
2021-06-07 18:00:00;;;
2021-06-07 19:00:00;;;
2021-06-07 20:00:00;;;
2021-06-07 21:00:00;;;
2021-06-07 22:00:00;;;
2021-06-07 23:00:00;;;
2021-06-08 00:00:00;;;
2021-06-08 01:00:00;;;
2021-06-08 02:00:00;;;
2021-06-08 03:00:00;;;
2021-06-08 04:00:00;;;
2021-06-08 05:00:00;;;
2021-06-08 06:00:00;;;
2021-06-08 07:00:00;;;
2021-06-08 08:00:00;;;
2021-06-08 09:00:00;;;
2021-06-08 10:00:00;;;
2021-06-08 11:00:00;;;
2021-06-08 12:00:00;;;
2021-06-08 13:00:00;;;
2021-06-08 14:00:00;;;
2021-06-08 15:00:00;;;
2021-06-08 16:00:00;;;
2021-06-08 17:00:00;;;
2021-06-08 18:00:00;;;
2021-06-08 19:00:00;;;
2021-06-08 20:00:00;;;
2021-06-08 21:00:00;;;
2021-06-08 22:00:00;;;
2021-06-08 23:00:00;;;
2021-06-09 00:00:00;;;
2021-06-09 01:00:00;;;
2021-06-09 02:00:00;;;
2021-06-09 03:00:00;;;
2021-06-09 04:00:00;;;
2021-06-09 05:00:00;;;
2021-06-09 06:00:00;;;
2021-06-09 07:00:00;;;
2021-06-09 08:00:00;;;
2021-06-09 09:00:00;;;
2021-06-09 10:00:00;;;
2021-06-09 11:00:00;;;
2021-06-09 12:00:00;;;
2021-06-09 13:00:00;;;
2021-06-09 14:00:00;;;
2021-06-09 15:00:00;;;
2021-06-09 16:00:00;;;
2021-06-09 17:00:00;;;
2021-06-09 18:00:00;;;
2021-06-09 19:00:00;;;
2021-06-09 20:00:00;;;
2021-06-09 21:00:00;;;
2021-06-09 22:00:00;;;
2021-06-09 23:00:00;;;
2021-06-10 00:00:00;;;
2021-06-10 01:00:00;;;
2021-06-10 02:00:00;;;
2021-06-10 03:00:00;;;
2021-06-10 04:00:00;;;
2021-06-10 05:00:00;;;
2021-06-10 06:00:00;;;
2021-06-10 07:00:00;;;
2021-06-10 08:00:00;;;
2021-06-10 09:00:00;;;
2021-06-10 10:00:00;;;
2021-06-10 11:00:00;;;
2021-06-10 12:00:00;;;
2021-06-10 13:00:00;;;
2021-06-10 14:00:00;;;
2021-06-10 15:00:00;;;
2021-06-10 16:00:00;;;
2021-06-10 17:00:00;;;
2021-06-10 18:00:00;;;
2021-06-10 19:00:00;;;
2021-06-10 20:00:00;;;
2021-06-10 21:00:00;;;
2021-06-10 22:00:00;;;
2021-06-10 23:00:00;;;
2021-06-11 00:00:00;;;
2021-06-11 01:00:00;;;
2021-06-11 02:00:00;;;
2021-06-11 03:00:00;;;
2021-06-11 04:00:00;;;
2021-06-11 05:00:00;;;
2021-06-11 06:00:00;;;
2021-06-11 07:00:00;;;
2021-06-11 08:00:00;;;
2021-06-11 09:00:00;;;
2021-06-11 10:00:00;;;
2021-06-11 11:00:00;;;
2021-06-11 12:00:00;;;
2021-06-11 13:00:00;;;
2021-06-11 14:00:00;;;
2021-06-11 15:00:00;;;
2021-06-11 16:00:00;;;
2021-06-11 17:00:00;;;
2021-06-11 18:00:00;;;
2021-06-11 19:00:00;;;
2021-06-11 20:00:00;;;
2021-06-11 21:00:00;;;
2021-06-11 22:00:00;;;
2021-06-11 23:00:00;;;
2021-06-12 00:00:00;;;
2021-06-12 01:00:00;;;
2021-06-12 02:00:00;;;
2021-06-12 03:00:00;;;
2021-06-12 04:00:00;;;
2021-06-12 05:00:00;;;
2021-06-12 06:00:00;;;
2021-06-12 07:00:00;;;
2021-06-12 08:00:00;;;
2021-06-12 09:00:00;;;
2021-06-12 10:00:00;;;
2021-06-12 11:00:00;;;
2021-06-12 12:00:00;;;
2021-06-12 13:00:00;;;
2021-06-12 14:00:00;;;
2021-06-12 15:00:00;;;
2021-06-12 16:00:00;;;
2021-06-12 17:00:00;;;
2021-06-12 18:00:00;;;
2021-06-12 19:00:00;;;
2021-06-12 20:00:00;;;
2021-06-12 21:00:00;;;
2021-06-12 22:00:00;;;
2021-06-12 23:00:00;;;
2021-06-13 00:00:00;;;
2021-06-13 01:00:00;;;
2021-06-13 02:00:00;;;
2021-06-13 03:00:00;;;
2021-06-13 04:00:00;;;
2021-06-13 05:00:00;;;
2021-06-13 06:00:00;;;
2021-06-13 07:00:00;;;
2021-06-13 08:00:00;;;
2021-06-13 09:00:00;;;
2021-06-13 10:00:00;;;
2021-06-13 11:00:00;;;
2021-06-13 12:00:00;;;
2021-06-13 13:00:00;;;
2021-06-13 14:00:00;;;
2021-06-13 15:00:00;;;
2021-06-13 16:00:00;;;
2021-06-13 17:00:00;;;
2021-06-13 18:00:00;;;
2021-06-13 19:00:00;;;
2021-06-13 20:00:00;;;
2021-06-13 21:00:00;;;
2021-06-13 22:00:00;;;
2021-06-13 23:00:00;;;
2021-06-14 00:00:00;;;
2021-06-14 01:00:00;;;
2021-06-14 02:00:00;;;
2021-06-14 03:00:00;;;
2021-06-14 04:00:00;;;
2021-06-14 05:00:00;;;
2021-06-14 06:00:00;;;
2021-06-14 07:00:00;;;
2021-06-14 08:00:00;;;
2021-06-14 09:00:00;;;
2021-06-14 10:00:00;;;
2021-06-14 11:00:00;;;
2021-06-14 12:00:00;;;
2021-06-14 13:00:00;;;
2021-06-14 14:00:00;;;
2021-06-14 15:00:00;;;
2021-06-14 16:00:00;;;
2021-06-14 17:00:00;;;
2021-06-14 18:00:00;;;
2021-06-14 19:00:00;;;
2021-06-14 20:00:00;;;
2021-06-14 21:00:00;;;
2021-06-14 22:00:00;;;
2021-06-14 23:00:00;;;
2021-06-15 00:00:00;;;
2021-06-15 01:00:00;;;
2021-06-15 02:00:00;;;
2021-06-15 03:00:00;;;
2021-06-15 04:00:00;;;
2021-06-15 05:00:00;;;
2021-06-15 06:00:00;;;
2021-06-15 07:00:00;;;
2021-06-15 08:00:00;;;
2021-06-15 09:00:00;;;
2021-06-15 10:00:00;;;
2021-06-15 11:00:00;;;
2021-06-15 12:00:00;;;
2021-06-15 13:00:00;;;
2021-06-15 14:00:00;;;
2021-06-15 15:00:00;;;
2021-06-15 16:00:00;;;
2021-06-15 17:00:00;;;
2021-06-15 18:00:00;;;
2021-06-15 19:00:00;;;
2021-06-15 20:00:00;;;
2021-06-15 21:00:00;;;
2021-06-15 22:00:00;;;
2021-06-15 23:00:00;;;
2021-06-16 00:00:00;;;
2021-06-16 01:00:00;;;
2021-06-16 02:00:00;;;
2021-06-16 03:00:00;;;
2021-06-16 04:00:00;;;
2021-06-16 05:00:00;;;
2021-06-16 06:00:00;;;
2021-06-16 07:00:00;;;
2021-06-16 08:00:00;;;
2021-06-16 09:00:00;;;
2021-06-16 10:00:00;;;
2021-06-16 11:00:00;;;
2021-06-16 12:00:00;;;
2021-06-16 13:00:00;;;
2021-06-16 14:00:00;;;
2021-06-16 15:00:00;;;
2021-06-16 16:00:00;;;
2021-06-16 17:00:00;;;
2021-06-16 18:00:00;;;
2021-06-16 19:00:00;;;
2021-06-16 20:00:00;;;
2021-06-16 21:00:00;;;
2021-06-16 22:00:00;;;
2021-06-16 23:00:00;;;
2021-06-17 00:00:00;;;
2021-06-17 01:00:00;;;
2021-06-17 02:00:00;;;
2021-06-17 03:00:00;;;
2021-06-17 04:00:00;;;
2021-06-17 05:00:00;;;
2021-06-17 06:00:00;;;
2021-06-17 07:00:00;;;
2021-06-17 08:00:00;;;
2021-06-17 09:00:00;;;
2021-06-17 10:00:00;;;
2021-06-17 11:00:00;;;
2021-06-17 12:00:00;;;
2021-06-17 13:00:00;;;
2021-06-17 14:00:00;;;
2021-06-17 15:00:00;;;
2021-06-17 16:00:00;;;
2021-06-17 17:00:00;;;
2021-06-17 18:00:00;;;
2021-06-17 19:00:00;;;
2021-06-17 20:00:00;;;
2021-06-17 21:00:00;;;
2021-06-17 22:00:00;;;
2021-06-17 23:00:00;;;
2021-06-18 00:00:00;;;
2021-06-18 01:00:00;;;
2021-06-18 02:00:00;;;
2021-06-18 03:00:00;;;
2021-06-18 04:00:00;;;
2021-06-18 05:00:00;;;
2021-06-18 06:00:00;;;
2021-06-18 07:00:00;;;
2021-06-18 08:00:00;;;
2021-06-18 09:00:00;;;
2021-06-18 10:00:00;;;
2021-06-18 11:00:00;;;
2021-06-18 12:00:00;;;
2021-06-18 13:00:00;;;
2021-06-18 14:00:00;;;
2021-06-18 15:00:00;;;
2021-06-18 16:00:00;;;
2021-06-18 17:00:00;;;
2021-06-18 18:00:00;;;
2021-06-18 19:00:00;;;
2021-06-18 20:00:00;;;
2021-06-18 21:00:00;;;
2021-06-18 22:00:00;;;
2021-06-18 23:00:00;;;
2021-06-19 00:00:00;;;
2021-06-19 01:00:00;;;
2021-06-19 02:00:00;;;
2021-06-19 03:00:00;;;
2021-06-19 04:00:00;;;
2021-06-19 05:00:00;;;
2021-06-19 06:00:00;;;
2021-06-19 07:00:00;;;
2021-06-19 08:00:00;;;
2021-06-19 09:00:00;;;
2021-06-19 10:00:00;;;
2021-06-19 11:00:00;;;
2021-06-19 12:00:00;;;
2021-06-19 13:00:00;;;
2021-06-19 14:00:00;;;
2021-06-19 15:00:00;;;
2021-06-19 16:00:00;;;
2021-06-19 17:00:00;;;
2021-06-19 18:00:00;;;
2021-06-19 19:00:00;;;
2021-06-19 20:00:00;;;
2021-06-19 21:00:00;;;
2021-06-19 22:00:00;;;
2021-06-19 23:00:00;;;
2021-06-20 00:00:00;;;
2021-06-20 01:00:00;;;
2021-06-20 02:00:00;;;
2021-06-20 03:00:00;;;
2021-06-20 04:00:00;;;
2021-06-20 05:00:00;;;
2021-06-20 06:00:00;;;
2021-06-20 07:00:00;;;
2021-06-20 08:00:00;;;
2021-06-20 09:00:00;;;
2021-06-20 10:00:00;;;
2021-06-20 11:00:00;;;
2021-06-20 12:00:00;;;
2021-06-20 13:00:00;;;
2021-06-20 14:00:00;;;
2021-06-20 15:00:00;;;
2021-06-20 16:00:00;;;
2021-06-20 17:00:00;;;
2021-06-20 18:00:00;;;
2021-06-20 19:00:00;;;
2021-06-20 20:00:00;;;
2021-06-20 21:00:00;;;
2021-06-20 22:00:00;;;
2021-06-20 23:00:00;;;
2021-06-21 00:00:00;;;
2021-06-21 01:00:00;;;
2021-06-21 02:00:00;;;
2021-06-21 03:00:00;;;
2021-06-21 04:00:00;;;
2021-06-21 05:00:00;;;
2021-06-21 06:00:00;;;
2021-06-21 07:00:00;;;
2021-06-21 08:00:00;;;
2021-06-21 09:00:00;;;
2021-06-21 10:00:00;;;
2021-06-21 11:00:00;;;
2021-06-21 12:00:00;;;
2021-06-21 13:00:00;;;
2021-06-21 14:00:00;;;
2021-06-21 15:00:00;;;
2021-06-21 16:00:00;;;
2021-06-21 17:00:00;;;
2021-06-21 18:00:00;;;
2021-06-21 19:00:00;;;
2021-06-21 20:00:00;;;
2021-06-21 21:00:00;;;
2021-06-21 22:00:00;;;
2021-06-21 23:00:00;;;
2021-06-22 00:00:00;;;
2021-06-22 01:00:00;;;
2021-06-22 02:00:00;;;
2021-06-22 03:00:00;;;
2021-06-22 04:00:00;;;
2021-06-22 05:00:00;;;
2021-06-22 06:00:00;;;
2021-06-22 07:00:00;;;
2021-06-22 08:00:00;;;
2021-06-22 09:00:00;;;
2021-06-22 10:00:00;;;
2021-06-22 11:00:00;;;
2021-06-22 12:00:00;;;
2021-06-22 13:00:00;;;
2021-06-22 14:00:00;;;
2021-06-22 15:00:00;;;
2021-06-22 16:00:00;;;
2021-06-22 17:00:00;;;
2021-06-22 18:00:00;;;
2021-06-22 19:00:00;;;
2021-06-22 20:00:00;;;
2021-06-22 21:00:00;;;
2021-06-22 22:00:00;;;
2021-06-22 23:00:00;;;
2021-06-23 00:00:00;;;
2021-06-23 01:00:00;;;
2021-06-23 02:00:00;;;
2021-06-23 03:00:00;;;
2021-06-23 04:00:00;;;
2021-06-23 05:00:00;;;
2021-06-23 06:00:00;;;
2021-06-23 07:00:00;;;
2021-06-23 08:00:00;;;
2021-06-23 09:00:00;;;
2021-06-23 10:00:00;;;
2021-06-23 11:00:00;;;
2021-06-23 12:00:00;;;
2021-06-23 13:00:00;;;
2021-06-23 14:00:00;;;
2021-06-23 15:00:00;;;
2021-06-23 16:00:00;;;
2021-06-23 17:00:00;;;
2021-06-23 18:00:00;;;
2021-06-23 19:00:00;;;
2021-06-23 20:00:00;;;
2021-06-23 21:00:00;;;
2021-06-23 22:00:00;;;
2021-06-23 23:00:00;;;
2021-06-24 00:00:00;;;
2021-06-24 01:00:00;;;
2021-06-24 02:00:00;;;
2021-06-24 03:00:00;;;
2021-06-24 04:00:00;;;
2021-06-24 05:00:00;;;
2021-06-24 06:00:00;;;
2021-06-24 07:00:00;;;
2021-06-24 08:00:00;;;
2021-06-24 09:00:00;;;
2021-06-24 10:00:00;;;
2021-06-24 11:00:00;;;
2021-06-24 12:00:00;;;
2021-06-24 13:00:00;;;
2021-06-24 14:00:00;;;
2021-06-24 15:00:00;;;
2021-06-24 16:00:00;;;
2021-06-24 17:00:00;;;
2021-06-24 18:00:00;;;
2021-06-24 19:00:00;;;
2021-06-24 20:00:00;;;
2021-06-24 21:00:00;;;
2021-06-24 22:00:00;;;
2021-06-24 23:00:00;;;
2021-06-25 00:00:00;;;
2021-06-25 01:00:00;;;
2021-06-25 02:00:00;;;
2021-06-25 03:00:00;;;
2021-06-25 04:00:00;;;
2021-06-25 05:00:00;;;
2021-06-25 06:00:00;;;
2021-06-25 07:00:00;;;
2021-06-25 08:00:00;;;
2021-06-25 09:00:00;;;
2021-06-25 10:00:00;;;
2021-06-25 11:00:00;;;
2021-06-25 12:00:00;;;
2021-06-25 13:00:00;;;
2021-06-25 14:00:00;;;
2021-06-25 15:00:00;;;
2021-06-25 16:00:00;;;
2021-06-25 17:00:00;;;
2021-06-25 18:00:00;;;
2021-06-25 19:00:00;;;
2021-06-25 20:00:00;;;
2021-06-25 21:00:00;;;
2021-06-25 22:00:00;;;
2021-06-25 23:00:00;;;
2021-06-26 00:00:00;;;
2021-06-26 01:00:00;;;
2021-06-26 02:00:00;;;
2021-06-26 03:00:00;;;
2021-06-26 04:00:00;;;
2021-06-26 05:00:00;;;
2021-06-26 06:00:00;;;
2021-06-26 07:00:00;;;
2021-06-26 08:00:00;;;
2021-06-26 09:00:00;;;
2021-06-26 10:00:00;;;
2021-06-26 11:00:00;;;
2021-06-26 12:00:00;;;
2021-06-26 13:00:00;;;
2021-06-26 14:00:00;;;
2021-06-26 15:00:00;;;
2021-06-26 16:00:00;;;
2021-06-26 17:00:00;;;
2021-06-26 18:00:00;;;
2021-06-26 19:00:00;;;
2021-06-26 20:00:00;;;
2021-06-26 21:00:00;;;
2021-06-26 22:00:00;;;
2021-06-26 23:00:00;;;
2021-06-27 00:00:00;;;
2021-06-27 01:00:00;;;
2021-06-27 02:00:00;;;
2021-06-27 03:00:00;;;
2021-06-27 04:00:00;;;
2021-06-27 05:00:00;;;
2021-06-27 06:00:00;;;
2021-06-27 07:00:00;;;
2021-06-27 08:00:00;;;
2021-06-27 09:00:00;;;
2021-06-27 10:00:00;;;
2021-06-27 11:00:00;;;
2021-06-27 12:00:00;;;
2021-06-27 13:00:00;;;
2021-06-27 14:00:00;;;
2021-06-27 15:00:00;;;
2021-06-27 16:00:00;;;
2021-06-27 17:00:00;;;
2021-06-27 18:00:00;;;
2021-06-27 19:00:00;;;
2021-06-27 20:00:00;;;
2021-06-27 21:00:00;;;
2021-06-27 22:00:00;;;
2021-06-27 23:00:00;;;
2021-06-28 00:00:00;;;
2021-06-28 01:00:00;;;
2021-06-28 02:00:00;;;
2021-06-28 03:00:00;;;
2021-06-28 04:00:00;;;
2021-06-28 05:00:00;;;
2021-06-28 06:00:00;;;
2021-06-28 07:00:00;;;
2021-06-28 08:00:00;;;
2021-06-28 09:00:00;;;
2021-06-28 10:00:00;;;
2021-06-28 11:00:00;;;
2021-06-28 12:00:00;;;
2021-06-28 13:00:00;;;
2021-06-28 14:00:00;;;
2021-06-28 15:00:00;;;
2021-06-28 16:00:00;;;
2021-06-28 17:00:00;;;
2021-06-28 18:00:00;;;
2021-06-28 19:00:00;;;
2021-06-28 20:00:00;;;
2021-06-28 21:00:00;;;
2021-06-28 22:00:00;;;
2021-06-28 23:00:00;;;
2021-06-29 00:00:00;;;
2021-06-29 01:00:00;;;
2021-06-29 02:00:00;;;
2021-06-29 03:00:00;;;
2021-06-29 04:00:00;;;
2021-06-29 05:00:00;;;
2021-06-29 06:00:00;;;
2021-06-29 07:00:00;;;
2021-06-29 08:00:00;;;
2021-06-29 09:00:00;;;
2021-06-29 10:00:00;;;
2021-06-29 11:00:00;;;
2021-06-29 12:00:00;;;
2021-06-29 13:00:00;;;
2021-06-29 14:00:00;;;
2021-06-29 15:00:00;;;
2021-06-29 16:00:00;;;
2021-06-29 17:00:00;;;
2021-06-29 18:00:00;;;
2021-06-29 19:00:00;;;
2021-06-29 20:00:00;;;
2021-06-29 21:00:00;;;
2021-06-29 22:00:00;;;
2021-06-29 23:00:00;;;
2021-06-30 00:00:00;;;
2021-06-30 01:00:00;;;
2021-06-30 02:00:00;;;
2021-06-30 03:00:00;;;
2021-06-30 04:00:00;;;
2021-06-30 05:00:00;;;
2021-06-30 06:00:00;;;
2021-06-30 07:00:00;;;
2021-06-30 08:00:00;;;
2021-06-30 09:00:00;;;
2021-06-30 10:00:00;;;
2021-06-30 11:00:00;;;
2021-06-30 12:00:00;;;
2021-06-30 13:00:00;;;
2021-06-30 14:00:00;;;
2021-06-30 15:00:00;;;
2021-06-30 16:00:00;;;
2021-06-30 17:00:00;;;
2021-06-30 18:00:00;;;
2021-06-30 19:00:00;;;
2021-06-30 20:00:00;;;
2021-06-30 21:00:00;;;
2021-06-30 22:00:00;;;
2021-06-30 23:00:00;;;
2021-07-01 00:00:00;;;
2021-07-01 01:00:00;;;
2021-07-01 02:00:00;;;
2021-07-01 03:00:00;;;
2021-07-01 04:00:00;;;
2021-07-01 05:00:00;;;
2021-07-01 06:00:00;;;
2021-07-01 07:00:00;;;
2021-07-01 08:00:00;;;
2021-07-01 09:00:00;;;
2021-07-01 10:00:00;;;
2021-07-01 11:00:00;;;
2021-07-01 12:00:00;;;
2021-07-01 13:00:00;;;
2021-07-01 14:00:00;;;
2021-07-01 15:00:00;;;
2021-07-01 16:00:00;;;
2021-07-01 17:00:00;;;
2021-07-01 18:00:00;;;
2021-07-01 19:00:00;;;
2021-07-01 20:00:00;;;
2021-07-01 21:00:00;;;
2021-07-01 22:00:00;;;
2021-07-01 23:00:00;;;
2021-07-02 00:00:00;;;
2021-07-02 01:00:00;;;
2021-07-02 02:00:00;;;
2021-07-02 03:00:00;;;
2021-07-02 04:00:00;;;
2021-07-02 05:00:00;;;
2021-07-02 06:00:00;;;
2021-07-02 07:00:00;;;
2021-07-02 08:00:00;;;
2021-07-02 09:00:00;;;
2021-07-02 10:00:00;;;
2021-07-02 11:00:00;;;
2021-07-02 12:00:00;;;
2021-07-02 13:00:00;;;
2021-07-02 14:00:00;;;
2021-07-02 15:00:00;;;
2021-07-02 16:00:00;;;
2021-07-02 17:00:00;;;
2021-07-02 18:00:00;;;
2021-07-02 19:00:00;;;
2021-07-02 20:00:00;;;
2021-07-02 21:00:00;;;
2021-07-02 22:00:00;;;
2021-07-02 23:00:00;;;
2021-07-03 00:00:00;;;
2021-07-03 01:00:00;;;
2021-07-03 02:00:00;;;
2021-07-03 03:00:00;;;
2021-07-03 04:00:00;;;
2021-07-03 05:00:00;;;
2021-07-03 06:00:00;;;
2021-07-03 07:00:00;;;
2021-07-03 08:00:00;;;
2021-07-03 09:00:00;;;
2021-07-03 10:00:00;;;
2021-07-03 11:00:00;;;
2021-07-03 12:00:00;;;
2021-07-03 13:00:00;;;
2021-07-03 14:00:00;;;
2021-07-03 15:00:00;;;
2021-07-03 16:00:00;;;
2021-07-03 17:00:00;;;
2021-07-03 18:00:00;;;
2021-07-03 19:00:00;;;
2021-07-03 20:00:00;;;
2021-07-03 21:00:00;;;
2021-07-03 22:00:00;;;
2021-07-03 23:00:00;;;
2021-07-04 00:00:00;;;
2021-07-04 01:00:00;;;
2021-07-04 02:00:00;;;
2021-07-04 03:00:00;;;
2021-07-04 04:00:00;;;
2021-07-04 05:00:00;;;
2021-07-04 06:00:00;;;
2021-07-04 07:00:00;;;
2021-07-04 08:00:00;;;
2021-07-04 09:00:00;;;
2021-07-04 10:00:00;;;
2021-07-04 11:00:00;;;
2021-07-04 12:00:00;;;
2021-07-04 13:00:00;;;
2021-07-04 14:00:00;;;
2021-07-04 15:00:00;;;
2021-07-04 16:00:00;;;
2021-07-04 17:00:00;;;
2021-07-04 18:00:00;;;
2021-07-04 19:00:00;;;
2021-07-04 20:00:00;;;
2021-07-04 21:00:00;;;
2021-07-04 22:00:00;;;
2021-07-04 23:00:00;;;
2021-07-05 00:00:00;;;
2021-07-05 01:00:00;;;
2021-07-05 02:00:00;;;
2021-07-05 03:00:00;;;
2021-07-05 04:00:00;;;
2021-07-05 05:00:00;;;
2021-07-05 06:00:00;;;
2021-07-05 07:00:00;;;
2021-07-05 08:00:00;;;
2021-07-05 09:00:00;;;
2021-07-05 10:00:00;;;
2021-07-05 11:00:00;;;
2021-07-05 12:00:00;;;
2021-07-05 13:00:00;;;
2021-07-05 14:00:00;;;
2021-07-05 15:00:00;;;
2021-07-05 16:00:00;;;
2021-07-05 17:00:00;;;
2021-07-05 18:00:00;;;
2021-07-05 19:00:00;;;
2021-07-05 20:00:00;;;
2021-07-05 21:00:00;;;
2021-07-05 22:00:00;;;
2021-07-05 23:00:00;;;
2021-07-06 00:00:00;;;
2021-07-06 01:00:00;;;
2021-07-06 02:00:00;;;
2021-07-06 03:00:00;;;
2021-07-06 04:00:00;;;
2021-07-06 05:00:00;;;
2021-07-06 06:00:00;;;
2021-07-06 07:00:00;;;
2021-07-06 08:00:00;;;
2021-07-06 09:00:00;;;
2021-07-06 10:00:00;;;
2021-07-06 11:00:00;;;
2021-07-06 12:00:00;;;
2021-07-06 13:00:00;;;
2021-07-06 14:00:00;;;
2021-07-06 15:00:00;;;
2021-07-06 16:00:00;;;
2021-07-06 17:00:00;;;
2021-07-06 18:00:00;;;
2021-07-06 19:00:00;;;
2021-07-06 20:00:00;;;
2021-07-06 21:00:00;;;
2021-07-06 22:00:00;;;
2021-07-06 23:00:00;;;
2021-07-07 00:00:00;;;
2021-07-07 01:00:00;;;
2021-07-07 02:00:00;;;
2021-07-07 03:00:00;;;
2021-07-07 04:00:00;;;
2021-07-07 05:00:00;;;
2021-07-07 06:00:00;;;
2021-07-07 07:00:00;;;
2021-07-07 08:00:00;;;
2021-07-07 09:00:00;;;
2021-07-07 10:00:00;;;
2021-07-07 11:00:00;;;
2021-07-07 12:00:00;;;
2021-07-07 13:00:00;;;
2021-07-07 14:00:00;;;
2021-07-07 15:00:00;;;
2021-07-07 16:00:00;;;
2021-07-07 17:00:00;;;
2021-07-07 18:00:00;;;
2021-07-07 19:00:00;;;
2021-07-07 20:00:00;;;
2021-07-07 21:00:00;;;
2021-07-07 22:00:00;;;
2021-07-07 23:00:00;;;
2021-07-08 00:00:00;;;
2021-07-08 01:00:00;;;
2021-07-08 02:00:00;;;
2021-07-08 03:00:00;;;
2021-07-08 04:00:00;;;
2021-07-08 05:00:00;;;
2021-07-08 06:00:00;;;
2021-07-08 07:00:00;;;
2021-07-08 08:00:00;;;
2021-07-08 09:00:00;;;
2021-07-08 10:00:00;;;
2021-07-08 11:00:00;;;
2021-07-08 12:00:00;;;
2021-07-08 13:00:00;;;
2021-07-08 14:00:00;;;
2021-07-08 15:00:00;;;
2021-07-08 16:00:00;;;
2021-07-08 17:00:00;;;
2021-07-08 18:00:00;;;
2021-07-08 19:00:00;;;
2021-07-08 20:00:00;;;
2021-07-08 21:00:00;;;
2021-07-08 22:00:00;;;
2021-07-08 23:00:00;;;
2021-07-09 00:00:00;;;
2021-07-09 01:00:00;;;
2021-07-09 02:00:00;;;
2021-07-09 03:00:00;;;
2021-07-09 04:00:00;;;
2021-07-09 05:00:00;;;
2021-07-09 06:00:00;;;
2021-07-09 07:00:00;;;
2021-07-09 08:00:00;;;
2021-07-09 09:00:00;;;
2021-07-09 10:00:00;;;
2021-07-09 11:00:00;;;
2021-07-09 12:00:00;;;
2021-07-09 13:00:00;;;
2021-07-09 14:00:00;;;
2021-07-09 15:00:00;;;
2021-07-09 16:00:00;;;
2021-07-09 17:00:00;;;
2021-07-09 18:00:00;;;
2021-07-09 19:00:00;;;
2021-07-09 20:00:00;;;
2021-07-09 21:00:00;;;
2021-07-09 22:00:00;;;
2021-07-09 23:00:00;;;
2021-07-10 00:00:00;;;
2021-07-10 01:00:00;;;
2021-07-10 02:00:00;;;
2021-07-10 03:00:00;;;
2021-07-10 04:00:00;;;
2021-07-10 05:00:00;;;
2021-07-10 06:00:00;;;
2021-07-10 07:00:00;;;
2021-07-10 08:00:00;;;
2021-07-10 09:00:00;;;
2021-07-10 10:00:00;;;
2021-07-10 11:00:00;;;
2021-07-10 12:00:00;;;
2021-07-10 13:00:00;;;
2021-07-10 14:00:00;;;
2021-07-10 15:00:00;;;
2021-07-10 16:00:00;;;
2021-07-10 17:00:00;;;
2021-07-10 18:00:00;;;
2021-07-10 19:00:00;;;
2021-07-10 20:00:00;;;
2021-07-10 21:00:00;;;
2021-07-10 22:00:00;;;
2021-07-10 23:00:00;;;
2021-07-11 00:00:00;;;
2021-07-11 01:00:00;;;
2021-07-11 02:00:00;;;
2021-07-11 03:00:00;;;
2021-07-11 04:00:00;;;
2021-07-11 05:00:00;;;
2021-07-11 06:00:00;;;
2021-07-11 07:00:00;;;
2021-07-11 08:00:00;;;
2021-07-11 09:00:00;;;
2021-07-11 10:00:00;;;
2021-07-11 11:00:00;;;
2021-07-11 12:00:00;;;
2021-07-11 13:00:00;;;
2021-07-11 14:00:00;;;
2021-07-11 15:00:00;;;
2021-07-11 16:00:00;;;
2021-07-11 17:00:00;;;
2021-07-11 18:00:00;;;
2021-07-11 19:00:00;;;
2021-07-11 20:00:00;;;
2021-07-11 21:00:00;;;
2021-07-11 22:00:00;;;
2021-07-11 23:00:00;;;
2021-07-12 00:00:00;;;
2021-07-12 01:00:00;;;
2021-07-12 02:00:00;;;
2021-07-12 03:00:00;;;
2021-07-12 04:00:00;;;
2021-07-12 05:00:00;;;
2021-07-12 06:00:00;;;
2021-07-12 07:00:00;;;
2021-07-12 08:00:00;;;
2021-07-12 09:00:00;;;
2021-07-12 10:00:00;;;
2021-07-12 11:00:00;;;
2021-07-12 12:00:00;;;
2021-07-12 13:00:00;;;
2021-07-12 14:00:00;;;
2021-07-12 15:00:00;;;
2021-07-12 16:00:00;;;
2021-07-12 17:00:00;;;
2021-07-12 18:00:00;;;
2021-07-12 19:00:00;;;
2021-07-12 20:00:00;;;
2021-07-12 21:00:00;;;
2021-07-12 22:00:00;;;
2021-07-12 23:00:00;;;
2021-07-13 00:00:00;;;
2021-07-13 01:00:00;;;
2021-07-13 02:00:00;;;
2021-07-13 03:00:00;;;
2021-07-13 04:00:00;;;
2021-07-13 05:00:00;;;
2021-07-13 06:00:00;;;
2021-07-13 07:00:00;;;
2021-07-13 08:00:00;;;
2021-07-13 09:00:00;;;
2021-07-13 10:00:00;;;
2021-07-13 11:00:00;;;
2021-07-13 12:00:00;;;
2021-07-13 13:00:00;;;
2021-07-13 14:00:00;;;
2021-07-13 15:00:00;;;
2021-07-13 16:00:00;;;
2021-07-13 17:00:00;;;
2021-07-13 18:00:00;;;
2021-07-13 19:00:00;;;
2021-07-13 20:00:00;;;
2021-07-13 21:00:00;;;
2021-07-13 22:00:00;;;
2021-07-13 23:00:00;;;
2021-07-14 00:00:00;;;
2021-07-14 01:00:00;;;
2021-07-14 02:00:00;;;
2021-07-14 03:00:00;;;
2021-07-14 04:00:00;;;
2021-07-14 05:00:00;;;
2021-07-14 06:00:00;;;
2021-07-14 07:00:00;;;
2021-07-14 08:00:00;;;
2021-07-14 09:00:00;;;
2021-07-14 10:00:00;;;
2021-07-14 11:00:00;;;
2021-07-14 12:00:00;;;
2021-07-14 13:00:00;;;
2021-07-14 14:00:00;;;
2021-07-14 15:00:00;;;
2021-07-14 16:00:00;;;
2021-07-14 17:00:00;;;
2021-07-14 18:00:00;;;
2021-07-14 19:00:00;;;
2021-07-14 20:00:00;;;
2021-07-14 21:00:00;;;
2021-07-14 22:00:00;;;
2021-07-14 23:00:00;;;
2021-07-15 00:00:00;;;
2021-07-15 01:00:00;;;
2021-07-15 02:00:00;;;
2021-07-15 03:00:00;;;
2021-07-15 04:00:00;;;
2021-07-15 05:00:00;;;
2021-07-15 06:00:00;;;
2021-07-15 07:00:00;;;
2021-07-15 08:00:00;;;
2021-07-15 09:00:00;;;
2021-07-15 10:00:00;;;
2021-07-15 11:00:00;;;
2021-07-15 12:00:00;;;
2021-07-15 13:00:00;;;
2021-07-15 14:00:00;;;
2021-07-15 15:00:00;;;
2021-07-15 16:00:00;;;
2021-07-15 17:00:00;;;
2021-07-15 18:00:00;;;
2021-07-15 19:00:00;;;
2021-07-15 20:00:00;;;
2021-07-15 21:00:00;;;
2021-07-15 22:00:00;;;
2021-07-15 23:00:00;;;
2021-07-16 00:00:00;;;
2021-07-16 01:00:00;;;
2021-07-16 02:00:00;;;
2021-07-16 03:00:00;;;
2021-07-16 04:00:00;;;
2021-07-16 05:00:00;;;
2021-07-16 06:00:00;;;
2021-07-16 07:00:00;;;
2021-07-16 08:00:00;;;
2021-07-16 09:00:00;;;
2021-07-16 10:00:00;;;
2021-07-16 11:00:00;;;
2021-07-16 12:00:00;;;
2021-07-16 13:00:00;;;
2021-07-16 14:00:00;;;
2021-07-16 15:00:00;;;
2021-07-16 16:00:00;;;
2021-07-16 17:00:00;;;
2021-07-16 18:00:00;;;
2021-07-16 19:00:00;;;
2021-07-16 20:00:00;;;
2021-07-16 21:00:00;;;
2021-07-16 22:00:00;;;
2021-07-16 23:00:00;;;
2021-07-17 00:00:00;;;
2021-07-17 01:00:00;;;
2021-07-17 02:00:00;;;
2021-07-17 03:00:00;;;
2021-07-17 04:00:00;;;
2021-07-17 05:00:00;;;
2021-07-17 06:00:00;;;
2021-07-17 07:00:00;;;
2021-07-17 08:00:00;;;
2021-07-17 09:00:00;;;
2021-07-17 10:00:00;;;
2021-07-17 11:00:00;;;
2021-07-17 12:00:00;;;
2021-07-17 13:00:00;;;
2021-07-17 14:00:00;;;
2021-07-17 15:00:00;;;
2021-07-17 16:00:00;;;
2021-07-17 17:00:00;;;
2021-07-17 18:00:00;;;
2021-07-17 19:00:00;;;
2021-07-17 20:00:00;;;
2021-07-17 21:00:00;;;
2021-07-17 22:00:00;;;
2021-07-17 23:00:00;;;
2021-07-18 00:00:00;;;
2021-07-18 01:00:00;;;
2021-07-18 02:00:00;;;
2021-07-18 03:00:00;;;
2021-07-18 04:00:00;;;
2021-07-18 05:00:00;;;
2021-07-18 06:00:00;;;
2021-07-18 07:00:00;;;
2021-07-18 08:00:00;;;
2021-07-18 09:00:00;;;
2021-07-18 10:00:00;;;
2021-07-18 11:00:00;;;
2021-07-18 12:00:00;;;
2021-07-18 13:00:00;;;
2021-07-18 14:00:00;;;
2021-07-18 15:00:00;;;
2021-07-18 16:00:00;;;
2021-07-18 17:00:00;;;
2021-07-18 18:00:00;;;
2021-07-18 19:00:00;;;
2021-07-18 20:00:00;;;
2021-07-18 21:00:00;;;
2021-07-18 22:00:00;;;
2021-07-18 23:00:00;;;
2021-07-19 00:00:00;;;
2021-07-19 01:00:00;;;
2021-07-19 02:00:00;;;
2021-07-19 03:00:00;;;
2021-07-19 04:00:00;;;
2021-07-19 05:00:00;;;
2021-07-19 06:00:00;;;
2021-07-19 07:00:00;;;
2021-07-19 08:00:00;;;
2021-07-19 09:00:00;;;
2021-07-19 10:00:00;;;
2021-07-19 11:00:00;;;
2021-07-19 12:00:00;;;
2021-07-19 13:00:00;;;
2021-07-19 14:00:00;;;
2021-07-19 15:00:00;;;
2021-07-19 16:00:00;;;
2021-07-19 17:00:00;;;
2021-07-19 18:00:00;;;
2021-07-19 19:00:00;;;
2021-07-19 20:00:00;;;
2021-07-19 21:00:00;;;
2021-07-19 22:00:00;;;
2021-07-19 23:00:00;;;
2021-07-20 00:00:00;;;
2021-07-20 01:00:00;;;
2021-07-20 02:00:00;;;
2021-07-20 03:00:00;;;
2021-07-20 04:00:00;;;
2021-07-20 05:00:00;;;
2021-07-20 06:00:00;;;
2021-07-20 07:00:00;;;
2021-07-20 08:00:00;;;
2021-07-20 09:00:00;;;
2021-07-20 10:00:00;;;
2021-07-20 11:00:00;;;
2021-07-20 12:00:00;;;
2021-07-20 13:00:00;;;
2021-07-20 14:00:00;;;
2021-07-20 15:00:00;;;
2021-07-20 16:00:00;;;
2021-07-20 17:00:00;;;
2021-07-20 18:00:00;;;
2021-07-20 19:00:00;;;
2021-07-20 20:00:00;;;
2021-07-20 21:00:00;;;
2021-07-20 22:00:00;;;
2021-07-20 23:00:00;;;
2021-07-21 00:00:00;;;
2021-07-21 01:00:00;;;
2021-07-21 02:00:00;;;
2021-07-21 03:00:00;;;
2021-07-21 04:00:00;;;
2021-07-21 05:00:00;;;
2021-07-21 06:00:00;;;
2021-07-21 07:00:00;;;
2021-07-21 08:00:00;;;
2021-07-21 09:00:00;;;
2021-07-21 10:00:00;;;
2021-07-21 11:00:00;;;
2021-07-21 12:00:00;;;
2021-07-21 13:00:00;;;
2021-07-21 14:00:00;;;
2021-07-21 15:00:00;;;
2021-07-21 16:00:00;;;
2021-07-21 17:00:00;;;
2021-07-21 18:00:00;;;
2021-07-21 19:00:00;;;
2021-07-21 20:00:00;;;
2021-07-21 21:00:00;;;
2021-07-21 22:00:00;;;
2021-07-21 23:00:00;;;
2021-07-22 00:00:00;;;
2021-07-22 01:00:00;;;
2021-07-22 02:00:00;;;
2021-07-22 03:00:00;;;
2021-07-22 04:00:00;;;
2021-07-22 05:00:00;;;
2021-07-22 06:00:00;;;
2021-07-22 07:00:00;;;
2021-07-22 08:00:00;;;
2021-07-22 09:00:00;;;
2021-07-22 10:00:00;;;
2021-07-22 11:00:00;;;
2021-07-22 12:00:00;;;
2021-07-22 13:00:00;;;
2021-07-22 14:00:00;;;
2021-07-22 15:00:00;;;
2021-07-22 16:00:00;;;
2021-07-22 17:00:00;;;
2021-07-22 18:00:00;;;
2021-07-22 19:00:00;;;
2021-07-22 20:00:00;;;
2021-07-22 21:00:00;;;
2021-07-22 22:00:00;;;
2021-07-22 23:00:00;;;
2021-07-23 00:00:00;;;
2021-07-23 01:00:00;;;
2021-07-23 02:00:00;;;
2021-07-23 03:00:00;;;
2021-07-23 04:00:00;;;
2021-07-23 05:00:00;;;
2021-07-23 06:00:00;;;
2021-07-23 07:00:00;;;
2021-07-23 08:00:00;;;
2021-07-23 09:00:00;;;
2021-07-23 10:00:00;;;
2021-07-23 11:00:00;;;
2021-07-23 12:00:00;;;
2021-07-23 13:00:00;;;
2021-07-23 14:00:00;;;
2021-07-23 15:00:00;;;
2021-07-23 16:00:00;;;
2021-07-23 17:00:00;;;
2021-07-23 18:00:00;;;
2021-07-23 19:00:00;;;
2021-07-23 20:00:00;;;
2021-07-23 21:00:00;;;
2021-07-23 22:00:00;;;
2021-07-23 23:00:00;;;
2021-07-24 00:00:00;;;
2021-07-24 01:00:00;;;
2021-07-24 02:00:00;;;
2021-07-24 03:00:00;;;
2021-07-24 04:00:00;;;
2021-07-24 05:00:00;;;
2021-07-24 06:00:00;;;
2021-07-24 07:00:00;;;
2021-07-24 08:00:00;;;
2021-07-24 09:00:00;;;
2021-07-24 10:00:00;;;
2021-07-24 11:00:00;;;
2021-07-24 12:00:00;;;
2021-07-24 13:00:00;;;
2021-07-24 14:00:00;;;
2021-07-24 15:00:00;;;
2021-07-24 16:00:00;;;
2021-07-24 17:00:00;;;
2021-07-24 18:00:00;;;
2021-07-24 19:00:00;;;
2021-07-24 20:00:00;;;
2021-07-24 21:00:00;;;
2021-07-24 22:00:00;;;
2021-07-24 23:00:00;;;
2021-07-25 00:00:00;;;
2021-07-25 01:00:00;;;
2021-07-25 02:00:00;;;
2021-07-25 03:00:00;;;
2021-07-25 04:00:00;;;
2021-07-25 05:00:00;;;
2021-07-25 06:00:00;;;
2021-07-25 07:00:00;;;
2021-07-25 08:00:00;;;
2021-07-25 09:00:00;;;
2021-07-25 10:00:00;;;
2021-07-25 11:00:00;;;
2021-07-25 12:00:00;;;
2021-07-25 13:00:00;;;
2021-07-25 14:00:00;;;
2021-07-25 15:00:00;;;
2021-07-25 16:00:00;;;
2021-07-25 17:00:00;;;
2021-07-25 18:00:00;;;
2021-07-25 19:00:00;;;
2021-07-25 20:00:00;;;
2021-07-25 21:00:00;;;
2021-07-25 22:00:00;;;
2021-07-25 23:00:00;;;
2021-07-26 00:00:00;;;
2021-07-26 01:00:00;;;
2021-07-26 02:00:00;;;
2021-07-26 03:00:00;;;
2021-07-26 04:00:00;;;
2021-07-26 05:00:00;;;
2021-07-26 06:00:00;;;
2021-07-26 07:00:00;;;
2021-07-26 08:00:00;;;
2021-07-26 09:00:00;;;
2021-07-26 10:00:00;;;
2021-07-26 11:00:00;;;
2021-07-26 12:00:00;;;
2021-07-26 13:00:00;;;
2021-07-26 14:00:00;;;
2021-07-26 15:00:00;;;
2021-07-26 16:00:00;;;
2021-07-26 17:00:00;;;
2021-07-26 18:00:00;;;
2021-07-26 19:00:00;;;
2021-07-26 20:00:00;;;
2021-07-26 21:00:00;;;
2021-07-26 22:00:00;;;
2021-07-26 23:00:00;;;
2021-07-27 00:00:00;;;
2021-07-27 01:00:00;;;
2021-07-27 02:00:00;;;
2021-07-27 03:00:00;;;
2021-07-27 04:00:00;;;
2021-07-27 05:00:00;;;
2021-07-27 06:00:00;;;
2021-07-27 07:00:00;;;
2021-07-27 08:00:00;;;
2021-07-27 09:00:00;;;
2021-07-27 10:00:00;;;
2021-07-27 11:00:00;;;
2021-07-27 12:00:00;;;
2021-07-27 13:00:00;;;
2021-07-27 14:00:00;;;
2021-07-27 15:00:00;;;
2021-07-27 16:00:00;;;
2021-07-27 17:00:00;;;
2021-07-27 18:00:00;;;
2021-07-27 19:00:00;;;
2021-07-27 20:00:00;;;
2021-07-27 21:00:00;;;
2021-07-27 22:00:00;;;
2021-07-27 23:00:00;;;
2021-07-28 00:00:00;;;
2021-07-28 01:00:00;;;
2021-07-28 02:00:00;;;
2021-07-28 03:00:00;;;
2021-07-28 04:00:00;;;
2021-07-28 05:00:00;;;
2021-07-28 06:00:00;;;
2021-07-28 07:00:00;;;
2021-07-28 08:00:00;;;
2021-07-28 09:00:00;;;
2021-07-28 10:00:00;;;
2021-07-28 11:00:00;;;
2021-07-28 12:00:00;;;
2021-07-28 13:00:00;;;
2021-07-28 14:00:00;;;
2021-07-28 15:00:00;;;
2021-07-28 16:00:00;;;
2021-07-28 17:00:00;;;
2021-07-28 18:00:00;;;
2021-07-28 19:00:00;;;
2021-07-28 20:00:00;;;
2021-07-28 21:00:00;;;
2021-07-28 22:00:00;;;
2021-07-28 23:00:00;;;
2021-07-29 00:00:00;;;
2021-07-29 01:00:00;;;
2021-07-29 02:00:00;;;
2021-07-29 03:00:00;;;
2021-07-29 04:00:00;;;
2021-07-29 05:00:00;;;
2021-07-29 06:00:00;;;
2021-07-29 07:00:00;;;
2021-07-29 08:00:00;;;
2021-07-29 09:00:00;;;
2021-07-29 10:00:00;;;
2021-07-29 11:00:00;;;
2021-07-29 12:00:00;;;
2021-07-29 13:00:00;;;
2021-07-29 14:00:00;;;
2021-07-29 15:00:00;;;
2021-07-29 16:00:00;;;
2021-07-29 17:00:00;;;
2021-07-29 18:00:00;;;
2021-07-29 19:00:00;;;
2021-07-29 20:00:00;;;
2021-07-29 21:00:00;;;
2021-07-29 22:00:00;;;
2021-07-29 23:00:00;;;
2021-07-30 00:00:00;;;
2021-07-30 01:00:00;;;
2021-07-30 02:00:00;;;
2021-07-30 03:00:00;;;
2021-07-30 04:00:00;;;
2021-07-30 05:00:00;;;
2021-07-30 06:00:00;;;
2021-07-30 07:00:00;;;
2021-07-30 08:00:00;;;
2021-07-30 09:00:00;;;
2021-07-30 10:00:00;;;
2021-07-30 11:00:00;;;
2021-07-30 12:00:00;;;
2021-07-30 13:00:00;;;
2021-07-30 14:00:00;;;
2021-07-30 15:00:00;;;
2021-07-30 16:00:00;;;
2021-07-30 17:00:00;;;
2021-07-30 18:00:00;;;
2021-07-30 19:00:00;;;
2021-07-30 20:00:00;;;
2021-07-30 21:00:00;;;
2021-07-30 22:00:00;;;
2021-07-30 23:00:00;;;
2021-07-31 00:00:00;;;
2021-07-31 01:00:00;;;
2021-07-31 02:00:00;;;
2021-07-31 03:00:00;;;
2021-07-31 04:00:00;;;
2021-07-31 05:00:00;;;
2021-07-31 06:00:00;;;
2021-07-31 07:00:00;;;
2021-07-31 08:00:00;;;
2021-07-31 09:00:00;;;
2021-07-31 10:00:00;;;
2021-07-31 11:00:00;;;
2021-07-31 12:00:00;;;
2021-07-31 13:00:00;;;
2021-07-31 14:00:00;;;
2021-07-31 15:00:00;;;
2021-07-31 16:00:00;;;
2021-07-31 17:00:00;;;
2021-07-31 18:00:00;;;
2021-07-31 19:00:00;;;
2021-07-31 20:00:00;;;
2021-07-31 21:00:00;;;
2021-07-31 22:00:00;;;
2021-07-31 23:00:00;;;
2021-08-01 00:00:00;;;
2021-08-01 01:00:00;;;
2021-08-01 02:00:00;;;
2021-08-01 03:00:00;;;
2021-08-01 04:00:00;;;
2021-08-01 05:00:00;;;
2021-08-01 06:00:00;;;
2021-08-01 07:00:00;;;
2021-08-01 08:00:00;;;
2021-08-01 09:00:00;;;
2021-08-01 10:00:00;;;
2021-08-01 11:00:00;;;
2021-08-01 12:00:00;;;
2021-08-01 13:00:00;;;
2021-08-01 14:00:00;;;
2021-08-01 15:00:00;;;
2021-08-01 16:00:00;;;
2021-08-01 17:00:00;;;
2021-08-01 18:00:00;;;
2021-08-01 19:00:00;;;
2021-08-01 20:00:00;;;
2021-08-01 21:00:00;;;
2021-08-01 22:00:00;;;
2021-08-01 23:00:00;;;
2021-08-02 00:00:00;;;
2021-08-02 01:00:00;;;
2021-08-02 02:00:00;;;
2021-08-02 03:00:00;;;
2021-08-02 04:00:00;;;
2021-08-02 05:00:00;;;
2021-08-02 06:00:00;;;
2021-08-02 07:00:00;;;
2021-08-02 08:00:00;;;
2021-08-02 09:00:00;;;
2021-08-02 10:00:00;;;
2021-08-02 11:00:00;;;
2021-08-02 12:00:00;;;
2021-08-02 13:00:00;;;
2021-08-02 14:00:00;;;
2021-08-02 15:00:00;;;
2021-08-02 16:00:00;;;
2021-08-02 17:00:00;;;
2021-08-02 18:00:00;;;
2021-08-02 19:00:00;;;
2021-08-02 20:00:00;;;
2021-08-02 21:00:00;;;
2021-08-02 22:00:00;;;
2021-08-02 23:00:00;;;
2021-08-03 00:00:00;;;
2021-08-03 01:00:00;;;
2021-08-03 02:00:00;;;
2021-08-03 03:00:00;;;
2021-08-03 04:00:00;;;
2021-08-03 05:00:00;;;
2021-08-03 06:00:00;;;
2021-08-03 07:00:00;;;
2021-08-03 08:00:00;;;
2021-08-03 09:00:00;;;
2021-08-03 10:00:00;;;
2021-08-03 11:00:00;;;
2021-08-03 12:00:00;;;
2021-08-03 13:00:00;;;
2021-08-03 14:00:00;;;
2021-08-03 15:00:00;;;
2021-08-03 16:00:00;;;
2021-08-03 17:00:00;;;
2021-08-03 18:00:00;;;
2021-08-03 19:00:00;;;
2021-08-03 20:00:00;;;
2021-08-03 21:00:00;;;
2021-08-03 22:00:00;;;
2021-08-03 23:00:00;;;
2021-08-04 00:00:00;;;
2021-08-04 01:00:00;;;
2021-08-04 02:00:00;;;
2021-08-04 03:00:00;;;
2021-08-04 04:00:00;;;
2021-08-04 05:00:00;;;
2021-08-04 06:00:00;;;
2021-08-04 07:00:00;;;
2021-08-04 08:00:00;;;
2021-08-04 09:00:00;;;
2021-08-04 10:00:00;;;
2021-08-04 11:00:00;;;
2021-08-04 12:00:00;;;
2021-08-04 13:00:00;;;
2021-08-04 14:00:00;;;
2021-08-04 15:00:00;;;
2021-08-04 16:00:00;;;
2021-08-04 17:00:00;;;
2021-08-04 18:00:00;;;
2021-08-04 19:00:00;;;
2021-08-04 20:00:00;;;
2021-08-04 21:00:00;;;
2021-08-04 22:00:00;;;
2021-08-04 23:00:00;;;
2021-08-05 00:00:00;;;
2021-08-05 01:00:00;;;
2021-08-05 02:00:00;;;
2021-08-05 03:00:00;;;
2021-08-05 04:00:00;;;
2021-08-05 05:00:00;;;
2021-08-05 06:00:00;;;
2021-08-05 07:00:00;;;
2021-08-05 08:00:00;;;
2021-08-05 09:00:00;;;
2021-08-05 10:00:00;;;
2021-08-05 11:00:00;;;
2021-08-05 12:00:00;;;
2021-08-05 13:00:00;;;
2021-08-05 14:00:00;;;
2021-08-05 15:00:00;;;
2021-08-05 16:00:00;;;
2021-08-05 17:00:00;;;
2021-08-05 18:00:00;;;
2021-08-05 19:00:00;;;
2021-08-05 20:00:00;;;
2021-08-05 21:00:00;;;
2021-08-05 22:00:00;;;
2021-08-05 23:00:00;;;
2021-08-06 00:00:00;;;
2021-08-06 01:00:00;;;
2021-08-06 02:00:00;;;
2021-08-06 03:00:00;;;
2021-08-06 04:00:00;;;
2021-08-06 05:00:00;;;
2021-08-06 06:00:00;;;
2021-08-06 07:00:00;;;
2021-08-06 08:00:00;;;
2021-08-06 09:00:00;;;
2021-08-06 10:00:00;;;
2021-08-06 11:00:00;;;
2021-08-06 12:00:00;;;
2021-08-06 13:00:00;;;
2021-08-06 14:00:00;;;
2021-08-06 15:00:00;;;
2021-08-06 16:00:00;;;
2021-08-06 17:00:00;;;
2021-08-06 18:00:00;;;
2021-08-06 19:00:00;;;
2021-08-06 20:00:00;;;
2021-08-06 21:00:00;;;
2021-08-06 22:00:00;;;
2021-08-06 23:00:00;;;
2021-08-07 00:00:00;;;
2021-08-07 01:00:00;;;
2021-08-07 02:00:00;;;
2021-08-07 03:00:00;;;
2021-08-07 04:00:00;;;
2021-08-07 05:00:00;;;
2021-08-07 06:00:00;;;
2021-08-07 07:00:00;;;
2021-08-07 08:00:00;;;
2021-08-07 09:00:00;;;
2021-08-07 10:00:00;;;
2021-08-07 11:00:00;;;
2021-08-07 12:00:00;;;
2021-08-07 13:00:00;;;
2021-08-07 14:00:00;;;
2021-08-07 15:00:00;;;
2021-08-07 16:00:00;;;
2021-08-07 17:00:00;;;
2021-08-07 18:00:00;;;
2021-08-07 19:00:00;;;
2021-08-07 20:00:00;;;
2021-08-07 21:00:00;;;
2021-08-07 22:00:00;;;
2021-08-07 23:00:00;;;
2021-08-08 00:00:00;;;
2021-08-08 01:00:00;;;
2021-08-08 02:00:00;;;
2021-08-08 03:00:00;;;
2021-08-08 04:00:00;;;
2021-08-08 05:00:00;;;
2021-08-08 06:00:00;;;
2021-08-08 07:00:00;;;
2021-08-08 08:00:00;;;
2021-08-08 09:00:00;;;
2021-08-08 10:00:00;;;
2021-08-08 11:00:00;;;
2021-08-08 12:00:00;;;
2021-08-08 13:00:00;;;
2021-08-08 14:00:00;;;
2021-08-08 15:00:00;;;
2021-08-08 16:00:00;;;
2021-08-08 17:00:00;;;
2021-08-08 18:00:00;;;
2021-08-08 19:00:00;;;
2021-08-08 20:00:00;;;
2021-08-08 21:00:00;;;
2021-08-08 22:00:00;;;
2021-08-08 23:00:00;;;
2021-08-09 00:00:00;;;
2021-08-09 01:00:00;;;
2021-08-09 02:00:00;;;
2021-08-09 03:00:00;;;
2021-08-09 04:00:00;;;
2021-08-09 05:00:00;;;
2021-08-09 06:00:00;;;
2021-08-09 07:00:00;;;
2021-08-09 08:00:00;;;
2021-08-09 09:00:00;;;
2021-08-09 10:00:00;;;
2021-08-09 11:00:00;;;
2021-08-09 12:00:00;;;
2021-08-09 13:00:00;;;
2021-08-09 14:00:00;;;
2021-08-09 15:00:00;;;
2021-08-09 16:00:00;;;
2021-08-09 17:00:00;;;
2021-08-09 18:00:00;;;
2021-08-09 19:00:00;;;
2021-08-09 20:00:00;;;
2021-08-09 21:00:00;;;
2021-08-09 22:00:00;;;
2021-08-09 23:00:00;;;
2021-08-10 00:00:00;;;
2021-08-10 01:00:00;;;
2021-08-10 02:00:00;;;
2021-08-10 03:00:00;;;
2021-08-10 04:00:00;;;
2021-08-10 05:00:00;;;
2021-08-10 06:00:00;;;
2021-08-10 07:00:00;;;
2021-08-10 08:00:00;;;
2021-08-10 09:00:00;;;
2021-08-10 10:00:00;;;
2021-08-10 11:00:00;;;
2021-08-10 12:00:00;;;
2021-08-10 13:00:00;;;
2021-08-10 14:00:00;;;
2021-08-10 15:00:00;;;
2021-08-10 16:00:00;;;
2021-08-10 17:00:00;;;
2021-08-10 18:00:00;;;
2021-08-10 19:00:00;;;
2021-08-10 20:00:00;;;
2021-08-10 21:00:00;;;
2021-08-10 22:00:00;;;
2021-08-10 23:00:00;;;
2021-08-11 00:00:00;;;
2021-08-11 01:00:00;;;
2021-08-11 02:00:00;;;
2021-08-11 03:00:00;;;
2021-08-11 04:00:00;;;
2021-08-11 05:00:00;;;
2021-08-11 06:00:00;;;
2021-08-11 07:00:00;;;
2021-08-11 08:00:00;;;
2021-08-11 09:00:00;;;
2021-08-11 10:00:00;;;
2021-08-11 11:00:00;;;
2021-08-11 12:00:00;;;
2021-08-11 13:00:00;;;
2021-08-11 14:00:00;;;
2021-08-11 15:00:00;;;
2021-08-11 16:00:00;;;
2021-08-11 17:00:00;;;
2021-08-11 18:00:00;;;
2021-08-11 19:00:00;;;
2021-08-11 20:00:00;;;
2021-08-11 21:00:00;;;
2021-08-11 22:00:00;;;
2021-08-11 23:00:00;;;
2021-08-12 00:00:00;;;
2021-08-12 01:00:00;;;
2021-08-12 02:00:00;;;
2021-08-12 03:00:00;;;
2021-08-12 04:00:00;;;
2021-08-12 05:00:00;;;
2021-08-12 06:00:00;;;
2021-08-12 07:00:00;;;
2021-08-12 08:00:00;;;
2021-08-12 09:00:00;;;
2021-08-12 10:00:00;;;
2021-08-12 11:00:00;;;
2021-08-12 12:00:00;;;
2021-08-12 13:00:00;;;
2021-08-12 14:00:00;;;
2021-08-12 15:00:00;;;
2021-08-12 16:00:00;;;
2021-08-12 17:00:00;;;
2021-08-12 18:00:00;;;
2021-08-12 19:00:00;;;
2021-08-12 20:00:00;;;
2021-08-12 21:00:00;;;
2021-08-12 22:00:00;;;
2021-08-12 23:00:00;;;
2021-08-13 00:00:00;;;
2021-08-13 01:00:00;;;
2021-08-13 02:00:00;;;
2021-08-13 03:00:00;;;
2021-08-13 04:00:00;;;
2021-08-13 05:00:00;;;
2021-08-13 06:00:00;;;
2021-08-13 07:00:00;;;
2021-08-13 08:00:00;;;
2021-08-13 09:00:00;;;
2021-08-13 10:00:00;;;
2021-08-13 11:00:00;;;
2021-08-13 12:00:00;;;
2021-08-13 13:00:00;;;
2021-08-13 14:00:00;;;
2021-08-13 15:00:00;;;
2021-08-13 16:00:00;;;
2021-08-13 17:00:00;;;
2021-08-13 18:00:00;;;
2021-08-13 19:00:00;;;
2021-08-13 20:00:00;;;
2021-08-13 21:00:00;;;
2021-08-13 22:00:00;;;
2021-08-13 23:00:00;;;
2021-08-14 00:00:00;;;
2021-08-14 01:00:00;;;
2021-08-14 02:00:00;;;
2021-08-14 03:00:00;;;
2021-08-14 04:00:00;;;
2021-08-14 05:00:00;;;
2021-08-14 06:00:00;;;
2021-08-14 07:00:00;;;
2021-08-14 08:00:00;;;
2021-08-14 09:00:00;;;
2021-08-14 10:00:00;;;
2021-08-14 11:00:00;;;
2021-08-14 12:00:00;;;
2021-08-14 13:00:00;;;
2021-08-14 14:00:00;;;
2021-08-14 15:00:00;;;
2021-08-14 16:00:00;;;
2021-08-14 17:00:00;;;
2021-08-14 18:00:00;;;
2021-08-14 19:00:00;;;
2021-08-14 20:00:00;;;
2021-08-14 21:00:00;;;
2021-08-14 22:00:00;;;
2021-08-14 23:00:00;;;
2021-08-15 00:00:00;;;
2021-08-15 01:00:00;;;
2021-08-15 02:00:00;;;
2021-08-15 03:00:00;;;
2021-08-15 04:00:00;;;
2021-08-15 05:00:00;;;
2021-08-15 06:00:00;;;
2021-08-15 07:00:00;;;
2021-08-15 08:00:00;;;
2021-08-15 09:00:00;;;
2021-08-15 10:00:00;;;
2021-08-15 11:00:00;;;
2021-08-15 12:00:00;;;
2021-08-15 13:00:00;;;
2021-08-15 14:00:00;;;
2021-08-15 15:00:00;;;
2021-08-15 16:00:00;;;
2021-08-15 17:00:00;;;
2021-08-15 18:00:00;;;
2021-08-15 19:00:00;;;
2021-08-15 20:00:00;;;
2021-08-15 21:00:00;;;
2021-08-15 22:00:00;;;
2021-08-15 23:00:00;;;
2021-08-16 00:00:00;;;
2021-08-16 01:00:00;;;
2021-08-16 02:00:00;;;
2021-08-16 03:00:00;;;
2021-08-16 04:00:00;;;
2021-08-16 05:00:00;;;
2021-08-16 06:00:00;;;
2021-08-16 07:00:00;;;
2021-08-16 08:00:00;;;
2021-08-16 09:00:00;;;
2021-08-16 10:00:00;;;
2021-08-16 11:00:00;;;
2021-08-16 12:00:00;;;
2021-08-16 13:00:00;;;
2021-08-16 14:00:00;;;
2021-08-16 15:00:00;;;
2021-08-16 16:00:00;;;
2021-08-16 17:00:00;;;
2021-08-16 18:00:00;;;
2021-08-16 19:00:00;;;
2021-08-16 20:00:00;;;
2021-08-16 21:00:00;;;
2021-08-16 22:00:00;;;
2021-08-16 23:00:00;;;
2021-08-17 00:00:00;;;
2021-08-17 01:00:00;;;
2021-08-17 02:00:00;;;
2021-08-17 03:00:00;;;
2021-08-17 04:00:00;;;
2021-08-17 05:00:00;;;
2021-08-17 06:00:00;;;
2021-08-17 07:00:00;;;
2021-08-17 08:00:00;;;
2021-08-17 09:00:00;;;
2021-08-17 10:00:00;;;
2021-08-17 11:00:00;;;
2021-08-17 12:00:00;;;
2021-08-17 13:00:00;;;
2021-08-17 14:00:00;;;
2021-08-17 15:00:00;;;
2021-08-17 16:00:00;;;
2021-08-17 17:00:00;;;
2021-08-17 18:00:00;;;
2021-08-17 19:00:00;;;
2021-08-17 20:00:00;;;
2021-08-17 21:00:00;;;
2021-08-17 22:00:00;;;
2021-08-17 23:00:00;;;
2021-08-18 00:00:00;;;
2021-08-18 01:00:00;;;
2021-08-18 02:00:00;;;
2021-08-18 03:00:00;;;
2021-08-18 04:00:00;;;
2021-08-18 05:00:00;;;
2021-08-18 06:00:00;;;
2021-08-18 07:00:00;;;
2021-08-18 08:00:00;;;
2021-08-18 09:00:00;;;
2021-08-18 10:00:00;;;
2021-08-18 11:00:00;;;
2021-08-18 12:00:00;;;
2021-08-18 13:00:00;;;
2021-08-18 14:00:00;;;
2021-08-18 15:00:00;;;
2021-08-18 16:00:00;;;
2021-08-18 17:00:00;;;
2021-08-18 18:00:00;;;
2021-08-18 19:00:00;;;
2021-08-18 20:00:00;;;
2021-08-18 21:00:00;;;
2021-08-18 22:00:00;;;
2021-08-18 23:00:00;;;
2021-08-19 00:00:00;;;
2021-08-19 01:00:00;;;
2021-08-19 02:00:00;;;
2021-08-19 03:00:00;;;
2021-08-19 04:00:00;;;
2021-08-19 05:00:00;;;
2021-08-19 06:00:00;;;
2021-08-19 07:00:00;;;
2021-08-19 08:00:00;;;
2021-08-19 09:00:00;;;
2021-08-19 10:00:00;;;
2021-08-19 11:00:00;;;
2021-08-19 12:00:00;;;
2021-08-19 13:00:00;;;
2021-08-19 14:00:00;;;
2021-08-19 15:00:00;;;
2021-08-19 16:00:00;;;
2021-08-19 17:00:00;;;
2021-08-19 18:00:00;;;
2021-08-19 19:00:00;;;
2021-08-19 20:00:00;;;
2021-08-19 21:00:00;;;
2021-08-19 22:00:00;;;
2021-08-19 23:00:00;;;
2021-08-20 00:00:00;;;
2021-08-20 01:00:00;;;
2021-08-20 02:00:00;;;
2021-08-20 03:00:00;;;
2021-08-20 04:00:00;;;
2021-08-20 05:00:00;;;
2021-08-20 06:00:00;;;
2021-08-20 07:00:00;;;
2021-08-20 08:00:00;;;
2021-08-20 09:00:00;;;
2021-08-20 10:00:00;;;
2021-08-20 11:00:00;;;
2021-08-20 12:00:00;;;
2021-08-20 13:00:00;;;
2021-08-20 14:00:00;;;
2021-08-20 15:00:00;;;
2021-08-20 16:00:00;;;
2021-08-20 17:00:00;;;
2021-08-20 18:00:00;;;
2021-08-20 19:00:00;;;
2021-08-20 20:00:00;;;
2021-08-20 21:00:00;;;
2021-08-20 22:00:00;;;
2021-08-20 23:00:00;;;
2021-08-21 00:00:00;;;
2021-08-21 01:00:00;;;
2021-08-21 02:00:00;;;
2021-08-21 03:00:00;;;
2021-08-21 04:00:00;;;
2021-08-21 05:00:00;;;
2021-08-21 06:00:00;;;
2021-08-21 07:00:00;;;
2021-08-21 08:00:00;;;
2021-08-21 09:00:00;;;
2021-08-21 10:00:00;;;
2021-08-21 11:00:00;;;
2021-08-21 12:00:00;;;
2021-08-21 13:00:00;;;
2021-08-21 14:00:00;;;
2021-08-21 15:00:00;;;
2021-08-21 16:00:00;;;
2021-08-21 17:00:00;;;
2021-08-21 18:00:00;;;
2021-08-21 19:00:00;;;
2021-08-21 20:00:00;;;
2021-08-21 21:00:00;;;
2021-08-21 22:00:00;;;
2021-08-21 23:00:00;;;
2021-08-22 00:00:00;;;
2021-08-22 01:00:00;;;
2021-08-22 02:00:00;;;
2021-08-22 03:00:00;;;
2021-08-22 04:00:00;;;
2021-08-22 05:00:00;;;
2021-08-22 06:00:00;;;
2021-08-22 07:00:00;;;
2021-08-22 08:00:00;;;
2021-08-22 09:00:00;;;
2021-08-22 10:00:00;;;
2021-08-22 11:00:00;;;
2021-08-22 12:00:00;;;
2021-08-22 13:00:00;;;
2021-08-22 14:00:00;;;
2021-08-22 15:00:00;;;
2021-08-22 16:00:00;;;
2021-08-22 17:00:00;;;
2021-08-22 18:00:00;;;
2021-08-22 19:00:00;;;
2021-08-22 20:00:00;;;
2021-08-22 21:00:00;;;
2021-08-22 22:00:00;;;
2021-08-22 23:00:00;;;
2021-08-23 00:00:00;;;
2021-08-23 01:00:00;;;
2021-08-23 02:00:00;;;
2021-08-23 03:00:00;;;
2021-08-23 04:00:00;;;
2021-08-23 05:00:00;;;
2021-08-23 06:00:00;;;
2021-08-23 07:00:00;;;
2021-08-23 08:00:00;;;
2021-08-23 09:00:00;;;
2021-08-23 10:00:00;;;
2021-08-23 11:00:00;;;
2021-08-23 12:00:00;;;
2021-08-23 13:00:00;;;
2021-08-23 14:00:00;;;
2021-08-23 15:00:00;;;
2021-08-23 16:00:00;;;
2021-08-23 17:00:00;;;
2021-08-23 18:00:00;;;
2021-08-23 19:00:00;;;
2021-08-23 20:00:00;;;
2021-08-23 21:00:00;;;
2021-08-23 22:00:00;;;
2021-08-23 23:00:00;;;
2021-08-24 00:00:00;;;
2021-08-24 01:00:00;;;
2021-08-24 02:00:00;;;
2021-08-24 03:00:00;;;
2021-08-24 04:00:00;;;
2021-08-24 05:00:00;;;
2021-08-24 06:00:00;;;
2021-08-24 07:00:00;;;
2021-08-24 08:00:00;;;
2021-08-24 09:00:00;;;
2021-08-24 10:00:00;;;
2021-08-24 11:00:00;;;
2021-08-24 12:00:00;;;
2021-08-24 13:00:00;;;
2021-08-24 14:00:00;;;
2021-08-24 15:00:00;;;
2021-08-24 16:00:00;;;
2021-08-24 17:00:00;;;
2021-08-24 18:00:00;;;
2021-08-24 19:00:00;;;
2021-08-24 20:00:00;;;
2021-08-24 21:00:00;;;
2021-08-24 22:00:00;;;
2021-08-24 23:00:00;;;
2021-08-25 00:00:00;;;
2021-08-25 01:00:00;;;
2021-08-25 02:00:00;;;
2021-08-25 03:00:00;;;
2021-08-25 04:00:00;;;
2021-08-25 05:00:00;;;
2021-08-25 06:00:00;;;
2021-08-25 07:00:00;;;
2021-08-25 08:00:00;;;
2021-08-25 09:00:00;;;
2021-08-25 10:00:00;;;
2021-08-25 11:00:00;;;
2021-08-25 12:00:00;;;
2021-08-25 13:00:00;;;
2021-08-25 14:00:00;;;
2021-08-25 15:00:00;;;
2021-08-25 16:00:00;;;
2021-08-25 17:00:00;;;
2021-08-25 18:00:00;;;
2021-08-25 19:00:00;;;
2021-08-25 20:00:00;;;
2021-08-25 21:00:00;;;
2021-08-25 22:00:00;;;
2021-08-25 23:00:00;;;
2021-08-26 00:00:00;;;
2021-08-26 01:00:00;;;
2021-08-26 02:00:00;;;
2021-08-26 03:00:00;;;
2021-08-26 04:00:00;;;
2021-08-26 05:00:00;;;
2021-08-26 06:00:00;;;
2021-08-26 07:00:00;;;
2021-08-26 08:00:00;;;
2021-08-26 09:00:00;;;
2021-08-26 10:00:00;;;
2021-08-26 11:00:00;;;
2021-08-26 12:00:00;;;
2021-08-26 13:00:00;;;
2021-08-26 14:00:00;;;
2021-08-26 15:00:00;;;
2021-08-26 16:00:00;;;
2021-08-26 17:00:00;;;
2021-08-26 18:00:00;;;
2021-08-26 19:00:00;;;
2021-08-26 20:00:00;;;
2021-08-26 21:00:00;;;
2021-08-26 22:00:00;;;
2021-08-26 23:00:00;;;
2021-08-27 00:00:00;;;
2021-08-27 01:00:00;;;
2021-08-27 02:00:00;;;
2021-08-27 03:00:00;;;
2021-08-27 04:00:00;;;
2021-08-27 05:00:00;;;
2021-08-27 06:00:00;;;
2021-08-27 07:00:00;;;
2021-08-27 08:00:00;;;
2021-08-27 09:00:00;;;
2021-08-27 10:00:00;;;
2021-08-27 11:00:00;;;
2021-08-27 12:00:00;;;
2021-08-27 13:00:00;;;
2021-08-27 14:00:00;;;
2021-08-27 15:00:00;;;
2021-08-27 16:00:00;;;
2021-08-27 17:00:00;;;
2021-08-27 18:00:00;;;
2021-08-27 19:00:00;;;
2021-08-27 20:00:00;;;
2021-08-27 21:00:00;;;
2021-08-27 22:00:00;;;
2021-08-27 23:00:00;;;
2021-08-28 00:00:00;;;
2021-08-28 01:00:00;;;
2021-08-28 02:00:00;;;
2021-08-28 03:00:00;;;
2021-08-28 04:00:00;;;
2021-08-28 05:00:00;;;
2021-08-28 06:00:00;;;
2021-08-28 07:00:00;;;
2021-08-28 08:00:00;;;
2021-08-28 09:00:00;;;
2021-08-28 10:00:00;;;
2021-08-28 11:00:00;;;
2021-08-28 12:00:00;;;
2021-08-28 13:00:00;;;
2021-08-28 14:00:00;;;
2021-08-28 15:00:00;;;
2021-08-28 16:00:00;;;
2021-08-28 17:00:00;;;
2021-08-28 18:00:00;;;
2021-08-28 19:00:00;;;
2021-08-28 20:00:00;;;
2021-08-28 21:00:00;;;
2021-08-28 22:00:00;;;
2021-08-28 23:00:00;;;
2021-08-29 00:00:00;;;
2021-08-29 01:00:00;;;
2021-08-29 02:00:00;;;
2021-08-29 03:00:00;;;
2021-08-29 04:00:00;;;
2021-08-29 05:00:00;;;
2021-08-29 06:00:00;;;
2021-08-29 07:00:00;;;
2021-08-29 08:00:00;;;
2021-08-29 09:00:00;;;
2021-08-29 10:00:00;;;
2021-08-29 11:00:00;;;
2021-08-29 12:00:00;;;
2021-08-29 13:00:00;;;
2021-08-29 14:00:00;;;
2021-08-29 15:00:00;;;
2021-08-29 16:00:00;;;
2021-08-29 17:00:00;;;
2021-08-29 18:00:00;;;
2021-08-29 19:00:00;;;
2021-08-29 20:00:00;;;
2021-08-29 21:00:00;;;
2021-08-29 22:00:00;;;
2021-08-29 23:00:00;;;
2021-08-30 00:00:00;;;
2021-08-30 01:00:00;;;
2021-08-30 02:00:00;;;
2021-08-30 03:00:00;;;
2021-08-30 04:00:00;;;
2021-08-30 05:00:00;;;
2021-08-30 06:00:00;;;
2021-08-30 07:00:00;;;
2021-08-30 08:00:00;;;
2021-08-30 09:00:00;;;
2021-08-30 10:00:00;;;
2021-08-30 11:00:00;;;
2021-08-30 12:00:00;;;
2021-08-30 13:00:00;;;
2021-08-30 14:00:00;;;
2021-08-30 15:00:00;;;
2021-08-30 16:00:00;;;
2021-08-30 17:00:00;;;
2021-08-30 18:00:00;;;
2021-08-30 19:00:00;;;
2021-08-30 20:00:00;;;
2021-08-30 21:00:00;;;
2021-08-30 22:00:00;;;
2021-08-30 23:00:00;;;
2021-08-31 00:00:00;;;
2021-08-31 01:00:00;;;
2021-08-31 02:00:00;;;
2021-08-31 03:00:00;;;
2021-08-31 04:00:00;;;
2021-08-31 05:00:00;;;
2021-08-31 06:00:00;;;
2021-08-31 07:00:00;;;
2021-08-31 08:00:00;;;
2021-08-31 09:00:00;;;
2021-08-31 10:00:00;;;
2021-08-31 11:00:00;;;
2021-08-31 12:00:00;;;
2021-08-31 13:00:00;;;
2021-08-31 14:00:00;;;
2021-08-31 15:00:00;;;
2021-08-31 16:00:00;;;
2021-08-31 17:00:00;;;
2021-08-31 18:00:00;;;
2021-08-31 19:00:00;;;
2021-08-31 20:00:00;;;
2021-08-31 21:00:00;;;
2021-08-31 22:00:00;;;
2021-08-31 23:00:00;;;
2021-09-01 00:00:00;;;
2021-09-01 01:00:00;;;
2021-09-01 02:00:00;;;
2021-09-01 03:00:00;;;
2021-09-01 04:00:00;;;
2021-09-01 05:00:00;;;
2021-09-01 06:00:00;;;
2021-09-01 07:00:00;;;
2021-09-01 08:00:00;;;
2021-09-01 09:00:00;;;
2021-09-01 10:00:00;;;
2021-09-01 11:00:00;;;
2021-09-01 12:00:00;;;
2021-09-01 13:00:00;;;
2021-09-01 14:00:00;;;
2021-09-01 15:00:00;;;
2021-09-01 16:00:00;;;
2021-09-01 17:00:00;;;
2021-09-01 18:00:00;;;
2021-09-01 19:00:00;;;
2021-09-01 20:00:00;;;
2021-09-01 21:00:00;;;
2021-09-01 22:00:00;;;
2021-09-01 23:00:00;;;
2021-09-02 00:00:00;;;
2021-09-02 01:00:00;;;
2021-09-02 02:00:00;;;
2021-09-02 03:00:00;;;
2021-09-02 04:00:00;;;
2021-09-02 05:00:00;;;
2021-09-02 06:00:00;;;
2021-09-02 07:00:00;;;
2021-09-02 08:00:00;;;
2021-09-02 09:00:00;;;
2021-09-02 10:00:00;;;
2021-09-02 11:00:00;;;
2021-09-02 12:00:00;;;
2021-09-02 13:00:00;;;
2021-09-02 14:00:00;;;
2021-09-02 15:00:00;;;
2021-09-02 16:00:00;;;
2021-09-02 17:00:00;;;
2021-09-02 18:00:00;;;
2021-09-02 19:00:00;;;
2021-09-02 20:00:00;;;
2021-09-02 21:00:00;;;
2021-09-02 22:00:00;;;
2021-09-02 23:00:00;;;
2021-09-03 00:00:00;;;
2021-09-03 01:00:00;;;
2021-09-03 02:00:00;;;
2021-09-03 03:00:00;;;
2021-09-03 04:00:00;;;
2021-09-03 05:00:00;;;
2021-09-03 06:00:00;;;
2021-09-03 07:00:00;;;
2021-09-03 08:00:00;;;
2021-09-03 09:00:00;;;
2021-09-03 10:00:00;;;
2021-09-03 11:00:00;;;
2021-09-03 12:00:00;;;
2021-09-03 13:00:00;;;
2021-09-03 14:00:00;;;
2021-09-03 15:00:00;;;
2021-09-03 16:00:00;;;
2021-09-03 17:00:00;;;
2021-09-03 18:00:00;;;
2021-09-03 19:00:00;;;
2021-09-03 20:00:00;;;
2021-09-03 21:00:00;;;
2021-09-03 22:00:00;;;
2021-09-03 23:00:00;;;
2021-09-04 00:00:00;;;
2021-09-04 01:00:00;;;
2021-09-04 02:00:00;;;
2021-09-04 03:00:00;;;
2021-09-04 04:00:00;;;
2021-09-04 05:00:00;;;
2021-09-04 06:00:00;;;
2021-09-04 07:00:00;;;
2021-09-04 08:00:00;;;
2021-09-04 09:00:00;;;
2021-09-04 10:00:00;;;
2021-09-04 11:00:00;;;
2021-09-04 12:00:00;;;
2021-09-04 13:00:00;;;
2021-09-04 14:00:00;;;
2021-09-04 15:00:00;;;
2021-09-04 16:00:00;;;
2021-09-04 17:00:00;;;
2021-09-04 18:00:00;;;
2021-09-04 19:00:00;;;
2021-09-04 20:00:00;;;
2021-09-04 21:00:00;;;
2021-09-04 22:00:00;;;
2021-09-04 23:00:00;;;
2021-09-05 00:00:00;;;
2021-09-05 01:00:00;;;
2021-09-05 02:00:00;;;
2021-09-05 03:00:00;;;
2021-09-05 04:00:00;;;
2021-09-05 05:00:00;;;
2021-09-05 06:00:00;;;
2021-09-05 07:00:00;;;
2021-09-05 08:00:00;;;
2021-09-05 09:00:00;;;
2021-09-05 10:00:00;;;
2021-09-05 11:00:00;;;
2021-09-05 12:00:00;;;
2021-09-05 13:00:00;;;
2021-09-05 14:00:00;;;
2021-09-05 15:00:00;;;
2021-09-05 16:00:00;;;
2021-09-05 17:00:00;;;
2021-09-05 18:00:00;;;
2021-09-05 19:00:00;;;
2021-09-05 20:00:00;;;
2021-09-05 21:00:00;;;
2021-09-05 22:00:00;;;
2021-09-05 23:00:00;;;
2021-09-06 00:00:00;;;
2021-09-06 01:00:00;;;
2021-09-06 02:00:00;;;
2021-09-06 03:00:00;;;
2021-09-06 04:00:00;;;
2021-09-06 05:00:00;;;
2021-09-06 06:00:00;;;
2021-09-06 07:00:00;;;
2021-09-06 08:00:00;;;
2021-09-06 09:00:00;;;
2021-09-06 10:00:00;;;
2021-09-06 11:00:00;;;
2021-09-06 12:00:00;;;
2021-09-06 13:00:00;;;
2021-09-06 14:00:00;;;
2021-09-06 15:00:00;;;
2021-09-06 16:00:00;;;
2021-09-06 17:00:00;;;
2021-09-06 18:00:00;;;
2021-09-06 19:00:00;;;
2021-09-06 20:00:00;;;
2021-09-06 21:00:00;;;
2021-09-06 22:00:00;;;
2021-09-06 23:00:00;;;
2021-09-07 00:00:00;;;
2021-09-07 01:00:00;;;
2021-09-07 02:00:00;;;
2021-09-07 03:00:00;;;
2021-09-07 04:00:00;;;
2021-09-07 05:00:00;;;
2021-09-07 06:00:00;;;
2021-09-07 07:00:00;;;
2021-09-07 08:00:00;;;
2021-09-07 09:00:00;;;
2021-09-07 10:00:00;;;
2021-09-07 11:00:00;;;
2021-09-07 12:00:00;;;
2021-09-07 13:00:00;;;
2021-09-07 14:00:00;;;
2021-09-07 15:00:00;;;
2021-09-07 16:00:00;;;
2021-09-07 17:00:00;;;
2021-09-07 18:00:00;;;
2021-09-07 19:00:00;;;
2021-09-07 20:00:00;;;
2021-09-07 21:00:00;;;
2021-09-07 22:00:00;;;
2021-09-07 23:00:00;;;
2021-09-08 00:00:00;;;
2021-09-08 01:00:00;;;
2021-09-08 02:00:00;;;
2021-09-08 03:00:00;;;
2021-09-08 04:00:00;;;
2021-09-08 05:00:00;;;
2021-09-08 06:00:00;;;
2021-09-08 07:00:00;;;
2021-09-08 08:00:00;;;
2021-09-08 09:00:00;;;
2021-09-08 10:00:00;;;
2021-09-08 11:00:00;;;
2021-09-08 12:00:00;;;
2021-09-08 13:00:00;;;
2021-09-08 14:00:00;;;
2021-09-08 15:00:00;;;
2021-09-08 16:00:00;;;
2021-09-08 17:00:00;;;
2021-09-08 18:00:00;;;
2021-09-08 19:00:00;;;
2021-09-08 20:00:00;;;
2021-09-08 21:00:00;;;
2021-09-08 22:00:00;;;
2021-09-08 23:00:00;;;
2021-09-09 00:00:00;;;
2021-09-09 01:00:00;;;
2021-09-09 02:00:00;;;
2021-09-09 03:00:00;;;
2021-09-09 04:00:00;;;
2021-09-09 05:00:00;;;
2021-09-09 06:00:00;;;
2021-09-09 07:00:00;;;
2021-09-09 08:00:00;;;
2021-09-09 09:00:00;;;
2021-09-09 10:00:00;;;
2021-09-09 11:00:00;;;
2021-09-09 12:00:00;;;
2021-09-09 13:00:00;;;
2021-09-09 14:00:00;;;
2021-09-09 15:00:00;;;
2021-09-09 16:00:00;;;
2021-09-09 17:00:00;;;
2021-09-09 18:00:00;;;
2021-09-09 19:00:00;;;
2021-09-09 20:00:00;;;
2021-09-09 21:00:00;;;
2021-09-09 22:00:00;;;
2021-09-09 23:00:00;;;
2021-09-10 00:00:00;;;
2021-09-10 01:00:00;;;
2021-09-10 02:00:00;;;
2021-09-10 03:00:00;;;
2021-09-10 04:00:00;;;
2021-09-10 05:00:00;;;
2021-09-10 06:00:00;;;
2021-09-10 07:00:00;;;
2021-09-10 08:00:00;;;
2021-09-10 09:00:00;;;
2021-09-10 10:00:00;;;
2021-09-10 11:00:00;;;
2021-09-10 12:00:00;;;
2021-09-10 13:00:00;;;
2021-09-10 14:00:00;;;
2021-09-10 15:00:00;;;
2021-09-10 16:00:00;;;
2021-09-10 17:00:00;;;
2021-09-10 18:00:00;;;
2021-09-10 19:00:00;;;
2021-09-10 20:00:00;;;
2021-09-10 21:00:00;;;
2021-09-10 22:00:00;;;
2021-09-10 23:00:00;;;
2021-09-11 00:00:00;;;
2021-09-11 01:00:00;;;
2021-09-11 02:00:00;;;
2021-09-11 03:00:00;;;
2021-09-11 04:00:00;;;
2021-09-11 05:00:00;;;
2021-09-11 06:00:00;;;
2021-09-11 07:00:00;;;
2021-09-11 08:00:00;;;
2021-09-11 09:00:00;;;
2021-09-11 10:00:00;;;
2021-09-11 11:00:00;;;
2021-09-11 12:00:00;;;
2021-09-11 13:00:00;;;
2021-09-11 14:00:00;;;
2021-09-11 15:00:00;;;
2021-09-11 16:00:00;;;
2021-09-11 17:00:00;;;
2021-09-11 18:00:00;;;
2021-09-11 19:00:00;;;
2021-09-11 20:00:00;;;
2021-09-11 21:00:00;;;
2021-09-11 22:00:00;;;
2021-09-11 23:00:00;;;
2021-09-12 00:00:00;;;
2021-09-12 01:00:00;;;
2021-09-12 02:00:00;;;
2021-09-12 03:00:00;;;
2021-09-12 04:00:00;;;
2021-09-12 05:00:00;;;
2021-09-12 06:00:00;;;
2021-09-12 07:00:00;;;
2021-09-12 08:00:00;;;
2021-09-12 09:00:00;;;
2021-09-12 10:00:00;;;
2021-09-12 11:00:00;;;
2021-09-12 12:00:00;;;
2021-09-12 13:00:00;;;
2021-09-12 14:00:00;;;
2021-09-12 15:00:00;;;
2021-09-12 16:00:00;;;
2021-09-12 17:00:00;;;
2021-09-12 18:00:00;;;
2021-09-12 19:00:00;;;
2021-09-12 20:00:00;;;
2021-09-12 21:00:00;;;
2021-09-12 22:00:00;;;
2021-09-12 23:00:00;;;
2021-09-13 00:00:00;;;
2021-09-13 01:00:00;;;
2021-09-13 02:00:00;;;
2021-09-13 03:00:00;;;
2021-09-13 04:00:00;;;
2021-09-13 05:00:00;;;
2021-09-13 06:00:00;;;
2021-09-13 07:00:00;;;
2021-09-13 08:00:00;;;
2021-09-13 09:00:00;;;
2021-09-13 10:00:00;;;
2021-09-13 11:00:00;;;
2021-09-13 12:00:00;;;
2021-09-13 13:00:00;;;
2021-09-13 14:00:00;;;
2021-09-13 15:00:00;;;
2021-09-13 16:00:00;;;
2021-09-13 17:00:00;;;
2021-09-13 18:00:00;;;
2021-09-13 19:00:00;;;
2021-09-13 20:00:00;;;
2021-09-13 21:00:00;;;
2021-09-13 22:00:00;;;
2021-09-13 23:00:00;;;
2021-09-14 00:00:00;;;
2021-09-14 01:00:00;;;
2021-09-14 02:00:00;;;
2021-09-14 03:00:00;;;
2021-09-14 04:00:00;;;
2021-09-14 05:00:00;;;
2021-09-14 06:00:00;;;
2021-09-14 07:00:00;;;
2021-09-14 08:00:00;;;
2021-09-14 09:00:00;;;
2021-09-14 10:00:00;;;
2021-09-14 11:00:00;;;
2021-09-14 12:00:00;;;
2021-09-14 13:00:00;;;
2021-09-14 14:00:00;;;
2021-09-14 15:00:00;;;
2021-09-14 16:00:00;;;
2021-09-14 17:00:00;;;
2021-09-14 18:00:00;;;
2021-09-14 19:00:00;;;
2021-09-14 20:00:00;;;
2021-09-14 21:00:00;;;
2021-09-14 22:00:00;;;
2021-09-14 23:00:00;;;
2021-09-15 00:00:00;;;
2021-09-15 01:00:00;;;
2021-09-15 02:00:00;;;
2021-09-15 03:00:00;;;
2021-09-15 04:00:00;;;
2021-09-15 05:00:00;;;
2021-09-15 06:00:00;;;
2021-09-15 07:00:00;;;
2021-09-15 08:00:00;;;
2021-09-15 09:00:00;;;
2021-09-15 10:00:00;;;
2021-09-15 11:00:00;;;
2021-09-15 12:00:00;;;
2021-09-15 13:00:00;;;
2021-09-15 14:00:00;;;
2021-09-15 15:00:00;;;
2021-09-15 16:00:00;;;
2021-09-15 17:00:00;;;
2021-09-15 18:00:00;;;
2021-09-15 19:00:00;;;
2021-09-15 20:00:00;;;
2021-09-15 21:00:00;;;
2021-09-15 22:00:00;;;
2021-09-15 23:00:00;;;
2021-09-16 00:00:00;;;
2021-09-16 01:00:00;;;
2021-09-16 02:00:00;;;
2021-09-16 03:00:00;;;
2021-09-16 04:00:00;;;
2021-09-16 05:00:00;;;
2021-09-16 06:00:00;;;
2021-09-16 07:00:00;;;
2021-09-16 08:00:00;;;
2021-09-16 09:00:00;;;
2021-09-16 10:00:00;;;
2021-09-16 11:00:00;;;
2021-09-16 12:00:00;;;
2021-09-16 13:00:00;;;
2021-09-16 14:00:00;;;
2021-09-16 15:00:00;;;
2021-09-16 16:00:00;;;
2021-09-16 17:00:00;;;
2021-09-16 18:00:00;;;
2021-09-16 19:00:00;;;
2021-09-16 20:00:00;;;
2021-09-16 21:00:00;;;
2021-09-16 22:00:00;;;
2021-09-16 23:00:00;;;
2021-09-17 00:00:00;;;
2021-09-17 01:00:00;;;
2021-09-17 02:00:00;;;
2021-09-17 03:00:00;;;
2021-09-17 04:00:00;;;
2021-09-17 05:00:00;;;
2021-09-17 06:00:00;;;
2021-09-17 07:00:00;;;
2021-09-17 08:00:00;;;
2021-09-17 09:00:00;;;
2021-09-17 10:00:00;;;
2021-09-17 11:00:00;;;
2021-09-17 12:00:00;;;
2021-09-17 13:00:00;;;
2021-09-17 14:00:00;;;
2021-09-17 15:00:00;;;
2021-09-17 16:00:00;;;
2021-09-17 17:00:00;;;
2021-09-17 18:00:00;;;
2021-09-17 19:00:00;;;
2021-09-17 20:00:00;;;
2021-09-17 21:00:00;;;
2021-09-17 22:00:00;;;
2021-09-17 23:00:00;;;
2021-09-18 00:00:00;;;
2021-09-18 01:00:00;;;
2021-09-18 02:00:00;;;
2021-09-18 03:00:00;;;
2021-09-18 04:00:00;;;
2021-09-18 05:00:00;;;
2021-09-18 06:00:00;;;
2021-09-18 07:00:00;;;
2021-09-18 08:00:00;;;
2021-09-18 09:00:00;;;
2021-09-18 10:00:00;;;
2021-09-18 11:00:00;;;
2021-09-18 12:00:00;;;
2021-09-18 13:00:00;;;
2021-09-18 14:00:00;;;
2021-09-18 15:00:00;;;
2021-09-18 16:00:00;;;
2021-09-18 17:00:00;;;
2021-09-18 18:00:00;;;
2021-09-18 19:00:00;;;
2021-09-18 20:00:00;;;
2021-09-18 21:00:00;;;
2021-09-18 22:00:00;;;
2021-09-18 23:00:00;;;
2021-09-19 00:00:00;;;
2021-09-19 01:00:00;;;
2021-09-19 02:00:00;;;
2021-09-19 03:00:00;;;
2021-09-19 04:00:00;;;
2021-09-19 05:00:00;;;
2021-09-19 06:00:00;;;
2021-09-19 07:00:00;;;
2021-09-19 08:00:00;;;
2021-09-19 09:00:00;;;
2021-09-19 10:00:00;;;
2021-09-19 11:00:00;;;
2021-09-19 12:00:00;;;
2021-09-19 13:00:00;;;
2021-09-19 14:00:00;;;
2021-09-19 15:00:00;;;
2021-09-19 16:00:00;;;
2021-09-19 17:00:00;;;
2021-09-19 18:00:00;;;
2021-09-19 19:00:00;;;
2021-09-19 20:00:00;;;
2021-09-19 21:00:00;;;
2021-09-19 22:00:00;;;
2021-09-19 23:00:00;;;
2021-09-20 00:00:00;;;
2021-09-20 01:00:00;;;
2021-09-20 02:00:00;;;
2021-09-20 03:00:00;;;
2021-09-20 04:00:00;;;
2021-09-20 05:00:00;;;
2021-09-20 06:00:00;;;
2021-09-20 07:00:00;;;
2021-09-20 08:00:00;;;
2021-09-20 09:00:00;;;
2021-09-20 10:00:00;;;
2021-09-20 11:00:00;;;
2021-09-20 12:00:00;;;
2021-09-20 13:00:00;;;
2021-09-20 14:00:00;;;
2021-09-20 15:00:00;;;
2021-09-20 16:00:00;;;
2021-09-20 17:00:00;;;
2021-09-20 18:00:00;;;
2021-09-20 19:00:00;;;
2021-09-20 20:00:00;;;
2021-09-20 21:00:00;;;
2021-09-20 22:00:00;;;
2021-09-20 23:00:00;;;
2021-09-21 00:00:00;;;
2021-09-21 01:00:00;;;
2021-09-21 02:00:00;;;
2021-09-21 03:00:00;;;
2021-09-21 04:00:00;;;
2021-09-21 05:00:00;;;
2021-09-21 06:00:00;;;
2021-09-21 07:00:00;;;
2021-09-21 08:00:00;;;
2021-09-21 09:00:00;;;
2021-09-21 10:00:00;;;
2021-09-21 11:00:00;;;
2021-09-21 12:00:00;;;
2021-09-21 13:00:00;;;
2021-09-21 14:00:00;;;
2021-09-21 15:00:00;;;
2021-09-21 16:00:00;;;
2021-09-21 17:00:00;;;
2021-09-21 18:00:00;;;
2021-09-21 19:00:00;;;
2021-09-21 20:00:00;;;
2021-09-21 21:00:00;;;
2021-09-21 22:00:00;;;
2021-09-21 23:00:00;;;
2021-09-22 00:00:00;;;
2021-09-22 01:00:00;;;
2021-09-22 02:00:00;;;
2021-09-22 03:00:00;;;
2021-09-22 04:00:00;;;
2021-09-22 05:00:00;;;
2021-09-22 06:00:00;;;
2021-09-22 07:00:00;;;
2021-09-22 08:00:00;;;
2021-09-22 09:00:00;;;
2021-09-22 10:00:00;;;
2021-09-22 11:00:00;;;
2021-09-22 12:00:00;;;
2021-09-22 13:00:00;;;
2021-09-22 14:00:00;;;
2021-09-22 15:00:00;;;
2021-09-22 16:00:00;;;
2021-09-22 17:00:00;;;
2021-09-22 18:00:00;;;
2021-09-22 19:00:00;;;
2021-09-22 20:00:00;;;
2021-09-22 21:00:00;;;
2021-09-22 22:00:00;;;
2021-09-22 23:00:00;;;
2021-09-23 00:00:00;;;
2021-09-23 01:00:00;;;
2021-09-23 02:00:00;;;
2021-09-23 03:00:00;;;
2021-09-23 04:00:00;;;
2021-09-23 05:00:00;;;
2021-09-23 06:00:00;;;
2021-09-23 07:00:00;;;
2021-09-23 08:00:00;;;
2021-09-23 09:00:00;;;
2021-09-23 10:00:00;;;
2021-09-23 11:00:00;;;
2021-09-23 12:00:00;;;
2021-09-23 13:00:00;;;
2021-09-23 14:00:00;;;
2021-09-23 15:00:00;;;
2021-09-23 16:00:00;;;
2021-09-23 17:00:00;;;
2021-09-23 18:00:00;;;
2021-09-23 19:00:00;;;
2021-09-23 20:00:00;;;
2021-09-23 21:00:00;;;
2021-09-23 22:00:00;;;
2021-09-23 23:00:00;;;
2021-09-24 00:00:00;;;
2021-09-24 01:00:00;;;
2021-09-24 02:00:00;;;
2021-09-24 03:00:00;;;
2021-09-24 04:00:00;;;
2021-09-24 05:00:00;;;
2021-09-24 06:00:00;;;
2021-09-24 07:00:00;;;
2021-09-24 08:00:00;;;
2021-09-24 09:00:00;;;
2021-09-24 10:00:00;;;
2021-09-24 11:00:00;;;
2021-09-24 12:00:00;;;
2021-09-24 13:00:00;;;
2021-09-24 14:00:00;;;
2021-09-24 15:00:00;;;
2021-09-24 16:00:00;;;
2021-09-24 17:00:00;;;
2021-09-24 18:00:00;;;
2021-09-24 19:00:00;;;
2021-09-24 20:00:00;;;
2021-09-24 21:00:00;;;
2021-09-24 22:00:00;;;
2021-09-24 23:00:00;;;
2021-09-25 00:00:00;;;
2021-09-25 01:00:00;;;
2021-09-25 02:00:00;;;
2021-09-25 03:00:00;;;
2021-09-25 04:00:00;;;
2021-09-25 05:00:00;;;
2021-09-25 06:00:00;;;
2021-09-25 07:00:00;;;
2021-09-25 08:00:00;;;
2021-09-25 09:00:00;;;
2021-09-25 10:00:00;;;
2021-09-25 11:00:00;;;
2021-09-25 12:00:00;;;
2021-09-25 13:00:00;;;
2021-09-25 14:00:00;;;
2021-09-25 15:00:00;;;
2021-09-25 16:00:00;;;
2021-09-25 17:00:00;;;
2021-09-25 18:00:00;;;
2021-09-25 19:00:00;;;
2021-09-25 20:00:00;;;
2021-09-25 21:00:00;;;
2021-09-25 22:00:00;;;
2021-09-25 23:00:00;;;
2021-09-26 00:00:00;;;
2021-09-26 01:00:00;;;
2021-09-26 02:00:00;;;
2021-09-26 03:00:00;;;
2021-09-26 04:00:00;;;
2021-09-26 05:00:00;;;
2021-09-26 06:00:00;;;
2021-09-26 07:00:00;;;
2021-09-26 08:00:00;;;
2021-09-26 09:00:00;;;
2021-09-26 10:00:00;;;
2021-09-26 11:00:00;;;
2021-09-26 12:00:00;;;
2021-09-26 13:00:00;;;
2021-09-26 14:00:00;;;
2021-09-26 15:00:00;;;
2021-09-26 16:00:00;;;
2021-09-26 17:00:00;;;
2021-09-26 18:00:00;;;
2021-09-26 19:00:00;;;
2021-09-26 20:00:00;;;
2021-09-26 21:00:00;;;
2021-09-26 22:00:00;;;
2021-09-26 23:00:00;;;
2021-09-27 00:00:00;;;
2021-09-27 01:00:00;;;
2021-09-27 02:00:00;;;
2021-09-27 03:00:00;;;
2021-09-27 04:00:00;;;
2021-09-27 05:00:00;;;
2021-09-27 06:00:00;;;
2021-09-27 07:00:00;;;
2021-09-27 08:00:00;;;
2021-09-27 09:00:00;;;
2021-09-27 10:00:00;;;
2021-09-27 11:00:00;;;
2021-09-27 12:00:00;;;
2021-09-27 13:00:00;;;
2021-09-27 14:00:00;;;
2021-09-27 15:00:00;;;
2021-09-27 16:00:00;;;
2021-09-27 17:00:00;;;
2021-09-27 18:00:00;;;
2021-09-27 19:00:00;;;
2021-09-27 20:00:00;;;
2021-09-27 21:00:00;;;
2021-09-27 22:00:00;;;
2021-09-27 23:00:00;;;
2021-09-28 00:00:00;;;
2021-09-28 01:00:00;;;
2021-09-28 02:00:00;;;
2021-09-28 03:00:00;;;
2021-09-28 04:00:00;;;
2021-09-28 05:00:00;;;
2021-09-28 06:00:00;;;
2021-09-28 07:00:00;;;
2021-09-28 08:00:00;;;
2021-09-28 09:00:00;;;
2021-09-28 10:00:00;;;
2021-09-28 11:00:00;;;
2021-09-28 12:00:00;;;
2021-09-28 13:00:00;;;
2021-09-28 14:00:00;;;
2021-09-28 15:00:00;;;
2021-09-28 16:00:00;;;
2021-09-28 17:00:00;;;
2021-09-28 18:00:00;;;
2021-09-28 19:00:00;;;
2021-09-28 20:00:00;;;
2021-09-28 21:00:00;;;
2021-09-28 22:00:00;;;
2021-09-28 23:00:00;;;
2021-09-29 00:00:00;;;
2021-09-29 01:00:00;;;
2021-09-29 02:00:00;;;
2021-09-29 03:00:00;;;
2021-09-29 04:00:00;;;
2021-09-29 05:00:00;;;
2021-09-29 06:00:00;;;
2021-09-29 07:00:00;;;
2021-09-29 08:00:00;;;
2021-09-29 09:00:00;;;
2021-09-29 10:00:00;;;
2021-09-29 11:00:00;;;
2021-09-29 12:00:00;;;
2021-09-29 13:00:00;;;
2021-09-29 14:00:00;;;
2021-09-29 15:00:00;;;
2021-09-29 16:00:00;;;
2021-09-29 17:00:00;;;
2021-09-29 18:00:00;;;
2021-09-29 19:00:00;;;
2021-09-29 20:00:00;;;
2021-09-29 21:00:00;;;
2021-09-29 22:00:00;;;
2021-09-29 23:00:00;;;
2021-09-30 00:00:00;;;
2021-09-30 01:00:00;;;
2021-09-30 02:00:00;;;
2021-09-30 03:00:00;;;
2021-09-30 04:00:00;;;
2021-09-30 05:00:00;;;
2021-09-30 06:00:00;;;
2021-09-30 07:00:00;;;
2021-09-30 08:00:00;;;
2021-09-30 09:00:00;;;
2021-09-30 10:00:00;;;
2021-09-30 11:00:00;;;
2021-09-30 12:00:00;;;
2021-09-30 13:00:00;;;
2021-09-30 14:00:00;;;
2021-09-30 15:00:00;;;
2021-09-30 16:00:00;;;
2021-09-30 17:00:00;;;
2021-09-30 18:00:00;;;
2021-09-30 19:00:00;;;
2021-09-30 20:00:00;;;
2021-09-30 21:00:00;;;
2021-09-30 22:00:00;;;
2021-09-30 23:00:00;;;
2021-10-01 00:00:00;;;
2021-10-01 01:00:00;;;
2021-10-01 02:00:00;;;
2021-10-01 03:00:00;;;
2021-10-01 04:00:00;;;
2021-10-01 05:00:00;;;
2021-10-01 06:00:00;;;
2021-10-01 07:00:00;;;
2021-10-01 08:00:00;;;
2021-10-01 09:00:00;;;
2021-10-01 10:00:00;;;
2021-10-01 11:00:00;;;
2021-10-01 12:00:00;;;
2021-10-01 13:00:00;;;
2021-10-01 14:00:00;;;
2021-10-01 15:00:00;;;
2021-10-01 16:00:00;;;
2021-10-01 17:00:00;;;
2021-10-01 18:00:00;;;
2021-10-01 19:00:00;;;
2021-10-01 20:00:00;;;
2021-10-01 21:00:00;;;
2021-10-01 22:00:00;;;
2021-10-01 23:00:00;;;
2021-10-02 00:00:00;;;
2021-10-02 01:00:00;;;
2021-10-02 02:00:00;;;
2021-10-02 03:00:00;;;
2021-10-02 04:00:00;;;
2021-10-02 05:00:00;;;
2021-10-02 06:00:00;;;
2021-10-02 07:00:00;;;
2021-10-02 08:00:00;;;
2021-10-02 09:00:00;;;
2021-10-02 10:00:00;;;
2021-10-02 11:00:00;;;
2021-10-02 12:00:00;;;
2021-10-02 13:00:00;;;
2021-10-02 14:00:00;;;
2021-10-02 15:00:00;;;
2021-10-02 16:00:00;;;
2021-10-02 17:00:00;;;
2021-10-02 18:00:00;;;
2021-10-02 19:00:00;;;
2021-10-02 20:00:00;;;
2021-10-02 21:00:00;;;
2021-10-02 22:00:00;;;
2021-10-02 23:00:00;;;
2021-10-03 00:00:00;;;
2021-10-03 01:00:00;;;
2021-10-03 02:00:00;;;
2021-10-03 03:00:00;;;
2021-10-03 04:00:00;;;
2021-10-03 05:00:00;;;
2021-10-03 06:00:00;;;
2021-10-03 07:00:00;;;
2021-10-03 08:00:00;;;
2021-10-03 09:00:00;;;
2021-10-03 10:00:00;;;
2021-10-03 11:00:00;;;
2021-10-03 12:00:00;;;
2021-10-03 13:00:00;;;
2021-10-03 14:00:00;;;
2021-10-03 15:00:00;;;
2021-10-03 16:00:00;;;
2021-10-03 17:00:00;;;
2021-10-03 18:00:00;;;
2021-10-03 19:00:00;;;
2021-10-03 20:00:00;;;
2021-10-03 21:00:00;;;
2021-10-03 22:00:00;;;
2021-10-03 23:00:00;;;
2021-10-04 00:00:00;;;
2021-10-04 01:00:00;;;
2021-10-04 02:00:00;;;
2021-10-04 03:00:00;;;
2021-10-04 04:00:00;;;
2021-10-04 05:00:00;;;
2021-10-04 06:00:00;;;
2021-10-04 07:00:00;;;
2021-10-04 08:00:00;;;
2021-10-04 09:00:00;;;
2021-10-04 10:00:00;;;
2021-10-04 11:00:00;;;
2021-10-04 12:00:00;;;
2021-10-04 13:00:00;;;
2021-10-04 14:00:00;;;
2021-10-04 15:00:00;;;
2021-10-04 16:00:00;;;
2021-10-04 17:00:00;;;
2021-10-04 18:00:00;;;
2021-10-04 19:00:00;;;
2021-10-04 20:00:00;;;
2021-10-04 21:00:00;;;
2021-10-04 22:00:00;;;
2021-10-04 23:00:00;;;
2021-10-05 00:00:00;;;
2021-10-05 01:00:00;;;
2021-10-05 02:00:00;;;
2021-10-05 03:00:00;;;
2021-10-05 04:00:00;;;
2021-10-05 05:00:00;;;
2021-10-05 06:00:00;;;
2021-10-05 07:00:00;;;
2021-10-05 08:00:00;;;
2021-10-05 09:00:00;;;
2021-10-05 10:00:00;;;
2021-10-05 11:00:00;;;
2021-10-05 12:00:00;;;
2021-10-05 13:00:00;;;
2021-10-05 14:00:00;;;
2021-10-05 15:00:00;;;
2021-10-05 16:00:00;;;
2021-10-05 17:00:00;;;
2021-10-05 18:00:00;;;
2021-10-05 19:00:00;;;
2021-10-05 20:00:00;;;
2021-10-05 21:00:00;;;
2021-10-05 22:00:00;;;
2021-10-05 23:00:00;;;
2021-10-06 00:00:00;;;
2021-10-06 01:00:00;;;
2021-10-06 02:00:00;;;
2021-10-06 03:00:00;;;
2021-10-06 04:00:00;;;
2021-10-06 05:00:00;;;
2021-10-06 06:00:00;;;
2021-10-06 07:00:00;;;
2021-10-06 08:00:00;;;
2021-10-06 09:00:00;;;
2021-10-06 10:00:00;;;
2021-10-06 11:00:00;;;
2021-10-06 12:00:00;;;
2021-10-06 13:00:00;;;
2021-10-06 14:00:00;;;
2021-10-06 15:00:00;;;
2021-10-06 16:00:00;;;
2021-10-06 17:00:00;;;
2021-10-06 18:00:00;;;
2021-10-06 19:00:00;;;
2021-10-06 20:00:00;;;
2021-10-06 21:00:00;;;
2021-10-06 22:00:00;;;
2021-10-06 23:00:00;;;
2021-10-07 00:00:00;;;
2021-10-07 01:00:00;;;
2021-10-07 02:00:00;;;
2021-10-07 03:00:00;;;
2021-10-07 04:00:00;;;
2021-10-07 05:00:00;;;
2021-10-07 06:00:00;;;
2021-10-07 07:00:00;;;
2021-10-07 08:00:00;;;
2021-10-07 09:00:00;;;
2021-10-07 10:00:00;;;
2021-10-07 11:00:00;;;
2021-10-07 12:00:00;;;
2021-10-07 13:00:00;;;
2021-10-07 14:00:00;;;
2021-10-07 15:00:00;;;
2021-10-07 16:00:00;;;
2021-10-07 17:00:00;;;
2021-10-07 18:00:00;;;
2021-10-07 19:00:00;;;
2021-10-07 20:00:00;;;
2021-10-07 21:00:00;;;
2021-10-07 22:00:00;;;
2021-10-07 23:00:00;;;
2021-10-08 00:00:00;;;
2021-10-08 01:00:00;;;
2021-10-08 02:00:00;;;
2021-10-08 03:00:00;;;
2021-10-08 04:00:00;;;
2021-10-08 05:00:00;;;
2021-10-08 06:00:00;;;
2021-10-08 07:00:00;;;
2021-10-08 08:00:00;;;
2021-10-08 09:00:00;;;
2021-10-08 10:00:00;;;
2021-10-08 11:00:00;;;
2021-10-08 12:00:00;;;
2021-10-08 13:00:00;;;
2021-10-08 14:00:00;;;
2021-10-08 15:00:00;;;
2021-10-08 16:00:00;;;
2021-10-08 17:00:00;;;
2021-10-08 18:00:00;;;
2021-10-08 19:00:00;;;
2021-10-08 20:00:00;;;
2021-10-08 21:00:00;;;
2021-10-08 22:00:00;;;
2021-10-08 23:00:00;;;
2021-10-09 00:00:00;;;
2021-10-09 01:00:00;;;
2021-10-09 02:00:00;;;
2021-10-09 03:00:00;;;
2021-10-09 04:00:00;;;
2021-10-09 05:00:00;;;
2021-10-09 06:00:00;;;
2021-10-09 07:00:00;;;
2021-10-09 08:00:00;;;
2021-10-09 09:00:00;;;
2021-10-09 10:00:00;;;
2021-10-09 11:00:00;;;
2021-10-09 12:00:00;;;
2021-10-09 13:00:00;;;
2021-10-09 14:00:00;;;
2021-10-09 15:00:00;;;
2021-10-09 16:00:00;;;
2021-10-09 17:00:00;;;
2021-10-09 18:00:00;;;
2021-10-09 19:00:00;;;
2021-10-09 20:00:00;;;
2021-10-09 21:00:00;;;
2021-10-09 22:00:00;;;
2021-10-09 23:00:00;;;
2021-10-10 00:00:00;;;
2021-10-10 01:00:00;;;
2021-10-10 02:00:00;;;
2021-10-10 03:00:00;;;
2021-10-10 04:00:00;;;
2021-10-10 05:00:00;;;
2021-10-10 06:00:00;;;
2021-10-10 07:00:00;;;
2021-10-10 08:00:00;;;
2021-10-10 09:00:00;;;
2021-10-10 10:00:00;;;
2021-10-10 11:00:00;;;
2021-10-10 12:00:00;;;
2021-10-10 13:00:00;;;
2021-10-10 14:00:00;;;
2021-10-10 15:00:00;;;
2021-10-10 16:00:00;;;
2021-10-10 17:00:00;;;
2021-10-10 18:00:00;;;
2021-10-10 19:00:00;;;
2021-10-10 20:00:00;;;
2021-10-10 21:00:00;;;
2021-10-10 22:00:00;;;
2021-10-10 23:00:00;;;
2021-10-11 00:00:00;;;
2021-10-11 01:00:00;;;
2021-10-11 02:00:00;;;
2021-10-11 03:00:00;;;
2021-10-11 04:00:00;;;
2021-10-11 05:00:00;;;
2021-10-11 06:00:00;;;
2021-10-11 07:00:00;;;
2021-10-11 08:00:00;;;
2021-10-11 09:00:00;;;
2021-10-11 10:00:00;;;
2021-10-11 11:00:00;;;
2021-10-11 12:00:00;;;
2021-10-11 13:00:00;;;
2021-10-11 14:00:00;;;
2021-10-11 15:00:00;;;
2021-10-11 16:00:00;;;
2021-10-11 17:00:00;;;
2021-10-11 18:00:00;;;
2021-10-11 19:00:00;;;
2021-10-11 20:00:00;;;
2021-10-11 21:00:00;;;
2021-10-11 22:00:00;;;
2021-10-11 23:00:00;;;
2021-10-12 00:00:00;;;
2021-10-12 01:00:00;;;
2021-10-12 02:00:00;;;
2021-10-12 03:00:00;;;
2021-10-12 04:00:00;;;
2021-10-12 05:00:00;;;
2021-10-12 06:00:00;;;
2021-10-12 07:00:00;;;
2021-10-12 08:00:00;;;
2021-10-12 09:00:00;;;
2021-10-12 10:00:00;;;
2021-10-12 11:00:00;;;
2021-10-12 12:00:00;;;
2021-10-12 13:00:00;;;
2021-10-12 14:00:00;;;
2021-10-12 15:00:00;;;
2021-10-12 16:00:00;;;
2021-10-12 17:00:00;;;
2021-10-12 18:00:00;;;
2021-10-12 19:00:00;;;
2021-10-12 20:00:00;;;
2021-10-12 21:00:00;;;
2021-10-12 22:00:00;;;
2021-10-12 23:00:00;;;
2021-10-13 00:00:00;;;
2021-10-13 01:00:00;;;
2021-10-13 02:00:00;;;
2021-10-13 03:00:00;;;
2021-10-13 04:00:00;;;
2021-10-13 05:00:00;;;
2021-10-13 06:00:00;;;
2021-10-13 07:00:00;;;
2021-10-13 08:00:00;;;
2021-10-13 09:00:00;;;
2021-10-13 10:00:00;;;
2021-10-13 11:00:00;;;
2021-10-13 12:00:00;;;
2021-10-13 13:00:00;;;
2021-10-13 14:00:00;;;
2021-10-13 15:00:00;;;
2021-10-13 16:00:00;;;
2021-10-13 17:00:00;;;
2021-10-13 18:00:00;;;
2021-10-13 19:00:00;;;
2021-10-13 20:00:00;;;
2021-10-13 21:00:00;;;
2021-10-13 22:00:00;;;
2021-10-13 23:00:00;;;
2021-10-14 00:00:00;;;
2021-10-14 01:00:00;;;
2021-10-14 02:00:00;;;
2021-10-14 03:00:00;;;
2021-10-14 04:00:00;;;
2021-10-14 05:00:00;;;
2021-10-14 06:00:00;;;
2021-10-14 07:00:00;;;
2021-10-14 08:00:00;;;
2021-10-14 09:00:00;;;
2021-10-14 10:00:00;;;
2021-10-14 11:00:00;;;
2021-10-14 12:00:00;;;
2021-10-14 13:00:00;;;
2021-10-14 14:00:00;;;
2021-10-14 15:00:00;;;
2021-10-14 16:00:00;;;
2021-10-14 17:00:00;;;
2021-10-14 18:00:00;;;
2021-10-14 19:00:00;;;
2021-10-14 20:00:00;;;
2021-10-14 21:00:00;;;
2021-10-14 22:00:00;;;
2021-10-14 23:00:00;;;
2021-10-15 00:00:00;;;
2021-10-15 01:00:00;;;
2021-10-15 02:00:00;;;
2021-10-15 03:00:00;;;
2021-10-15 04:00:00;;;
2021-10-15 05:00:00;;;
2021-10-15 06:00:00;;;
2021-10-15 07:00:00;;;
2021-10-15 08:00:00;;;
2021-10-15 09:00:00;;;
2021-10-15 10:00:00;;;
2021-10-15 11:00:00;;;
2021-10-15 12:00:00;;;
2021-10-15 13:00:00;;;
2021-10-15 14:00:00;;;
2021-10-15 15:00:00;;;
2021-10-15 16:00:00;;;
2021-10-15 17:00:00;;;
2021-10-15 18:00:00;;;
2021-10-15 19:00:00;;;
2021-10-15 20:00:00;;;
2021-10-15 21:00:00;;;
2021-10-15 22:00:00;;;
2021-10-15 23:00:00;;;
2021-10-16 00:00:00;;;
2021-10-16 01:00:00;;;
2021-10-16 02:00:00;;;
2021-10-16 03:00:00;;;
2021-10-16 04:00:00;;;
2021-10-16 05:00:00;;;
2021-10-16 06:00:00;;;
2021-10-16 07:00:00;;;
2021-10-16 08:00:00;;;
2021-10-16 09:00:00;;;
2021-10-16 10:00:00;;;
2021-10-16 11:00:00;;;
2021-10-16 12:00:00;;;
2021-10-16 13:00:00;;;
2021-10-16 14:00:00;;;
2021-10-16 15:00:00;;;
2021-10-16 16:00:00;;;
2021-10-16 17:00:00;;;
2021-10-16 18:00:00;;;
2021-10-16 19:00:00;;;
2021-10-16 20:00:00;;;
2021-10-16 21:00:00;;;
2021-10-16 22:00:00;;;
2021-10-16 23:00:00;;;
2021-10-17 00:00:00;;;
2021-10-17 01:00:00;;;
2021-10-17 02:00:00;;;
2021-10-17 03:00:00;;;
2021-10-17 04:00:00;;;
2021-10-17 05:00:00;;;
2021-10-17 06:00:00;;;
2021-10-17 07:00:00;;;
2021-10-17 08:00:00;;;
2021-10-17 09:00:00;;;
2021-10-17 10:00:00;;;
2021-10-17 11:00:00;;;
2021-10-17 12:00:00;;;
2021-10-17 13:00:00;;;
2021-10-17 14:00:00;;;
2021-10-17 15:00:00;;;
2021-10-17 16:00:00;;;
2021-10-17 17:00:00;;;
2021-10-17 18:00:00;;;
2021-10-17 19:00:00;;;
2021-10-17 20:00:00;;;
2021-10-17 21:00:00;;;
2021-10-17 22:00:00;;;
2021-10-17 23:00:00;;;
2021-10-18 00:00:00;;;
2021-10-18 01:00:00;;;
2021-10-18 02:00:00;;;
2021-10-18 03:00:00;;;
2021-10-18 04:00:00;;;
2021-10-18 05:00:00;;;
2021-10-18 06:00:00;;;
2021-10-18 07:00:00;;;
2021-10-18 08:00:00;;;
2021-10-18 09:00:00;;;
2021-10-18 10:00:00;;;
2021-10-18 11:00:00;;;
2021-10-18 12:00:00;;;
2021-10-18 13:00:00;;;
2021-10-18 14:00:00;;;
2021-10-18 15:00:00;;;
2021-10-18 16:00:00;;;
2021-10-18 17:00:00;;;
2021-10-18 18:00:00;;;
2021-10-18 19:00:00;;;
2021-10-18 20:00:00;;;
2021-10-18 21:00:00;;;
2021-10-18 22:00:00;;;
2021-10-18 23:00:00;;;
2021-10-19 00:00:00;;;
2021-10-19 01:00:00;;;
2021-10-19 02:00:00;;;
2021-10-19 03:00:00;;;
2021-10-19 04:00:00;;;
2021-10-19 05:00:00;;;
2021-10-19 06:00:00;;;
2021-10-19 07:00:00;;;
2021-10-19 08:00:00;;;
2021-10-19 09:00:00;;;
2021-10-19 10:00:00;;;
2021-10-19 11:00:00;;;
2021-10-19 12:00:00;;;
2021-10-19 13:00:00;;;
2021-10-19 14:00:00;;;
2021-10-19 15:00:00;;;
2021-10-19 16:00:00;;;
2021-10-19 17:00:00;;;
2021-10-19 18:00:00;;;
2021-10-19 19:00:00;;;
2021-10-19 20:00:00;;;
2021-10-19 21:00:00;;;
2021-10-19 22:00:00;;;
2021-10-19 23:00:00;;;
2021-10-20 00:00:00;;;
2021-10-20 01:00:00;;;
2021-10-20 02:00:00;;;
2021-10-20 03:00:00;;;
2021-10-20 04:00:00;;;
2021-10-20 05:00:00;;;
2021-10-20 06:00:00;;;
2021-10-20 07:00:00;;;
2021-10-20 08:00:00;;;
2021-10-20 09:00:00;;;
2021-10-20 10:00:00;;;
2021-10-20 11:00:00;;;
2021-10-20 12:00:00;;;
2021-10-20 13:00:00;;;
2021-10-20 14:00:00;;;
2021-10-20 15:00:00;;;
2021-10-20 16:00:00;;;
2021-10-20 17:00:00;;;
2021-10-20 18:00:00;;;
2021-10-20 19:00:00;;;
2021-10-20 20:00:00;;;
2021-10-20 21:00:00;;;
2021-10-20 22:00:00;;;
2021-10-20 23:00:00;;;
2021-10-21 00:00:00;;;
2021-10-21 01:00:00;;;
2021-10-21 02:00:00;;;
2021-10-21 03:00:00;;;
2021-10-21 04:00:00;;;
2021-10-21 05:00:00;;;
2021-10-21 06:00:00;;;
2021-10-21 07:00:00;;;
2021-10-21 08:00:00;;;
2021-10-21 09:00:00;;;
2021-10-21 10:00:00;;;
2021-10-21 11:00:00;;;
2021-10-21 12:00:00;;;
2021-10-21 13:00:00;;;
2021-10-21 14:00:00;;;
2021-10-21 15:00:00;;;
2021-10-21 16:00:00;;;
2021-10-21 17:00:00;;;
2021-10-21 18:00:00;;;
2021-10-21 19:00:00;;;
2021-10-21 20:00:00;;;
2021-10-21 21:00:00;;;
2021-10-21 22:00:00;;;
2021-10-21 23:00:00;;;
2021-10-22 00:00:00;;;
2021-10-22 01:00:00;;;
2021-10-22 02:00:00;;;
2021-10-22 03:00:00;;;
2021-10-22 04:00:00;;;
2021-10-22 05:00:00;;;
2021-10-22 06:00:00;;;
2021-10-22 07:00:00;;;
2021-10-22 08:00:00;;;
2021-10-22 09:00:00;;;
2021-10-22 10:00:00;;;
2021-10-22 11:00:00;;;
2021-10-22 12:00:00;;;
2021-10-22 13:00:00;;;
2021-10-22 14:00:00;;;
2021-10-22 15:00:00;;;
2021-10-22 16:00:00;;;
2021-10-22 17:00:00;;;
2021-10-22 18:00:00;;;
2021-10-22 19:00:00;;;
2021-10-22 20:00:00;;;
2021-10-22 21:00:00;;;
2021-10-22 22:00:00;;;
2021-10-22 23:00:00;;;
2021-10-23 00:00:00;;;
2021-10-23 01:00:00;;;
2021-10-23 02:00:00;;;
2021-10-23 03:00:00;;;
2021-10-23 04:00:00;;;
2021-10-23 05:00:00;;;
2021-10-23 06:00:00;;;
2021-10-23 07:00:00;;;
2021-10-23 08:00:00;;;
2021-10-23 09:00:00;;;
2021-10-23 10:00:00;;;
2021-10-23 11:00:00;;;
2021-10-23 12:00:00;;;
2021-10-23 13:00:00;;;
2021-10-23 14:00:00;;;
2021-10-23 15:00:00;;;
2021-10-23 16:00:00;;;
2021-10-23 17:00:00;;;
2021-10-23 18:00:00;;;
2021-10-23 19:00:00;;;
2021-10-23 20:00:00;;;
2021-10-23 21:00:00;;;
2021-10-23 22:00:00;;;
2021-10-23 23:00:00;;;
2021-10-24 00:00:00;;;
2021-10-24 01:00:00;;;
2021-10-24 02:00:00;;;
2021-10-24 03:00:00;;;
2021-10-24 04:00:00;;;
2021-10-24 05:00:00;;;
2021-10-24 06:00:00;;;
2021-10-24 07:00:00;;;
2021-10-24 08:00:00;;;
2021-10-24 09:00:00;;;
2021-10-24 10:00:00;;;
2021-10-24 11:00:00;;;
2021-10-24 12:00:00;;;
2021-10-24 13:00:00;;;
2021-10-24 14:00:00;;;
2021-10-24 15:00:00;;;
2021-10-24 16:00:00;;;
2021-10-24 17:00:00;;;
2021-10-24 18:00:00;;;
2021-10-24 19:00:00;;;
2021-10-24 20:00:00;;;
2021-10-24 21:00:00;;;
2021-10-24 22:00:00;;;
2021-10-24 23:00:00;;;
2021-10-25 00:00:00;;;
2021-10-25 01:00:00;;;
2021-10-25 02:00:00;;;
2021-10-25 03:00:00;;;
2021-10-25 04:00:00;;;
2021-10-25 05:00:00;;;
2021-10-25 06:00:00;;;
2021-10-25 07:00:00;;;
2021-10-25 08:00:00;;;
2021-10-25 09:00:00;;;
2021-10-25 10:00:00;;;
2021-10-25 11:00:00;;;
2021-10-25 12:00:00;;;
2021-10-25 13:00:00;;;
2021-10-25 14:00:00;;;
2021-10-25 15:00:00;;;
2021-10-25 16:00:00;;;
2021-10-25 17:00:00;;;
2021-10-25 18:00:00;;;
2021-10-25 19:00:00;;;
2021-10-25 20:00:00;;;
2021-10-25 21:00:00;;;
2021-10-25 22:00:00;;;
2021-10-25 23:00:00;;;
2021-10-26 00:00:00;;;
2021-10-26 01:00:00;;;
2021-10-26 02:00:00;;;
2021-10-26 03:00:00;;;
2021-10-26 04:00:00;;;
2021-10-26 05:00:00;;;
2021-10-26 06:00:00;;;
2021-10-26 07:00:00;;;
2021-10-26 08:00:00;;;
2021-10-26 09:00:00;;;
2021-10-26 10:00:00;;;
2021-10-26 11:00:00;;;
2021-10-26 12:00:00;;;
2021-10-26 13:00:00;;;
2021-10-26 14:00:00;;;
2021-10-26 15:00:00;;;
2021-10-26 16:00:00;;;
2021-10-26 17:00:00;;;
2021-10-26 18:00:00;;;
2021-10-26 19:00:00;;;
2021-10-26 20:00:00;;;
2021-10-26 21:00:00;;;
2021-10-26 22:00:00;;;
2021-10-26 23:00:00;;;
2021-10-27 00:00:00;;;
2021-10-27 01:00:00;;;
2021-10-27 02:00:00;;;
2021-10-27 03:00:00;;;
2021-10-27 04:00:00;;;
2021-10-27 05:00:00;;;
2021-10-27 06:00:00;;;
2021-10-27 07:00:00;;;
2021-10-27 08:00:00;;;
2021-10-27 09:00:00;;;
2021-10-27 10:00:00;;;
2021-10-27 11:00:00;;;
2021-10-27 12:00:00;;;
2021-10-27 13:00:00;;;
2021-10-27 14:00:00;;;
2021-10-27 15:00:00;;;
2021-10-27 16:00:00;;;
2021-10-27 17:00:00;;;
2021-10-27 18:00:00;;;
2021-10-27 19:00:00;;;
2021-10-27 20:00:00;;;
2021-10-27 21:00:00;;;
2021-10-27 22:00:00;;;
2021-10-27 23:00:00;;;
2021-10-28 00:00:00;;;
2021-10-28 01:00:00;;;
2021-10-28 02:00:00;;;
2021-10-28 03:00:00;;;
2021-10-28 04:00:00;;;
2021-10-28 05:00:00;;;
2021-10-28 06:00:00;;;
2021-10-28 07:00:00;;;
2021-10-28 08:00:00;;;
2021-10-28 09:00:00;;;
2021-10-28 10:00:00;;;
2021-10-28 11:00:00;;;
2021-10-28 12:00:00;;;
2021-10-28 13:00:00;;;
2021-10-28 14:00:00;;;
2021-10-28 15:00:00;;;
2021-10-28 16:00:00;;;
2021-10-28 17:00:00;;;
2021-10-28 18:00:00;;;
2021-10-28 19:00:00;;;
2021-10-28 20:00:00;;;
2021-10-28 21:00:00;;;
2021-10-28 22:00:00;;;
2021-10-28 23:00:00;;;
2021-10-29 00:00:00;;;
2021-10-29 01:00:00;;;
2021-10-29 02:00:00;;;
2021-10-29 03:00:00;;;
2021-10-29 04:00:00;;;
2021-10-29 05:00:00;;;
2021-10-29 06:00:00;;;
2021-10-29 07:00:00;;;
2021-10-29 08:00:00;;;
2021-10-29 09:00:00;;;
2021-10-29 10:00:00;;;
2021-10-29 11:00:00;;;
2021-10-29 12:00:00;;;
2021-10-29 13:00:00;;;
2021-10-29 14:00:00;;;
2021-10-29 15:00:00;;;
2021-10-29 16:00:00;;;
2021-10-29 17:00:00;;;
2021-10-29 18:00:00;;;
2021-10-29 19:00:00;;;
2021-10-29 20:00:00;;;
2021-10-29 21:00:00;;;
2021-10-29 22:00:00;;;
2021-10-29 23:00:00;;;
2021-10-30 00:00:00;;;
2021-10-30 01:00:00;;;
2021-10-30 02:00:00;;;
2021-10-30 03:00:00;;;
2021-10-30 04:00:00;;;
2021-10-30 05:00:00;;;
2021-10-30 06:00:00;;;
2021-10-30 07:00:00;;;
2021-10-30 08:00:00;;;
2021-10-30 09:00:00;;;
2021-10-30 10:00:00;;;
2021-10-30 11:00:00;;;
2021-10-30 12:00:00;;;
2021-10-30 13:00:00;;;
2021-10-30 14:00:00;;;
2021-10-30 15:00:00;;;
2021-10-30 16:00:00;;;
2021-10-30 17:00:00;;;
2021-10-30 18:00:00;;;
2021-10-30 19:00:00;;;
2021-10-30 20:00:00;;;
2021-10-30 21:00:00;;;
2021-10-30 22:00:00;;;
2021-10-30 23:00:00;;;
2021-10-31 00:00:00;;;
2021-10-31 01:00:00;;;
2021-10-31 02:00:00;;;
2021-10-31 03:00:00;;;
2021-10-31 04:00:00;;;
2021-10-31 05:00:00;;;
2021-10-31 06:00:00;;;
2021-10-31 07:00:00;;;
2021-10-31 08:00:00;;;
2021-10-31 09:00:00;;;
2021-10-31 10:00:00;;;
2021-10-31 11:00:00;;;
2021-10-31 12:00:00;;;
2021-10-31 13:00:00;;;
2021-10-31 14:00:00;;;
2021-10-31 15:00:00;;;
2021-10-31 16:00:00;;;
2021-10-31 17:00:00;;;
2021-10-31 18:00:00;;;
2021-10-31 19:00:00;;;
2021-10-31 20:00:00;;;
2021-10-31 21:00:00;;;
2021-10-31 22:00:00;;;
2021-10-31 23:00:00;;;
2021-11-01 00:00:00;;;
2021-11-01 01:00:00;;;
2021-11-01 02:00:00;;;
2021-11-01 03:00:00;;;
2021-11-01 04:00:00;;;
2021-11-01 05:00:00;;;
2021-11-01 06:00:00;;;
2021-11-01 07:00:00;;;
2021-11-01 08:00:00;;;
2021-11-01 09:00:00;;;
2021-11-01 10:00:00;;;
2021-11-01 11:00:00;;;
2021-11-01 12:00:00;;;
2021-11-01 13:00:00;;;
2021-11-01 14:00:00;;;
2021-11-01 15:00:00;;;
2021-11-01 16:00:00;;;
2021-11-01 17:00:00;;;
2021-11-01 18:00:00;;;
2021-11-01 19:00:00;;;
2021-11-01 20:00:00;;;
2021-11-01 21:00:00;;;
2021-11-01 22:00:00;;;
2021-11-01 23:00:00;;;
2021-11-02 00:00:00;;;
2021-11-02 01:00:00;;;
2021-11-02 02:00:00;;;
2021-11-02 03:00:00;;;
2021-11-02 04:00:00;;;
2021-11-02 05:00:00;;;
2021-11-02 06:00:00;;;
2021-11-02 07:00:00;;;
2021-11-02 08:00:00;;;
2021-11-02 09:00:00;;;
2021-11-02 10:00:00;;;
2021-11-02 11:00:00;;;
2021-11-02 12:00:00;;;
2021-11-02 13:00:00;;;
2021-11-02 14:00:00;;;
2021-11-02 15:00:00;;;
2021-11-02 16:00:00;;;
2021-11-02 17:00:00;;;
2021-11-02 18:00:00;;;
2021-11-02 19:00:00;;;
2021-11-02 20:00:00;;;
2021-11-02 21:00:00;;;
2021-11-02 22:00:00;;;
2021-11-02 23:00:00;;;
2021-11-03 00:00:00;;;
2021-11-03 01:00:00;;;
2021-11-03 02:00:00;;;
2021-11-03 03:00:00;;;
2021-11-03 04:00:00;;;
2021-11-03 05:00:00;;;
2021-11-03 06:00:00;;;
2021-11-03 07:00:00;;;
2021-11-03 08:00:00;;;
2021-11-03 09:00:00;;;
2021-11-03 10:00:00;;;
2021-11-03 11:00:00;;;
2021-11-03 12:00:00;;;
2021-11-03 13:00:00;;;
2021-11-03 14:00:00;;;
2021-11-03 15:00:00;;;
2021-11-03 16:00:00;;;
2021-11-03 17:00:00;;;
2021-11-03 18:00:00;;;
2021-11-03 19:00:00;;;
2021-11-03 20:00:00;;;
2021-11-03 21:00:00;;;
2021-11-03 22:00:00;;;
2021-11-03 23:00:00;;;
2021-11-04 00:00:00;;;
2021-11-04 01:00:00;;;
2021-11-04 02:00:00;;;
2021-11-04 03:00:00;;;
2021-11-04 04:00:00;;;
2021-11-04 05:00:00;;;
2021-11-04 06:00:00;;;
2021-11-04 07:00:00;;;
2021-11-04 08:00:00;;;
2021-11-04 09:00:00;;;
2021-11-04 10:00:00;;;
2021-11-04 11:00:00;;;
2021-11-04 12:00:00;;;
2021-11-04 13:00:00;;;
2021-11-04 14:00:00;;;
2021-11-04 15:00:00;;;
2021-11-04 16:00:00;;;
2021-11-04 17:00:00;;;
2021-11-04 18:00:00;;;
2021-11-04 19:00:00;;;
2021-11-04 20:00:00;;;
2021-11-04 21:00:00;;;
2021-11-04 22:00:00;;;
2021-11-04 23:00:00;;;
2021-11-05 00:00:00;;;
2021-11-05 01:00:00;;;
2021-11-05 02:00:00;;;
2021-11-05 03:00:00;;;
2021-11-05 04:00:00;;;
2021-11-05 05:00:00;;;
2021-11-05 06:00:00;;;
2021-11-05 07:00:00;;;
2021-11-05 08:00:00;;;
2021-11-05 09:00:00;;;
2021-11-05 10:00:00;;;
2021-11-05 11:00:00;;;
2021-11-05 12:00:00;;;
2021-11-05 13:00:00;;;
2021-11-05 14:00:00;;;
2021-11-05 15:00:00;;;
2021-11-05 16:00:00;;;
2021-11-05 17:00:00;;;
2021-11-05 18:00:00;;;
2021-11-05 19:00:00;;;
2021-11-05 20:00:00;;;
2021-11-05 21:00:00;;;
2021-11-05 22:00:00;;;
2021-11-05 23:00:00;;;
2021-11-06 00:00:00;;;
2021-11-06 01:00:00;;;
2021-11-06 02:00:00;;;
2021-11-06 03:00:00;;;
2021-11-06 04:00:00;;;
2021-11-06 05:00:00;;;
2021-11-06 06:00:00;;;
2021-11-06 07:00:00;;;
2021-11-06 08:00:00;;;
2021-11-06 09:00:00;;;
2021-11-06 10:00:00;;;
2021-11-06 11:00:00;;;
2021-11-06 12:00:00;;;
2021-11-06 13:00:00;;;
2021-11-06 14:00:00;;;
2021-11-06 15:00:00;;;
2021-11-06 16:00:00;;;
2021-11-06 17:00:00;;;
2021-11-06 18:00:00;;;
2021-11-06 19:00:00;;;
2021-11-06 20:00:00;;;
2021-11-06 21:00:00;;;
2021-11-06 22:00:00;;;
2021-11-06 23:00:00;;;
2021-11-07 00:00:00;;;
2021-11-07 01:00:00;;;
2021-11-07 02:00:00;;;
2021-11-07 03:00:00;;;
2021-11-07 04:00:00;;;
2021-11-07 05:00:00;;;
2021-11-07 06:00:00;;;
2021-11-07 07:00:00;;;
2021-11-07 08:00:00;;;
2021-11-07 09:00:00;;;
2021-11-07 10:00:00;;;
2021-11-07 11:00:00;;;
2021-11-07 12:00:00;;;
2021-11-07 13:00:00;;;
2021-11-07 14:00:00;;;
2021-11-07 15:00:00;;;
2021-11-07 16:00:00;;;
2021-11-07 17:00:00;;;
2021-11-07 18:00:00;;;
2021-11-07 19:00:00;;;
2021-11-07 20:00:00;;;
2021-11-07 21:00:00;;;
2021-11-07 22:00:00;;;
2021-11-07 23:00:00;;;
2021-11-08 00:00:00;;;
2021-11-08 01:00:00;;;
2021-11-08 02:00:00;;;
2021-11-08 03:00:00;;;
2021-11-08 04:00:00;;;
2021-11-08 05:00:00;;;
2021-11-08 06:00:00;;;
2021-11-08 07:00:00;;;
2021-11-08 08:00:00;;;
2021-11-08 09:00:00;;;
2021-11-08 10:00:00;;;
2021-11-08 11:00:00;;;
2021-11-08 12:00:00;;;
2021-11-08 13:00:00;;;
2021-11-08 14:00:00;;;
2021-11-08 15:00:00;;;
2021-11-08 16:00:00;;;
2021-11-08 17:00:00;;;
2021-11-08 18:00:00;;;
2021-11-08 19:00:00;;;
2021-11-08 20:00:00;;;
2021-11-08 21:00:00;;;
2021-11-08 22:00:00;;;
2021-11-08 23:00:00;;;
2021-11-09 00:00:00;;;
2021-11-09 01:00:00;;;
2021-11-09 02:00:00;;;
2021-11-09 03:00:00;;;
2021-11-09 04:00:00;;;
2021-11-09 05:00:00;;;
2021-11-09 06:00:00;;;
2021-11-09 07:00:00;;;
2021-11-09 08:00:00;;;
2021-11-09 09:00:00;;;
2021-11-09 10:00:00;;;
2021-11-09 11:00:00;;;
2021-11-09 12:00:00;;;
2021-11-09 13:00:00;;;
2021-11-09 14:00:00;;;
2021-11-09 15:00:00;;;
2021-11-09 16:00:00;;;
2021-11-09 17:00:00;;;
2021-11-09 18:00:00;;;
2021-11-09 19:00:00;;;
2021-11-09 20:00:00;;;
2021-11-09 21:00:00;;;
2021-11-09 22:00:00;;;
2021-11-09 23:00:00;;;
2021-11-10 00:00:00;;;
2021-11-10 01:00:00;;;
2021-11-10 02:00:00;;;
2021-11-10 03:00:00;;;
2021-11-10 04:00:00;;;
2021-11-10 05:00:00;;;
2021-11-10 06:00:00;;;
2021-11-10 07:00:00;;;
2021-11-10 08:00:00;;;
2021-11-10 09:00:00;;;
2021-11-10 10:00:00;;;
2021-11-10 11:00:00;;;
2021-11-10 12:00:00;;;
2021-11-10 13:00:00;;;
2021-11-10 14:00:00;;;
2021-11-10 15:00:00;;;
2021-11-10 16:00:00;;;
2021-11-10 17:00:00;;;
2021-11-10 18:00:00;;;
2021-11-10 19:00:00;;;
2021-11-10 20:00:00;;;
2021-11-10 21:00:00;;;
2021-11-10 22:00:00;;;
2021-11-10 23:00:00;;;
2021-11-11 00:00:00;;;
2021-11-11 01:00:00;;;
2021-11-11 02:00:00;;;
2021-11-11 03:00:00;;;
2021-11-11 04:00:00;;;
2021-11-11 05:00:00;;;
2021-11-11 06:00:00;;;
2021-11-11 07:00:00;;;
2021-11-11 08:00:00;;;
2021-11-11 09:00:00;;;
2021-11-11 10:00:00;;;
2021-11-11 11:00:00;;;
2021-11-11 12:00:00;;;
2021-11-11 13:00:00;;;
2021-11-11 14:00:00;;;
2021-11-11 15:00:00;;;
2021-11-11 16:00:00;;;
2021-11-11 17:00:00;;;
2021-11-11 18:00:00;;;
2021-11-11 19:00:00;;;
2021-11-11 20:00:00;;;
2021-11-11 21:00:00;;;
2021-11-11 22:00:00;;;
2021-11-11 23:00:00;;;
2021-11-12 00:00:00;;;
2021-11-12 01:00:00;;;
2021-11-12 02:00:00;;;
2021-11-12 03:00:00;;;
2021-11-12 04:00:00;;;
2021-11-12 05:00:00;;;
2021-11-12 06:00:00;;;
2021-11-12 07:00:00;;;
2021-11-12 08:00:00;;;
2021-11-12 09:00:00;;;
2021-11-12 10:00:00;;;
2021-11-12 11:00:00;;;
2021-11-12 12:00:00;;;
2021-11-12 13:00:00;;;
2021-11-12 14:00:00;;;
2021-11-12 15:00:00;;;
2021-11-12 16:00:00;;;
2021-11-12 17:00:00;;;
2021-11-12 18:00:00;;;
2021-11-12 19:00:00;;;
2021-11-12 20:00:00;;;
2021-11-12 21:00:00;;;
2021-11-12 22:00:00;;;
2021-11-12 23:00:00;;;
2021-11-13 00:00:00;;;
2021-11-13 01:00:00;;;
2021-11-13 02:00:00;;;
2021-11-13 03:00:00;;;
2021-11-13 04:00:00;;;
2021-11-13 05:00:00;;;
2021-11-13 06:00:00;;;
2021-11-13 07:00:00;;;
2021-11-13 08:00:00;;;
2021-11-13 09:00:00;;;
2021-11-13 10:00:00;;;
2021-11-13 11:00:00;;;
2021-11-13 12:00:00;;;
2021-11-13 13:00:00;;;
2021-11-13 14:00:00;;;
2021-11-13 15:00:00;;;
2021-11-13 16:00:00;;;
2021-11-13 17:00:00;;;
2021-11-13 18:00:00;;;
2021-11-13 19:00:00;;;
2021-11-13 20:00:00;;;
2021-11-13 21:00:00;;;
2021-11-13 22:00:00;;;
2021-11-13 23:00:00;;;
2021-11-14 00:00:00;;;
2021-11-14 01:00:00;;;
2021-11-14 02:00:00;;;
2021-11-14 03:00:00;;;
2021-11-14 04:00:00;;;
2021-11-14 05:00:00;;;
2021-11-14 06:00:00;;;
2021-11-14 07:00:00;;;
2021-11-14 08:00:00;;;
2021-11-14 09:00:00;;;
2021-11-14 10:00:00;;;
2021-11-14 11:00:00;;;
2021-11-14 12:00:00;;;
2021-11-14 13:00:00;;;
2021-11-14 14:00:00;;;
2021-11-14 15:00:00;;;
2021-11-14 16:00:00;;;
2021-11-14 17:00:00;;;
2021-11-14 18:00:00;;;
2021-11-14 19:00:00;;;
2021-11-14 20:00:00;;;
2021-11-14 21:00:00;;;
2021-11-14 22:00:00;;;
2021-11-14 23:00:00;;;
2021-11-15 00:00:00;;;
2021-11-15 01:00:00;;;
2021-11-15 02:00:00;;;
2021-11-15 03:00:00;;;
2021-11-15 04:00:00;;;
2021-11-15 05:00:00;;;
2021-11-15 06:00:00;;;
2021-11-15 07:00:00;;;
2021-11-15 08:00:00;;;
2021-11-15 09:00:00;;;
2021-11-15 10:00:00;;;
2021-11-15 11:00:00;;;
2021-11-15 12:00:00;;;
2021-11-15 13:00:00;;;
2021-11-15 14:00:00;;;
2021-11-15 15:00:00;;;
2021-11-15 16:00:00;;;
2021-11-15 17:00:00;;;
2021-11-15 18:00:00;;;
2021-11-15 19:00:00;;;
2021-11-15 20:00:00;;;
2021-11-15 21:00:00;;;
2021-11-15 22:00:00;;;
2021-11-15 23:00:00;;;
2021-11-16 00:00:00;;;
2021-11-16 01:00:00;;;
2021-11-16 02:00:00;;;
2021-11-16 03:00:00;;;
2021-11-16 04:00:00;;;
2021-11-16 05:00:00;;;
2021-11-16 06:00:00;;;
2021-11-16 07:00:00;;;
2021-11-16 08:00:00;;;
2021-11-16 09:00:00;;;
2021-11-16 10:00:00;;;
2021-11-16 11:00:00;;;
2021-11-16 12:00:00;;;
2021-11-16 13:00:00;;;
2021-11-16 14:00:00;;;
2021-11-16 15:00:00;;;
2021-11-16 16:00:00;;;
2021-11-16 17:00:00;;;
2021-11-16 18:00:00;;;
2021-11-16 19:00:00;;;
2021-11-16 20:00:00;;;
2021-11-16 21:00:00;;;
2021-11-16 22:00:00;;;
2021-11-16 23:00:00;;;
2021-11-17 00:00:00;;;
2021-11-17 01:00:00;;;
2021-11-17 02:00:00;;;
2021-11-17 03:00:00;;;
2021-11-17 04:00:00;;;
2021-11-17 05:00:00;;;
2021-11-17 06:00:00;;;
2021-11-17 07:00:00;;;
2021-11-17 08:00:00;;;
2021-11-17 09:00:00;;;
2021-11-17 10:00:00;;;
2021-11-17 11:00:00;;;
2021-11-17 12:00:00;;;
2021-11-17 13:00:00;;;
2021-11-17 14:00:00;;;
2021-11-17 15:00:00;;;
2021-11-17 16:00:00;;;
2021-11-17 17:00:00;;;
2021-11-17 18:00:00;;;
2021-11-17 19:00:00;;;
2021-11-17 20:00:00;;;
2021-11-17 21:00:00;;;
2021-11-17 22:00:00;;;
2021-11-17 23:00:00;;;
2021-11-18 00:00:00;;;
2021-11-18 01:00:00;;;
2021-11-18 02:00:00;;;
2021-11-18 03:00:00;;;
2021-11-18 04:00:00;;;
2021-11-18 05:00:00;;;
2021-11-18 06:00:00;;;
2021-11-18 07:00:00;;;
2021-11-18 08:00:00;;;
2021-11-18 09:00:00;;;
2021-11-18 10:00:00;;;
2021-11-18 11:00:00;;;
2021-11-18 12:00:00;;;
2021-11-18 13:00:00;;;
2021-11-18 14:00:00;;;
2021-11-18 15:00:00;;;
2021-11-18 16:00:00;;;
2021-11-18 17:00:00;;;
2021-11-18 18:00:00;;;
2021-11-18 19:00:00;;;
2021-11-18 20:00:00;;;
2021-11-18 21:00:00;;;
2021-11-18 22:00:00;;;
2021-11-18 23:00:00;;;
2021-11-19 00:00:00;;;
2021-11-19 01:00:00;;;
2021-11-19 02:00:00;;;
2021-11-19 03:00:00;;;
2021-11-19 04:00:00;;;
2021-11-19 05:00:00;;;
2021-11-19 06:00:00;;;
2021-11-19 07:00:00;;;
2021-11-19 08:00:00;;;
2021-11-19 09:00:00;;;
2021-11-19 10:00:00;;;
2021-11-19 11:00:00;;;
2021-11-19 12:00:00;;;
2021-11-19 13:00:00;;;
2021-11-19 14:00:00;;;
2021-11-19 15:00:00;;;
2021-11-19 16:00:00;;;
2021-11-19 17:00:00;;;
2021-11-19 18:00:00;;;
2021-11-19 19:00:00;;;
2021-11-19 20:00:00;;;
2021-11-19 21:00:00;;;
2021-11-19 22:00:00;;;
2021-11-19 23:00:00;;;
2021-11-20 00:00:00;;;
2021-11-20 01:00:00;;;
2021-11-20 02:00:00;;;
2021-11-20 03:00:00;;;
2021-11-20 04:00:00;;;
2021-11-20 05:00:00;;;
2021-11-20 06:00:00;;;
2021-11-20 07:00:00;;;
2021-11-20 08:00:00;;;
2021-11-20 09:00:00;;;
2021-11-20 10:00:00;;;
2021-11-20 11:00:00;;;
2021-11-20 12:00:00;;;
2021-11-20 13:00:00;;;
2021-11-20 14:00:00;;;
2021-11-20 15:00:00;;;
2021-11-20 16:00:00;;;
2021-11-20 17:00:00;;;
2021-11-20 18:00:00;;;
2021-11-20 19:00:00;;;
2021-11-20 20:00:00;;;
2021-11-20 21:00:00;;;
2021-11-20 22:00:00;;;
2021-11-20 23:00:00;;;
2021-11-21 00:00:00;;;
2021-11-21 01:00:00;;;
2021-11-21 02:00:00;;;
2021-11-21 03:00:00;;;
2021-11-21 04:00:00;;;
2021-11-21 05:00:00;;;
2021-11-21 06:00:00;;;
2021-11-21 07:00:00;;;
2021-11-21 08:00:00;;;
2021-11-21 09:00:00;;;
2021-11-21 10:00:00;;;
2021-11-21 11:00:00;;;
2021-11-21 12:00:00;;;
2021-11-21 13:00:00;;;
2021-11-21 14:00:00;;;
2021-11-21 15:00:00;;;
2021-11-21 16:00:00;;;
2021-11-21 17:00:00;;;
2021-11-21 18:00:00;;;
2021-11-21 19:00:00;;;
2021-11-21 20:00:00;;;
2021-11-21 21:00:00;;;
2021-11-21 22:00:00;;;
2021-11-21 23:00:00;;;
2021-11-22 00:00:00;;;
2021-11-22 01:00:00;;;
2021-11-22 02:00:00;;;
2021-11-22 03:00:00;;;
2021-11-22 04:00:00;;;
2021-11-22 05:00:00;;;
2021-11-22 06:00:00;;;
2021-11-22 07:00:00;;;
2021-11-22 08:00:00;;;
2021-11-22 09:00:00;;;
2021-11-22 10:00:00;;;
2021-11-22 11:00:00;;;
2021-11-22 12:00:00;;;
2021-11-22 13:00:00;;;
2021-11-22 14:00:00;;;
2021-11-22 15:00:00;;;
2021-11-22 16:00:00;;;
2021-11-22 17:00:00;;;
2021-11-22 18:00:00;;;
2021-11-22 19:00:00;;;
2021-11-22 20:00:00;;;
2021-11-22 21:00:00;;;
2021-11-22 22:00:00;;;
2021-11-22 23:00:00;;;
2021-11-23 00:00:00;;;
2021-11-23 01:00:00;;;
2021-11-23 02:00:00;;;
2021-11-23 03:00:00;;;
2021-11-23 04:00:00;;;
2021-11-23 05:00:00;;;
2021-11-23 06:00:00;;;
2021-11-23 07:00:00;;;
2021-11-23 08:00:00;;;
2021-11-23 09:00:00;;;
2021-11-23 10:00:00;;;
2021-11-23 11:00:00;;;
2021-11-23 12:00:00;;;
2021-11-23 13:00:00;;;
2021-11-23 14:00:00;;;
2021-11-23 15:00:00;;;
2021-11-23 16:00:00;;;
2021-11-23 17:00:00;;;
2021-11-23 18:00:00;;;
2021-11-23 19:00:00;;;
2021-11-23 20:00:00;;;
2021-11-23 21:00:00;;;
2021-11-23 22:00:00;;;
2021-11-23 23:00:00;;;
2021-11-24 00:00:00;;;
2021-11-24 01:00:00;;;
2021-11-24 02:00:00;;;
2021-11-24 03:00:00;;;
2021-11-24 04:00:00;;;
2021-11-24 05:00:00;;;
2021-11-24 06:00:00;;;
2021-11-24 07:00:00;;;
2021-11-24 08:00:00;;;
2021-11-24 09:00:00;;;
2021-11-24 10:00:00;;;
2021-11-24 11:00:00;;;
2021-11-24 12:00:00;;;
2021-11-24 13:00:00;;;
2021-11-24 14:00:00;;;
2021-11-24 15:00:00;;;
2021-11-24 16:00:00;;;
2021-11-24 17:00:00;;;
2021-11-24 18:00:00;;;
2021-11-24 19:00:00;;;
2021-11-24 20:00:00;;;
2021-11-24 21:00:00;;;
2021-11-24 22:00:00;;;
2021-11-24 23:00:00;;;
2021-11-25 00:00:00;;;
2021-11-25 01:00:00;;;
2021-11-25 02:00:00;;;
2021-11-25 03:00:00;;;
2021-11-25 04:00:00;;;
2021-11-25 05:00:00;;;
2021-11-25 06:00:00;;;
2021-11-25 07:00:00;;;
2021-11-25 08:00:00;;;
2021-11-25 09:00:00;;;
2021-11-25 10:00:00;;;
2021-11-25 11:00:00;;;
2021-11-25 12:00:00;;;
2021-11-25 13:00:00;;;
2021-11-25 14:00:00;;;
2021-11-25 15:00:00;;;
2021-11-25 16:00:00;;;
2021-11-25 17:00:00;;;
2021-11-25 18:00:00;;;
2021-11-25 19:00:00;;;
2021-11-25 20:00:00;;;
2021-11-25 21:00:00;;;
2021-11-25 22:00:00;;;
2021-11-25 23:00:00;;;
2021-11-26 00:00:00;;;
2021-11-26 01:00:00;;;
2021-11-26 02:00:00;;;
2021-11-26 03:00:00;;;
2021-11-26 04:00:00;;;
2021-11-26 05:00:00;;;
2021-11-26 06:00:00;;;
2021-11-26 07:00:00;;;
2021-11-26 08:00:00;;;
2021-11-26 09:00:00;;;
2021-11-26 10:00:00;;;
2021-11-26 11:00:00;;;
2021-11-26 12:00:00;;;
2021-11-26 13:00:00;;;
2021-11-26 14:00:00;;;
2021-11-26 15:00:00;;;
2021-11-26 16:00:00;;;
2021-11-26 17:00:00;;;
2021-11-26 18:00:00;;;
2021-11-26 19:00:00;;;
2021-11-26 20:00:00;;;
2021-11-26 21:00:00;;;
2021-11-26 22:00:00;;;
2021-11-26 23:00:00;;;
2021-11-27 00:00:00;;;
2021-11-27 01:00:00;;;
2021-11-27 02:00:00;;;
2021-11-27 03:00:00;;;
2021-11-27 04:00:00;;;
2021-11-27 05:00:00;;;
2021-11-27 06:00:00;;;
2021-11-27 07:00:00;;;
2021-11-27 08:00:00;;;
2021-11-27 09:00:00;;;
2021-11-27 10:00:00;;;
2021-11-27 11:00:00;;;
2021-11-27 12:00:00;;;
2021-11-27 13:00:00;;;
2021-11-27 14:00:00;;;
2021-11-27 15:00:00;;;
2021-11-27 16:00:00;;;
2021-11-27 17:00:00;;;
2021-11-27 18:00:00;;;
2021-11-27 19:00:00;;;
2021-11-27 20:00:00;;;
2021-11-27 21:00:00;;;
2021-11-27 22:00:00;;;
2021-11-27 23:00:00;;;
2021-11-28 00:00:00;;;
2021-11-28 01:00:00;;;
2021-11-28 02:00:00;;;
2021-11-28 03:00:00;;;
2021-11-28 04:00:00;;;
2021-11-28 05:00:00;;;
2021-11-28 06:00:00;;;
2021-11-28 07:00:00;;;
2021-11-28 08:00:00;;;
2021-11-28 09:00:00;;;
2021-11-28 10:00:00;;;
2021-11-28 11:00:00;;;
2021-11-28 12:00:00;;;
2021-11-28 13:00:00;;;
2021-11-28 14:00:00;;;
2021-11-28 15:00:00;;;
2021-11-28 16:00:00;;;
2021-11-28 17:00:00;;;
2021-11-28 18:00:00;;;
2021-11-28 19:00:00;;;
2021-11-28 20:00:00;;;
2021-11-28 21:00:00;;;
2021-11-28 22:00:00;;;
2021-11-28 23:00:00;;;
2021-11-29 00:00:00;;;
2021-11-29 01:00:00;;;
2021-11-29 02:00:00;;;
2021-11-29 03:00:00;;;
2021-11-29 04:00:00;;;
2021-11-29 05:00:00;;;
2021-11-29 06:00:00;;;
2021-11-29 07:00:00;;;
2021-11-29 08:00:00;;;
2021-11-29 09:00:00;;;
2021-11-29 10:00:00;;;
2021-11-29 11:00:00;;;
2021-11-29 12:00:00;;;
2021-11-29 13:00:00;;;
2021-11-29 14:00:00;;;
2021-11-29 15:00:00;;;
2021-11-29 16:00:00;;;
2021-11-29 17:00:00;;;
2021-11-29 18:00:00;;;
2021-11-29 19:00:00;;;
2021-11-29 20:00:00;;;
2021-11-29 21:00:00;;;
2021-11-29 22:00:00;;;
2021-11-29 23:00:00;;;
2021-11-30 00:00:00;;;
2021-11-30 01:00:00;;;
2021-11-30 02:00:00;;;
2021-11-30 03:00:00;;;
2021-11-30 04:00:00;;;
2021-11-30 05:00:00;;;
2021-11-30 06:00:00;;;
2021-11-30 07:00:00;;;
2021-11-30 08:00:00;;;
2021-11-30 09:00:00;;;
2021-11-30 10:00:00;;;
2021-11-30 11:00:00;;;
2021-11-30 12:00:00;;;
2021-11-30 13:00:00;;;
2021-11-30 14:00:00;;;
2021-11-30 15:00:00;;;
2021-11-30 16:00:00;;;
2021-11-30 17:00:00;;;
2021-11-30 18:00:00;;;
2021-11-30 19:00:00;;;
2021-11-30 20:00:00;;;
2021-11-30 21:00:00;;;
2021-11-30 22:00:00;;;
2021-11-30 23:00:00;;;
2021-12-01 00:00:00;;;
2021-12-01 01:00:00;;;
2021-12-01 02:00:00;;;
2021-12-01 03:00:00;;;
2021-12-01 04:00:00;;;
2021-12-01 05:00:00;;;
2021-12-01 06:00:00;;;
2021-12-01 07:00:00;;;
2021-12-01 08:00:00;;;
2021-12-01 09:00:00;;;
2021-12-01 10:00:00;;;
2021-12-01 11:00:00;;;
2021-12-01 12:00:00;;;
2021-12-01 13:00:00;;;
2021-12-01 14:00:00;;;
2021-12-01 15:00:00;;;
2021-12-01 16:00:00;;;
2021-12-01 17:00:00;;;
2021-12-01 18:00:00;;;
2021-12-01 19:00:00;;;
2021-12-01 20:00:00;;;
2021-12-01 21:00:00;;;
2021-12-01 22:00:00;;;
2021-12-01 23:00:00;;;
2021-12-02 00:00:00;;;
2021-12-02 01:00:00;;;
2021-12-02 02:00:00;;;
2021-12-02 03:00:00;;;
2021-12-02 04:00:00;;;
2021-12-02 05:00:00;;;
2021-12-02 06:00:00;;;
2021-12-02 07:00:00;;;
2021-12-02 08:00:00;;;
2021-12-02 09:00:00;;;
2021-12-02 10:00:00;;;
2021-12-02 11:00:00;;;
2021-12-02 12:00:00;;;
2021-12-02 13:00:00;;;
2021-12-02 14:00:00;;;
2021-12-02 15:00:00;;;
2021-12-02 16:00:00;;;
2021-12-02 17:00:00;;;
2021-12-02 18:00:00;;;
2021-12-02 19:00:00;;;
2021-12-02 20:00:00;;;
2021-12-02 21:00:00;;;
2021-12-02 22:00:00;;;
2021-12-02 23:00:00;;;
2021-12-03 00:00:00;;;
2021-12-03 01:00:00;;;
2021-12-03 02:00:00;;;
2021-12-03 03:00:00;;;
2021-12-03 04:00:00;;;
2021-12-03 05:00:00;;;
2021-12-03 06:00:00;;;
2021-12-03 07:00:00;;;
2021-12-03 08:00:00;;;
2021-12-03 09:00:00;;;
2021-12-03 10:00:00;;;
2021-12-03 11:00:00;;;
2021-12-03 12:00:00;;;
2021-12-03 13:00:00;;;
2021-12-03 14:00:00;;;
2021-12-03 15:00:00;;;
2021-12-03 16:00:00;;;
2021-12-03 17:00:00;;;
2021-12-03 18:00:00;;;
2021-12-03 19:00:00;;;
2021-12-03 20:00:00;;;
2021-12-03 21:00:00;;;
2021-12-03 22:00:00;;;
2021-12-03 23:00:00;;;
2021-12-04 00:00:00;;;
2021-12-04 01:00:00;;;
2021-12-04 02:00:00;;;
2021-12-04 03:00:00;;;
2021-12-04 04:00:00;;;
2021-12-04 05:00:00;;;
2021-12-04 06:00:00;;;
2021-12-04 07:00:00;;;
2021-12-04 08:00:00;;;
2021-12-04 09:00:00;;;
2021-12-04 10:00:00;;;
2021-12-04 11:00:00;;;
2021-12-04 12:00:00;;;
2021-12-04 13:00:00;;;
2021-12-04 14:00:00;;;
2021-12-04 15:00:00;;;
2021-12-04 16:00:00;;;
2021-12-04 17:00:00;;;
2021-12-04 18:00:00;;;
2021-12-04 19:00:00;;;
2021-12-04 20:00:00;;;
2021-12-04 21:00:00;;;
2021-12-04 22:00:00;;;
2021-12-04 23:00:00;;;
2021-12-05 00:00:00;;;
2021-12-05 01:00:00;;;
2021-12-05 02:00:00;;;
2021-12-05 03:00:00;;;
2021-12-05 04:00:00;;;
2021-12-05 05:00:00;;;
2021-12-05 06:00:00;;;
2021-12-05 07:00:00;;;
2021-12-05 08:00:00;;;
2021-12-05 09:00:00;;;
2021-12-05 10:00:00;;;
2021-12-05 11:00:00;;;
2021-12-05 12:00:00;;;
2021-12-05 13:00:00;;;
2021-12-05 14:00:00;;;
2021-12-05 15:00:00;;;
2021-12-05 16:00:00;;;
2021-12-05 17:00:00;;;
2021-12-05 18:00:00;;;
2021-12-05 19:00:00;;;
2021-12-05 20:00:00;;;
2021-12-05 21:00:00;;;
2021-12-05 22:00:00;;;
2021-12-05 23:00:00;;;
2021-12-06 00:00:00;;;
2021-12-06 01:00:00;;;
2021-12-06 02:00:00;;;
2021-12-06 03:00:00;;;
2021-12-06 04:00:00;;;
2021-12-06 05:00:00;;;
2021-12-06 06:00:00;;;
2021-12-06 07:00:00;;;
2021-12-06 08:00:00;;;
2021-12-06 09:00:00;;;
2021-12-06 10:00:00;;;
2021-12-06 11:00:00;;;
2021-12-06 12:00:00;;;
2021-12-06 13:00:00;;;
2021-12-06 14:00:00;;;
2021-12-06 15:00:00;;;
2021-12-06 16:00:00;;;
2021-12-06 17:00:00;;;
2021-12-06 18:00:00;;;
2021-12-06 19:00:00;;;
2021-12-06 20:00:00;;;
2021-12-06 21:00:00;;;
2021-12-06 22:00:00;;;
2021-12-06 23:00:00;;;
2021-12-07 00:00:00;;;
2021-12-07 01:00:00;;;
2021-12-07 02:00:00;;;
2021-12-07 03:00:00;;;
2021-12-07 04:00:00;;;
2021-12-07 05:00:00;;;
2021-12-07 06:00:00;;;
2021-12-07 07:00:00;;;
2021-12-07 08:00:00;;;
2021-12-07 09:00:00;;;
2021-12-07 10:00:00;;;
2021-12-07 11:00:00;;;
2021-12-07 12:00:00;;;
2021-12-07 13:00:00;;;
2021-12-07 14:00:00;;;
2021-12-07 15:00:00;;;
2021-12-07 16:00:00;;;
2021-12-07 17:00:00;;;
2021-12-07 18:00:00;;;
2021-12-07 19:00:00;;;
2021-12-07 20:00:00;;;
2021-12-07 21:00:00;;;
2021-12-07 22:00:00;;;
2021-12-07 23:00:00;;;
2021-12-08 00:00:00;;;
2021-12-08 01:00:00;;;
2021-12-08 02:00:00;;;
2021-12-08 03:00:00;;;
2021-12-08 04:00:00;;;
2021-12-08 05:00:00;;;
2021-12-08 06:00:00;;;
2021-12-08 07:00:00;;;
2021-12-08 08:00:00;;;
2021-12-08 09:00:00;;;
2021-12-08 10:00:00;;;
2021-12-08 11:00:00;;;
2021-12-08 12:00:00;;;
2021-12-08 13:00:00;;;
2021-12-08 14:00:00;;;
2021-12-08 15:00:00;;;
2021-12-08 16:00:00;;;
2021-12-08 17:00:00;;;
2021-12-08 18:00:00;;;
2021-12-08 19:00:00;;;
2021-12-08 20:00:00;;;
2021-12-08 21:00:00;;;
2021-12-08 22:00:00;;;
2021-12-08 23:00:00;;;
2021-12-09 00:00:00;;;
2021-12-09 01:00:00;;;
2021-12-09 02:00:00;;;
2021-12-09 03:00:00;;;
2021-12-09 04:00:00;;;
2021-12-09 05:00:00;;;
2021-12-09 06:00:00;;;
2021-12-09 07:00:00;;;
2021-12-09 08:00:00;;;
2021-12-09 09:00:00;;;
2021-12-09 10:00:00;;;
2021-12-09 11:00:00;;;
2021-12-09 12:00:00;;;
2021-12-09 13:00:00;;;
2021-12-09 14:00:00;;;
2021-12-09 15:00:00;;;
2021-12-09 16:00:00;;;
2021-12-09 17:00:00;;;
2021-12-09 18:00:00;;;
2021-12-09 19:00:00;;;
2021-12-09 20:00:00;;;
2021-12-09 21:00:00;;;
2021-12-09 22:00:00;;;
2021-12-09 23:00:00;;;
2021-12-10 00:00:00;;;
2021-12-10 01:00:00;;;
2021-12-10 02:00:00;;;
2021-12-10 03:00:00;;;
2021-12-10 04:00:00;;;
2021-12-10 05:00:00;;;
2021-12-10 06:00:00;;;
2021-12-10 07:00:00;;;
2021-12-10 08:00:00;;;
2021-12-10 09:00:00;;;
2021-12-10 10:00:00;;;
2021-12-10 11:00:00;;;
2021-12-10 12:00:00;;;
2021-12-10 13:00:00;;;
2021-12-10 14:00:00;;;
2021-12-10 15:00:00;;;
2021-12-10 16:00:00;;;
2021-12-10 17:00:00;;;
2021-12-10 18:00:00;;;
2021-12-10 19:00:00;;;
2021-12-10 20:00:00;;;
2021-12-10 21:00:00;;;
2021-12-10 22:00:00;;;
2021-12-10 23:00:00;;;
2021-12-11 00:00:00;;;
2021-12-11 01:00:00;;;
2021-12-11 02:00:00;;;
2021-12-11 03:00:00;;;
2021-12-11 04:00:00;;;
2021-12-11 05:00:00;;;
2021-12-11 06:00:00;;;
2021-12-11 07:00:00;;;
2021-12-11 08:00:00;;;
2021-12-11 09:00:00;;;
2021-12-11 10:00:00;;;
2021-12-11 11:00:00;;;
2021-12-11 12:00:00;;;
2021-12-11 13:00:00;;;
2021-12-11 14:00:00;;;
2021-12-11 15:00:00;;;
2021-12-11 16:00:00;;;
2021-12-11 17:00:00;;;
2021-12-11 18:00:00;;;
2021-12-11 19:00:00;;;
2021-12-11 20:00:00;;;
2021-12-11 21:00:00;;;
2021-12-11 22:00:00;;;
2021-12-11 23:00:00;;;
2021-12-12 00:00:00;;;
2021-12-12 01:00:00;;;
2021-12-12 02:00:00;;;
2021-12-12 03:00:00;;;
2021-12-12 04:00:00;;;
2021-12-12 05:00:00;;;
2021-12-12 06:00:00;;;
2021-12-12 07:00:00;;;
2021-12-12 08:00:00;;;
2021-12-12 09:00:00;;;
2021-12-12 10:00:00;;;
2021-12-12 11:00:00;;;
2021-12-12 12:00:00;;;
2021-12-12 13:00:00;;;
2021-12-12 14:00:00;;;
2021-12-12 15:00:00;;;
2021-12-12 16:00:00;;;
2021-12-12 17:00:00;;;
2021-12-12 18:00:00;;;
2021-12-12 19:00:00;;;
2021-12-12 20:00:00;;;
2021-12-12 21:00:00;;;
2021-12-12 22:00:00;;;
2021-12-12 23:00:00;;;
2021-12-13 00:00:00;;;
2021-12-13 01:00:00;;;
2021-12-13 02:00:00;;;
2021-12-13 03:00:00;;;
2021-12-13 04:00:00;;;
2021-12-13 05:00:00;;;
2021-12-13 06:00:00;;;
2021-12-13 07:00:00;;;
2021-12-13 08:00:00;;;
2021-12-13 09:00:00;;;
2021-12-13 10:00:00;;;
2021-12-13 11:00:00;;;
2021-12-13 12:00:00;;;
2021-12-13 13:00:00;;;
2021-12-13 14:00:00;;;
2021-12-13 15:00:00;;;
2021-12-13 16:00:00;;;
2021-12-13 17:00:00;;;
2021-12-13 18:00:00;;;
2021-12-13 19:00:00;;;
2021-12-13 20:00:00;;;
2021-12-13 21:00:00;;;
2021-12-13 22:00:00;;;
2021-12-13 23:00:00;;;
2021-12-14 00:00:00;;;
2021-12-14 01:00:00;;;
2021-12-14 02:00:00;;;
2021-12-14 03:00:00;;;
2021-12-14 04:00:00;;;
2021-12-14 05:00:00;;;
2021-12-14 06:00:00;;;
2021-12-14 07:00:00;;;
2021-12-14 08:00:00;;;
2021-12-14 09:00:00;;;
2021-12-14 10:00:00;;;
2021-12-14 11:00:00;;;
2021-12-14 12:00:00;;;
2021-12-14 13:00:00;;;
2021-12-14 14:00:00;;;
2021-12-14 15:00:00;;;
2021-12-14 16:00:00;;;
2021-12-14 17:00:00;;;
2021-12-14 18:00:00;;;
2021-12-14 19:00:00;;;
2021-12-14 20:00:00;;;
2021-12-14 21:00:00;;;
2021-12-14 22:00:00;;;
2021-12-14 23:00:00;;;
2021-12-15 00:00:00;;;
2021-12-15 01:00:00;;;
2021-12-15 02:00:00;;;
2021-12-15 03:00:00;;;
2021-12-15 04:00:00;;;
2021-12-15 05:00:00;;;
2021-12-15 06:00:00;;;
2021-12-15 07:00:00;;;
2021-12-15 08:00:00;;;
2021-12-15 09:00:00;;;
2021-12-15 10:00:00;;;
2021-12-15 11:00:00;;;
2021-12-15 12:00:00;;;
2021-12-15 13:00:00;;;
2021-12-15 14:00:00;;;
2021-12-15 15:00:00;;;
2021-12-15 16:00:00;;;
2021-12-15 17:00:00;;;
2021-12-15 18:00:00;;;
2021-12-15 19:00:00;;;
2021-12-15 20:00:00;;;
2021-12-15 21:00:00;;;
2021-12-15 22:00:00;;;
2021-12-15 23:00:00;;;
2021-12-16 00:00:00;;;
2021-12-16 01:00:00;;;
2021-12-16 02:00:00;;;
2021-12-16 03:00:00;;;
2021-12-16 04:00:00;;;
2021-12-16 05:00:00;;;
2021-12-16 06:00:00;;;
2021-12-16 07:00:00;;;
2021-12-16 08:00:00;;;
2021-12-16 09:00:00;;;
2021-12-16 10:00:00;;;
2021-12-16 11:00:00;;;
2021-12-16 12:00:00;;;
2021-12-16 13:00:00;;;
2021-12-16 14:00:00;;;
2021-12-16 15:00:00;;;
2021-12-16 16:00:00;;;
2021-12-16 17:00:00;;;
2021-12-16 18:00:00;;;
2021-12-16 19:00:00;;;
2021-12-16 20:00:00;;;
2021-12-16 21:00:00;;;
2021-12-16 22:00:00;;;
2021-12-16 23:00:00;;;
2021-12-17 00:00:00;;;
2021-12-17 01:00:00;;;
2021-12-17 02:00:00;;;
2021-12-17 03:00:00;;;
2021-12-17 04:00:00;;;
2021-12-17 05:00:00;;;
2021-12-17 06:00:00;;;
2021-12-17 07:00:00;;;
2021-12-17 08:00:00;;;
2021-12-17 09:00:00;;;
2021-12-17 10:00:00;;;
2021-12-17 11:00:00;;;
2021-12-17 12:00:00;;;
2021-12-17 13:00:00;;;
2021-12-17 14:00:00;;;
2021-12-17 15:00:00;;;
2021-12-17 16:00:00;;;
2021-12-17 17:00:00;;;
2021-12-17 18:00:00;;;
2021-12-17 19:00:00;;;
2021-12-17 20:00:00;;;
2021-12-17 21:00:00;;;
2021-12-17 22:00:00;;;
2021-12-17 23:00:00;;;
2021-12-18 00:00:00;;;
2021-12-18 01:00:00;;;
2021-12-18 02:00:00;;;
2021-12-18 03:00:00;;;
2021-12-18 04:00:00;;;
2021-12-18 05:00:00;;;
2021-12-18 06:00:00;;;
2021-12-18 07:00:00;;;
2021-12-18 08:00:00;;;
2021-12-18 09:00:00;;;
2021-12-18 10:00:00;;;
2021-12-18 11:00:00;;;
2021-12-18 12:00:00;;;
2021-12-18 13:00:00;;;
2021-12-18 14:00:00;;;
2021-12-18 15:00:00;;;
2021-12-18 16:00:00;;;
2021-12-18 17:00:00;;;
2021-12-18 18:00:00;;;
2021-12-18 19:00:00;;;
2021-12-18 20:00:00;;;
2021-12-18 21:00:00;;;
2021-12-18 22:00:00;;;
2021-12-18 23:00:00;;;
2021-12-19 00:00:00;;;
2021-12-19 01:00:00;;;
2021-12-19 02:00:00;;;
2021-12-19 03:00:00;;;
2021-12-19 04:00:00;;;
2021-12-19 05:00:00;;;
2021-12-19 06:00:00;;;
2021-12-19 07:00:00;;;
2021-12-19 08:00:00;;;
2021-12-19 09:00:00;;;
2021-12-19 10:00:00;;;
2021-12-19 11:00:00;;;
2021-12-19 12:00:00;;;
2021-12-19 13:00:00;;;
2021-12-19 14:00:00;;;
2021-12-19 15:00:00;;;
2021-12-19 16:00:00;;;
2021-12-19 17:00:00;;;
2021-12-19 18:00:00;;;
2021-12-19 19:00:00;;;
2021-12-19 20:00:00;;;
2021-12-19 21:00:00;;;
2021-12-19 22:00:00;;;
2021-12-19 23:00:00;;;
2021-12-20 00:00:00;;;
2021-12-20 01:00:00;;;
2021-12-20 02:00:00;;;
2021-12-20 03:00:00;;;
2021-12-20 04:00:00;;;
2021-12-20 05:00:00;;;
2021-12-20 06:00:00;;;
2021-12-20 07:00:00;;;
2021-12-20 08:00:00;;;
2021-12-20 09:00:00;;;
2021-12-20 10:00:00;;;
2021-12-20 11:00:00;;;
2021-12-20 12:00:00;;;
2021-12-20 13:00:00;;;
2021-12-20 14:00:00;;;
2021-12-20 15:00:00;;;
2021-12-20 16:00:00;;;
2021-12-20 17:00:00;;;
2021-12-20 18:00:00;;;
2021-12-20 19:00:00;;;
2021-12-20 20:00:00;;;
2021-12-20 21:00:00;;;
2021-12-20 22:00:00;;;
2021-12-20 23:00:00;;;
2021-12-21 00:00:00;;;
2021-12-21 01:00:00;;;
2021-12-21 02:00:00;;;
2021-12-21 03:00:00;;;
2021-12-21 04:00:00;;;
2021-12-21 05:00:00;;;
2021-12-21 06:00:00;;;
2021-12-21 07:00:00;;;
2021-12-21 08:00:00;;;
2021-12-21 09:00:00;;;
2021-12-21 10:00:00;;;
2021-12-21 11:00:00;;;
2021-12-21 12:00:00;;;
2021-12-21 13:00:00;;;
2021-12-21 14:00:00;;;
2021-12-21 15:00:00;;;
2021-12-21 16:00:00;;;
2021-12-21 17:00:00;;;
2021-12-21 18:00:00;;;
2021-12-21 19:00:00;;;
2021-12-21 20:00:00;;;
2021-12-21 21:00:00;;;
2021-12-21 22:00:00;;;
2021-12-21 23:00:00;;;
2021-12-22 00:00:00;;;
2021-12-22 01:00:00;;;
2021-12-22 02:00:00;;;
2021-12-22 03:00:00;;;
2021-12-22 04:00:00;;;
2021-12-22 05:00:00;;;
2021-12-22 06:00:00;;;
2021-12-22 07:00:00;;;
2021-12-22 08:00:00;;;
2021-12-22 09:00:00;;;
2021-12-22 10:00:00;;;
2021-12-22 11:00:00;;;
2021-12-22 12:00:00;;;
2021-12-22 13:00:00;;;
2021-12-22 14:00:00;;;
2021-12-22 15:00:00;;;
2021-12-22 16:00:00;;;
2021-12-22 17:00:00;;;
2021-12-22 18:00:00;;;
2021-12-22 19:00:00;;;
2021-12-22 20:00:00;;;
2021-12-22 21:00:00;;;
2021-12-22 22:00:00;;;
2021-12-22 23:00:00;;;
2021-12-23 00:00:00;;;
2021-12-23 01:00:00;;;
2021-12-23 02:00:00;;;
2021-12-23 03:00:00;;;
2021-12-23 04:00:00;;;
2021-12-23 05:00:00;;;
2021-12-23 06:00:00;;;
2021-12-23 07:00:00;;;
2021-12-23 08:00:00;;;
2021-12-23 09:00:00;;;
2021-12-23 10:00:00;;;
2021-12-23 11:00:00;;;
2021-12-23 12:00:00;;;
2021-12-23 13:00:00;;;
2021-12-23 14:00:00;;;
2021-12-23 15:00:00;;;
2021-12-23 16:00:00;;;
2021-12-23 17:00:00;;;
2021-12-23 18:00:00;;;
2021-12-23 19:00:00;;;
2021-12-23 20:00:00;;;
2021-12-23 21:00:00;;;
2021-12-23 22:00:00;;;
2021-12-23 23:00:00;;;
2021-12-24 00:00:00;;;
2021-12-24 01:00:00;;;
2021-12-24 02:00:00;;;
2021-12-24 03:00:00;;;
2021-12-24 04:00:00;;;
2021-12-24 05:00:00;;;
2021-12-24 06:00:00;;;
2021-12-24 07:00:00;;;
2021-12-24 08:00:00;;;
2021-12-24 09:00:00;;;
2021-12-24 10:00:00;;;
2021-12-24 11:00:00;;;
2021-12-24 12:00:00;;;
2021-12-24 13:00:00;;;
2021-12-24 14:00:00;;;
2021-12-24 15:00:00;;;
2021-12-24 16:00:00;;;
2021-12-24 17:00:00;;;
2021-12-24 18:00:00;;;
2021-12-24 19:00:00;;;
2021-12-24 20:00:00;;;
2021-12-24 21:00:00;;;
2021-12-24 22:00:00;;;
2021-12-24 23:00:00;;;
2021-12-25 00:00:00;;;
2021-12-25 01:00:00;;;
2021-12-25 02:00:00;;;
2021-12-25 03:00:00;;;
2021-12-25 04:00:00;;;
2021-12-25 05:00:00;;;
2021-12-25 06:00:00;;;
2021-12-25 07:00:00;;;
2021-12-25 08:00:00;;;
2021-12-25 09:00:00;;;
2021-12-25 10:00:00;;;
2021-12-25 11:00:00;;;
2021-12-25 12:00:00;;;
2021-12-25 13:00:00;;;
2021-12-25 14:00:00;;;
2021-12-25 15:00:00;;;
2021-12-25 16:00:00;;;
2021-12-25 17:00:00;;;
2021-12-25 18:00:00;;;
2021-12-25 19:00:00;;;
2021-12-25 20:00:00;;;
2021-12-25 21:00:00;;;
2021-12-25 22:00:00;;;
2021-12-25 23:00:00;;;
2021-12-26 00:00:00;;;
2021-12-26 01:00:00;;;
2021-12-26 02:00:00;;;
2021-12-26 03:00:00;;;
2021-12-26 04:00:00;;;
2021-12-26 05:00:00;;;
2021-12-26 06:00:00;;;
2021-12-26 07:00:00;;;
2021-12-26 08:00:00;;;
2021-12-26 09:00:00;;;
2021-12-26 10:00:00;;;
2021-12-26 11:00:00;;;
2021-12-26 12:00:00;;;
2021-12-26 13:00:00;;;
2021-12-26 14:00:00;;;
2021-12-26 15:00:00;;;
2021-12-26 16:00:00;;;
2021-12-26 17:00:00;;;
2021-12-26 18:00:00;;;
2021-12-26 19:00:00;;;
2021-12-26 20:00:00;;;
2021-12-26 21:00:00;;;
2021-12-26 22:00:00;;;
2021-12-26 23:00:00;;;
2021-12-27 00:00:00;;;
2021-12-27 01:00:00;;;
2021-12-27 02:00:00;;;
2021-12-27 03:00:00;;;
2021-12-27 04:00:00;;;
2021-12-27 05:00:00;;;
2021-12-27 06:00:00;;;
2021-12-27 07:00:00;;;
2021-12-27 08:00:00;;;
2021-12-27 09:00:00;;;
2021-12-27 10:00:00;;;
2021-12-27 11:00:00;;;
2021-12-27 12:00:00;;;
2021-12-27 13:00:00;;;
2021-12-27 14:00:00;;;
2021-12-27 15:00:00;;;
2021-12-27 16:00:00;;;
2021-12-27 17:00:00;;;
2021-12-27 18:00:00;;;
2021-12-27 19:00:00;;;
2021-12-27 20:00:00;;;
2021-12-27 21:00:00;;;
2021-12-27 22:00:00;;;
2021-12-27 23:00:00;;;
2021-12-28 00:00:00;;;
2021-12-28 01:00:00;;;
2021-12-28 02:00:00;;;
2021-12-28 03:00:00;;;
2021-12-28 04:00:00;;;
2021-12-28 05:00:00;;;
2021-12-28 06:00:00;;;
2021-12-28 07:00:00;;;
2021-12-28 08:00:00;;;
2021-12-28 09:00:00;;;
2021-12-28 10:00:00;;;
2021-12-28 11:00:00;;;
2021-12-28 12:00:00;;;
2021-12-28 13:00:00;;;
2021-12-28 14:00:00;;;
2021-12-28 15:00:00;;;
2021-12-28 16:00:00;;;
2021-12-28 17:00:00;;;
2021-12-28 18:00:00;;;
2021-12-28 19:00:00;;;
2021-12-28 20:00:00;;;
2021-12-28 21:00:00;;;
2021-12-28 22:00:00;;;
2021-12-28 23:00:00;;;
2021-12-29 00:00:00;;;
2021-12-29 01:00:00;;;
2021-12-29 02:00:00;;;
2021-12-29 03:00:00;;;
2021-12-29 04:00:00;;;
2021-12-29 05:00:00;;;
2021-12-29 06:00:00;;;
2021-12-29 07:00:00;;;
2021-12-29 08:00:00;;;
2021-12-29 09:00:00;;;
2021-12-29 10:00:00;;;
2021-12-29 11:00:00;;;
2021-12-29 12:00:00;;;
2021-12-29 13:00:00;;;
2021-12-29 14:00:00;;;
2021-12-29 15:00:00;;;
2021-12-29 16:00:00;;;
2021-12-29 17:00:00;;;
2021-12-29 18:00:00;;;
2021-12-29 19:00:00;;;
2021-12-29 20:00:00;;;
2021-12-29 21:00:00;;;
2021-12-29 22:00:00;;;
2021-12-29 23:00:00;;;
2021-12-30 00:00:00;;;
2021-12-30 01:00:00;;;
2021-12-30 02:00:00;;;
2021-12-30 03:00:00;;;
2021-12-30 04:00:00;;;
2021-12-30 05:00:00;;;
2021-12-30 06:00:00;;;
2021-12-30 07:00:00;;;
2021-12-30 08:00:00;;;
2021-12-30 09:00:00;;;
2021-12-30 10:00:00;;;
2021-12-30 11:00:00;;;
2021-12-30 12:00:00;;;
2021-12-30 13:00:00;;;
2021-12-30 14:00:00;;;
2021-12-30 15:00:00;;;
2021-12-30 16:00:00;;;
2021-12-30 17:00:00;;;
2021-12-30 18:00:00;;;
2021-12-30 19:00:00;;;
2021-12-30 20:00:00;;;
2021-12-30 21:00:00;;;
2021-12-30 22:00:00;;;
2021-12-30 23:00:00;;;
2021-12-31 00:00:00;;;
2021-12-31 01:00:00;;;
2021-12-31 02:00:00;;;
2021-12-31 03:00:00;;;
2021-12-31 04:00:00;;;
2021-12-31 05:00:00;;;
2021-12-31 06:00:00;;;
2021-12-31 07:00:00;;;
2021-12-31 08:00:00;;;
2021-12-31 09:00:00;;;
2021-12-31 10:00:00;;;
2021-12-31 11:00:00;;;
2021-12-31 12:00:00;;;
2021-12-31 13:00:00;;;
2021-12-31 14:00:00;;;
2021-12-31 15:00:00;;;
2021-12-31 16:00:00;;;
2021-12-31 17:00:00;;;
2021-12-31 18:00:00;0.015670534548692275;0.015670534548692275;0.015670534548692275
2021-12-31 19:00:00;0.01533243499289839;0.01533243499289839;0.01533243499289839
2021-12-31 20:00:00;0.01534075507630999;0.01534075507630999;0.01534075507630999
2021-12-31 21:00:00;0.01442367769347498;0.01442367769347498;0.01442367769347498
2021-12-31 22:00:00;0.014333830206305843;0.014333830206305843;0.014333830206305843
2021-12-31 23:00:00;0.01415683474067744;0.01415683474067744;0.01415683474067744
2022-01-01 00:00:00;0.014419733418379235;0.014419733418379235;0.014419733418379235
2022-01-01 01:00:00;0.013604662661250747;0.013604662661250747;0.013604662661250747
2022-01-01 02:00:00;0.013038950993357752;0.013038950993357752;0.013038950993357752
2022-01-01 03:00:00;0.011590558137347655;0.011590558137347655;0.011590558137347655
2022-01-01 04:00:00;0.01286688905409147;0.01286688905409147;0.01286688905409147
2022-01-01 05:00:00;0.012543902763465736;0.012543902763465736;0.012543902763465736
2022-01-01 06:00:00;0.014012927733840625;0.014012927733840625;0.014012927733840625
2022-01-01 07:00:00;0.009940938059978114;0.009695973722812294;0.009900110670450478
2022-01-01 08:00:00;0.017109208146963924;0.014092352217045329;0.016606398825310828
2022-01-01 09:00:00;0.02027394077379178;0.01798780755288912;0.019892918570308005
2022-01-01 10:00:00;0.022907595201902057;0.020045409775727916;0.0224305642975397
2022-01-01 11:00:00;0.04019281386721031;0.03341989484909003;0.03906399403085694
2022-01-01 12:00:00;0.03288240017932326;0.028055499900265516;0.0320779167994803
2022-01-01 13:00:00;0.026341684904375825;0.022767660784607537;0.025746014217747776
2022-01-01 14:00:00;0.027863025879764313;0.02379604758942977;0.02718519616470856
2022-01-01 15:00:00;0.016342436872790068;0.015232984020011655;0.016157528063993665
2022-01-01 16:00:00;0.016016630212797832;0.016016630212797832;0.016016630212797832
2022-01-01 17:00:00;0.0158588723521556;0.0158588723521556;0.0158588723521556
2022-01-01 18:00:00;0.028547088569565785;0.028547088569565785;0.028547088569565785
2022-01-01 19:00:00;0.029883384735428054;0.029883384735428054;0.029883384735428054
2022-01-01 20:00:00;0.031765359767969854;0.031765359767969854;0.031765359767969854
2022-01-01 21:00:00;0.03100883937688416;0.03100883937688416;0.03100883937688416
2022-01-01 22:00:00;0.02985559384763209;0.02985559384763209;0.02985559384763209
2022-01-01 23:00:00;0.025947191886163706;0.025947191886163706;0.025947191886163706
2022-01-02 00:00:00;0.026058448274888294;0.026058448274888294;0.026058448274888294
2022-01-02 01:00:00;0.028649608086269086;0.028649608086269086;0.028649608086269086
2022-01-02 02:00:00;0.0275378133255988;0.0275378133255988;0.0275378133255988
2022-01-02 03:00:00;0.028389692880148375;0.028389692880148375;0.028389692880148375
2022-01-02 04:00:00;0.02339919317800743;0.02339919317800743;0.02339919317800743
2022-01-02 05:00:00;0.023369746895084975;0.023369746895084975;0.023369746895084975
2022-01-02 06:00:00;0.020014127034543923;0.020014127034543923;0.020014127034543923
2022-01-02 07:00:00;0.019967093172907648;0.019967093172907648;0.019967093172907648
2022-01-02 08:00:00;0.017677991670264587;0.01714262166646308;0.01758876333629767
2022-01-02 09:00:00;0.023093314721091544;0.022014857721425977;0.02291357188781395
2022-01-02 10:00:00;0.02860620986185152;0.02589904981360401;0.02815501652047694
2022-01-02 11:00:00;0.03558037348970651;0.031204024340029723;0.03485098196476038
2022-01-02 12:00:00;0.045825073508813284;0.04068531168304333;0.04496844653785164
2022-01-02 13:00:00;0.03851861545912328;0.034925331473165004;0.0379197347947969
2022-01-02 14:00:00;0.03398088014690645;0.0318638212377706;0.03362803699538381
2022-01-02 15:00:00;0.030913550734849145;0.030195402094549836;0.03079385929479926
2022-01-02 16:00:00;0.02632700156467355;0.026242321610644544;0.026312888239002047
2022-01-02 17:00:00;0.029330298777994444;0.029330298777994444;0.029330298777994444
2022-01-02 18:00:00;0.02830216735778443;0.02830216735778443;0.02830216735778443
2022-01-02 19:00:00;0.023540853709057338;0.023540853709057338;0.023540853709057338
2022-01-02 20:00:00;0.02082906350899035;0.02082906350899035;0.02082906350899035
2022-01-02 21:00:00;0.023238346083016604;0.023238346083016604;0.023238346083016604
2022-01-02 22:00:00;0.014743615648538851;0.014743615648538851;0.014743615648538851
2022-01-02 23:00:00;0.016744225760173394;0.016744225760173394;0.016744225760173394
2022-01-03 00:00:00;0.015243740583615804;0.015243740583615804;0.015243740583615804
2022-01-03 01:00:00;0.013017377882867985;0.013017377882867985;0.013017377882867985
2022-01-03 02:00:00;0.01506858514228816;0.01506858514228816;0.01506858514228816
2022-01-03 03:00:00;0.014594281574502824;0.014594281574502824;0.014594281574502824
2022-01-03 04:00:00;0.01352991076331587;0.01352991076331587;0.01352991076331587
2022-01-03 05:00:00;0.010074501202086202;0.010074501202086202;0.010074501202086202
2022-01-03 06:00:00;0.011447621436691533;0.011447621436691533;0.011447621436691533
2022-01-03 07:00:00;0.007515723173678606;0.007397996434674873;0.0074961020505113175
2022-01-03 08:00:00;0.012982851000613662;0.010782328255190168;0.012616097209709746
2022-01-03 09:00:00;0.02760218427849107;0.022805222422261757;0.026802690635786188
2022-01-03 10:00:00;0.04242008697101211;0.0341719285461907;0.04104539390020854
2022-01-03 11:00:00;0.050442389783994054;0.041212790562387046;0.048904123247059554
2022-01-03 12:00:00;0.0576555631901439;0.04762175228368445;0.05598326137240066
2022-01-03 13:00:00;0.053579362931785425;0.04419008731514031;0.052014483662344575
2022-01-03 14:00:00;0.04127075451088419;0.03424389225766312;0.040099610802014025
2022-01-03 15:00:00;0.021735862770548914;0.0194441692483927;0.02135391385018955
2022-01-03 16:00:00;0.018317546089445583;0.01824873962601201;0.01830607834553999
2022-01-03 17:00:00;0.015275832777969268;0.015275832777969268;0.015275832777969268
2022-01-03 18:00:00;0.012920462374179802;0.012920462374179802;0.012920462374179802
2022-01-03 19:00:00;0.008764079195118337;0.008764079195118337;0.008764079195118337
2022-01-03 20:00:00;0.00582727167176465;0.00582727167176465;0.00582727167176465
2022-01-03 21:00:00;0.008762303459622166;0.008762303459622166;0.008762303459622166
2022-01-03 22:00:00;0.007420579515163532;0.007420579515163532;0.007420579515163532
2022-01-03 23:00:00;0.0071475472337520635;0.0071475472337520635;0.0071475472337520635
2022-01-04 00:00:00;0.0050406769176389804;0.0050406769176389804;0.0050406769176389804
2022-01-04 01:00:00;0.0063194078176190055;0.0063194078176190055;0.0063194078176190055
2022-01-04 02:00:00;0.004773742799041259;0.004773742799041259;0.004773742799041259
2022-01-04 03:00:00;0.005094982169607543;0.005094982169607543;0.005094982169607543
2022-01-04 04:00:00;0.0050701932285425735;0.0050701932285425735;0.0050701932285425735
2022-01-04 05:00:00;0.005748495392740787;0.005748495392740787;0.005748495392740787
2022-01-04 06:00:00;0.0059990358278060995;0.0059990358278060995;0.0059990358278060995
2022-01-04 07:00:00;0.006222766450224731;0.0061332734987445;0.006207850958311359
2022-01-04 08:00:00;0.008137585411885778;0.007349454430508865;0.00800623024832296
2022-01-04 09:00:00;0.014078244331695798;0.01206850604109687;0.01374328794992931
2022-01-04 10:00:00;0.021933506518251787;0.01835740286654155;0.021337489242966745
2022-01-04 11:00:00;0.030447575661900792;0.025083440319793503;0.02955355310488291
2022-01-04 12:00:00;0.031639985752209165;0.026696115605396486;0.030816007394407055
2022-01-04 13:00:00;0.0277398294993331;0.023862164175503825;0.027093551945361553
2022-01-04 14:00:00;0.020896839124827912;0.0184206440814171;0.02048413995092611
2022-01-04 15:00:00;0.014397011083259992;0.01374331617519555;0.014288061931915919
2022-01-04 16:00:00;0.011868938671686136;0.011868938671686136;0.011868938671686136
2022-01-04 17:00:00;0.011308921725967508;0.011308921725967508;0.011308921725967508
2022-01-04 18:00:00;0.011547537528877423;0.011547537528877423;0.011547537528877423
2022-01-04 19:00:00;0.011152905362834567;0.011152905362834567;0.011152905362834567
2022-01-04 20:00:00;0.011162252160166468;0.011162252160166468;0.011162252160166468
2022-01-04 21:00:00;0.010816544933574309;0.010816544933574309;0.010816544933574309
2022-01-04 22:00:00;0.01099631851805002;0.01099631851805002;0.01099631851805002
2022-01-04 23:00:00;0.010221102026254833;0.010221102026254833;0.010221102026254833
2022-01-05 00:00:00;0.00869452219766436;0.00869452219766436;0.00869452219766436
2022-01-05 01:00:00;0.0086869810785716;0.0086869810785716;0.0086869810785716
2022-01-05 02:00:00;0.00867076116905821;0.00867076116905821;0.00867076116905821
2022-01-05 03:00:00;0.010354210132886699;0.010354210132886699;0.010354210132886699
2022-01-05 04:00:00;0.010329217546670825;0.010329217546670825;0.010329217546670825
2022-01-05 05:00:00;0.010641825515901435;0.010641825515901435;0.010641825515901435
2022-01-05 06:00:00;0.009226130710091578;0.009226130710091578;0.009226130710091578
2022-01-05 07:00:00;0.007990138332581168;0.007829498399373993;0.007963365010379971
2022-01-05 08:00:00;0.015175923844279179;0.013528997284702018;0.014901436084349653
2022-01-05 09:00:00;0.03112001219033756;0.025028187435599147;0.03010470806454783
2022-01-05 10:00:00;0.04889753667132029;0.03923869365215432;0.04728772950145931
2022-01-05 11:00:00;0.060013320794968295;0.04832523158667269;0.05806530592691905
2022-01-05 12:00:00;0.07367203291257675;0.05975877019808096;0.07135315579349412
2022-01-05 13:00:00;0.06433506228684288;0.05301106818157301;0.06244772993596458
2022-01-05 14:00:00;0.0453567437780326;0.03830670989465449;0.04418173813080292
2022-01-05 15:00:00;0.024739619228523736;0.0227303039229875;0.024404733344267696
2022-01-05 16:00:00;0.01980836804401935;0.01963368809297652;0.019779254718845545
2022-01-05 17:00:00;0.01753564147911791;0.01753564147911791;0.01753564147911791
2022-01-05 18:00:00;0.015525069661024581;0.015525069661024581;0.015525069661024581
2022-01-05 19:00:00;0.014142817215387857;0.014142817215387857;0.014142817215387857
2022-01-05 20:00:00;0.01405884680463935;0.01405884680463935;0.01405884680463935
2022-01-05 21:00:00;0.014154905920170017;0.014154905920170017;0.014154905920170017
2022-01-05 22:00:00;0.012652344604315876;0.012652344604315876;0.012652344604315876
2022-01-05 23:00:00;0.012676273705576889;0.012676273705576889;0.012676273705576889
2022-01-06 00:00:00;0.012730897883829096;0.012730897883829096;0.012730897883829096
2022-01-06 01:00:00;0.01266206309526822;0.01266206309526822;0.01266206309526822
2022-01-06 02:00:00;0.014259431222274051;0.014259431222274051;0.014259431222274051
2022-01-06 03:00:00;0.01287755492593172;0.01287755492593172;0.01287755492593172
2022-01-06 04:00:00;0.013280549376003412;0.013280549376003412;0.013280549376003412
2022-01-06 05:00:00;0.01694528452625496;0.01694528452625496;0.01694528452625496
2022-01-06 06:00:00;0.015186886079288815;0.015186886079288815;0.015186886079288815
2022-01-06 07:00:00;0.011063672921920125;0.010918643546863576;0.011039501359410701
2022-01-06 08:00:00;0.019681933025325952;0.01824020177048787;0.01944164448285294
2022-01-06 09:00:00;0.027592811887382027;0.02568187858675654;0.027274323003944445
2022-01-06 10:00:00;0.030546743878006245;0.02857650954294003;0.030218371488828544
2022-01-06 11:00:00;0.0400864819517323;0.037437885871373866;0.03964504927167256
2022-01-06 12:00:00;0.036905540308516074;0.03523744060667051;0.03662752369154181
2022-01-06 13:00:00;0.033045761213529264;0.03113214852506643;0.032726825765452126
2022-01-06 14:00:00;0.034111003703134926;0.03225114833171281;0.033801027807897906
2022-01-06 15:00:00;0.032073566896334074;0.03120714919417632;0.03192916394597445
2022-01-06 16:00:00;0.024918825213902544;0.024918825213902544;0.024918825213902544
2022-01-06 17:00:00;0.026849757627454986;0.026849757627454986;0.026849757627454986
2022-01-06 18:00:00;0.019168135159850816;0.019168135159850816;0.019168135159850816
2022-01-06 19:00:00;0.01944970815915786;0.01944970815915786;0.01944970815915786
2022-01-06 20:00:00;0.020071636597294967;0.020071636597294967;0.020071636597294967
2022-01-06 21:00:00;0.013585724451557507;0.013585724451557507;0.013585724451557507
2022-01-06 22:00:00;0.011586595001978351;0.011586595001978351;0.011586595001978351
2022-01-06 23:00:00;0.013564038563156855;0.013564038563156855;0.013564038563156855
2022-01-07 00:00:00;0.014582312562823333;0.014582312562823333;0.014582312562823333
2022-01-07 01:00:00;0.013238057715308291;0.013238057715308291;0.013238057715308291
2022-01-07 02:00:00;0.01324045646672636;0.01324045646672636;0.01324045646672636
2022-01-07 03:00:00;0.013239905007022684;0.013239905007022684;0.013239905007022684
2022-01-07 04:00:00;0.013090704043823613;0.013090704043823613;0.013090704043823613
2022-01-07 05:00:00;0.015179374267404497;0.015179374267404497;0.015179374267404497
2022-01-07 06:00:00;0.013181149985423303;0.013181149985423303;0.013181149985423303
2022-01-07 07:00:00;0.00894323543800976;0.008799346230573065;0.008919253903436977
2022-01-07 08:00:00;0.018339145103103714;0.016516327049984857;0.018035342094250572
2022-01-07 09:00:00;0.03310577420018421;0.02724591215929866;0.03212913052670329
2022-01-07 10:00:00;0.04981602881398693;0.04074852167370832;0.04830477762394049
2022-01-07 11:00:00;0.05080201384964588;0.04221626610184755;0.0493710558916795
2022-01-07 12:00:00;0.05590599301573075;0.046333280285509135;0.054310540894027155
2022-01-07 13:00:00;0.051907253895268096;0.0426256056856401;0.050360312526996756
2022-01-07 14:00:00;0.044816689518144194;0.03875443266304505;0.04380631337562767
2022-01-07 15:00:00;0.028389689155010486;0.026216526127210853;0.028027495317043884
2022-01-07 16:00:00;0.015359692683984837;0.015057388748044638;0.015309308694661471
2022-01-07 17:00:00;0.020813313100032968;0.020813313100032968;0.020813313100032968
2022-01-07 18:00:00;0.01889701498531461;0.01889701498531461;0.01889701498531461
2022-01-07 19:00:00;0.01583970011423019;0.01583970011423019;0.01583970011423019
2022-01-07 20:00:00;0.02027531846970917;0.02027531846970917;0.02027531846970917
2022-01-07 21:00:00;0.02591361141937839;0.02591361141937839;0.02591361141937839
2022-01-07 22:00:00;0.021138080745912034;0.021138080745912034;0.021138080745912034
2022-01-07 23:00:00;0.019865720493991944;0.019865720493991944;0.019865720493991944
2022-01-08 00:00:00;0.015790501200926493;0.015790501200926493;0.015790501200926493
2022-01-08 01:00:00;0.0168221084120045;0.0168221084120045;0.0168221084120045
2022-01-08 02:00:00;0.014846829592693468;0.014846829592693468;0.014846829592693468
2022-01-08 03:00:00;0.014207807395881938;0.014207807395881938;0.014207807395881938
2022-01-08 04:00:00;0.01663289742011714;0.01663289742011714;0.01663289742011714
2022-01-08 05:00:00;0.012677005755114757;0.012677005755114757;0.012677005755114757
2022-01-08 06:00:00;0.011535856677699683;0.011535856677699683;0.011535856677699683
2022-01-08 07:00:00;0.007732143763559306;0.007534850561368746;0.007699261563194213
2022-01-08 08:00:00;0.013144833341985782;0.00988207961357853;0.012601041053917905
2022-01-08 09:00:00;0.033002826989639335;0.026836146909824957;0.031975046976336935
2022-01-08 10:00:00;0.04759914494690782;0.03884748559149316;0.04614053505433871
2022-01-08 11:00:00;0.056898162443463365;0.04695365921692709;0.055240745239040656
2022-01-08 12:00:00;0.06192305468747818;0.05201424514551252;0.0602715864304839
2022-01-08 13:00:00;0.051429720720086634;0.04476429618694274;0.05031881663122933
2022-01-08 14:00:00;0.046933544185356314;0.04088699631589965;0.04592578620711354
2022-01-08 15:00:00;0.027290158317494685;0.024925493377118413;0.02689604749409864
2022-01-08 16:00:00;0.01857349024444868;0.01848802116640882;0.018559245398108704
2022-01-08 17:00:00;0.014404156377021547;0.014404156377021547;0.014404156377021547
2022-01-08 18:00:00;0.012200838262595043;0.012200838262595043;0.012200838262595043
2022-01-08 19:00:00;0.010772720290986346;0.010772720290986346;0.010772720290986346
2022-01-08 20:00:00;0.009979066705388595;0.009979066705388595;0.009979066705388595
2022-01-08 21:00:00;0.009566126304199698;0.009566126304199698;0.009566126304199698
2022-01-08 22:00:00;0.009571345485737546;0.009571345485737546;0.009571345485737546
2022-01-08 23:00:00;0.011525717403128587;0.011525717403128587;0.011525717403128587
2022-01-09 00:00:00;0.013975221068717264;0.013975221068717264;0.013975221068717264
2022-01-09 01:00:00;0.013496184319814562;0.013496184319814562;0.013496184319814562
2022-01-09 02:00:00;0.013631481240212375;0.013631481240212375;0.013631481240212375
2022-01-09 03:00:00;0.014344898135815156;0.014344898135815156;0.014344898135815156
2022-01-09 04:00:00;0.01202173293268047;0.01202173293268047;0.01202173293268047
2022-01-09 05:00:00;0.012831773843703683;0.012831773843703683;0.012831773843703683
2022-01-09 06:00:00;0.010506923117106846;0.010506923117106846;0.010506923117106846
2022-01-09 07:00:00;0.011199418879752832;0.011199418879752832;0.011199418879752832
2022-01-09 08:00:00;0.011986908894381539;0.011644618680176856;0.011929860525347424
2022-01-09 09:00:00;0.017888491719504396;0.015828195940551865;0.01754510908967898
2022-01-09 10:00:00;0.020674096306972027;0.017986359116356477;0.020226140108536104
2022-01-09 11:00:00;0.02528580153736423;0.022068410724198087;0.024749569735169872
2022-01-09 12:00:00;0.023264089558446596;0.02013120490652767;0.02274194211646011
2022-01-09 13:00:00;0.01792340516730752;0.01604075337644682;0.017609629868830735
2022-01-09 14:00:00;0.015120632935774385;0.014201550227076566;0.014967452484324748
2022-01-09 15:00:00;0.011509189749089651;0.011088312782965435;0.011439043588068949
2022-01-09 16:00:00;0.01149386741954238;0.01149386741954238;0.01149386741954238
2022-01-09 17:00:00;0.011860386597420244;0.011860386597420244;0.011860386597420244
2022-01-09 18:00:00;0.011820493053782638;0.011820493053782638;0.011820493053782638
2022-01-09 19:00:00;0.01364119166516127;0.01364119166516127;0.01364119166516127
2022-01-09 20:00:00;0.019516244659688833;0.019516244659688833;0.019516244659688833
2022-01-09 21:00:00;0.043376005404524125;0.043376005404524125;0.043376005404524125
2022-01-09 22:00:00;0.05321419401673943;0.05321419401673943;0.05321419401673943
2022-01-09 23:00:00;0.04467658031434724;0.04467658031434724;0.04467658031434724
2022-01-10 00:00:00;0.04144062718147636;0.04144062718147636;0.04144062718147636
2022-01-10 01:00:00;0.03390930154287762;0.03390930154287762;0.03390930154287762
2022-01-10 02:00:00;0.024096491791259743;0.024096491791259743;0.024096491791259743
2022-01-10 03:00:00;0.02173528914652995;0.02173528914652995;0.02173528914652995
2022-01-10 04:00:00;0.01904253567460871;0.01904253567460871;0.01904253567460871
2022-01-10 05:00:00;0.017249336743915263;0.017249336743915263;0.017249336743915263
2022-01-10 06:00:00;0.016210081864552243;0.016210081864552243;0.016210081864552243
2022-01-10 07:00:00;0.010974789172979435;0.010720804917632297;0.010932458463754912
2022-01-10 08:00:00;0.015471450196162684;0.01320969487005902;0.01509449097514541
2022-01-10 09:00:00;0.02408483211627462;0.01908356268977608;0.023251287211858197
2022-01-10 10:00:00;0.05664019229602839;0.04688584042821345;0.05501446698472591
2022-01-10 11:00:00;0.05435298755701493;0.04694847484158037;0.0531189021044425
2022-01-10 12:00:00;0.05658301284193036;0.05035357165871039;0.055544772644727035
2022-01-10 13:00:00;0.06276255116640587;0.05443242141114111;0.06137419620719507
2022-01-10 14:00:00;0.04880699539809525;0.04383463778396907;0.04797826912907423
2022-01-10 15:00:00;0.029513675023850248;0.026980732246373363;0.029091517894270766
2022-01-10 16:00:00;0.023628714456425805;0.023416710055915516;0.02359338038967409
2022-01-10 17:00:00;0.01859740917428582;0.01859740917428582;0.01859740917428582
2022-01-10 18:00:00;0.014113524029337436;0.014113524029337436;0.014113524029337436
2022-01-10 19:00:00;0.01400122318598311;0.01400122318598311;0.01400122318598311
2022-01-10 20:00:00;0.01575141023460478;0.01575141023460478;0.01575141023460478
2022-01-10 21:00:00;0.01281630241971545;0.01281630241971545;0.01281630241971545
2022-01-10 22:00:00;0.013694154289196774;0.013694154289196774;0.013694154289196774
2022-01-10 23:00:00;0.014686796953143722;0.014686796953143722;0.014686796953143722
2022-01-11 00:00:00;0.011572162008314256;0.011572162008314256;0.011572162008314256
2022-01-11 01:00:00;0.011592789639327408;0.011592789639327408;0.011592789639327408
2022-01-11 02:00:00;0.011350040187643204;0.011350040187643204;0.011350040187643204
2022-01-11 03:00:00;0.008365570072708451;0.008365570072708451;0.008365570072708451
2022-01-11 04:00:00;0.007729306216871409;0.007729306216871409;0.007729306216871409
2022-01-11 05:00:00;0.007734250308187637;0.007734250308187637;0.007734250308187637
2022-01-11 06:00:00;0.006571243204344409;0.006571243204344409;0.006571243204344409
2022-01-11 07:00:00;0.0030722306974972718;0.002937108203309579;0.003049710281799323
2022-01-11 08:00:00;0.009345503539399171;0.008142849290289156;0.009145061164547502
2022-01-11 09:00:00;0.01711563664387787;0.013798331090773825;0.0165627523850272
2022-01-11 10:00:00;0.025417402660052057;0.021353038267181913;0.024740008594573693
2022-01-11 11:00:00;0.034188654019305806;0.028285873049622316;0.03320485719102523
2022-01-11 12:00:00;0.03528165126228036;0.029423986092086123;0.03430537373391466
2022-01-11 13:00:00;0.029053329613588676;0.025151552093370156;0.02840303336021892
2022-01-11 14:00:00;0.022951589493067456;0.02019442497861554;0.022492062073992142
2022-01-11 15:00:00;0.01629420204692593;0.015232844462702042;0.016117309116221952
2022-01-11 16:00:00;0.012585267733337822;0.012513837195064267;0.012573362643625564
2022-01-11 17:00:00;0.010034320340190554;0.010034320340190554;0.010034320340190554
2022-01-11 18:00:00;0.00922339915654742;0.00922339915654742;0.00922339915654742
2022-01-11 19:00:00;0.007819322132340076;0.007819322132340076;0.007819322132340076
2022-01-11 20:00:00;0.007593900208731305;0.007593900208731305;0.007593900208731305
2022-01-11 21:00:00;0.006947023666312305;0.006947023666312305;0.006947023666312305
2022-01-11 22:00:00;0.006761362248555243;0.006761362248555243;0.006761362248555243
2022-01-11 23:00:00;0.0034241694117616325;0.0034241694117616325;0.0034241694117616325
2022-01-12 00:00:00;0.005808631174071361;0.005808631174071361;0.005808631174071361
2022-01-12 01:00:00;0.005318754983959993;0.005318754983959993;0.005318754983959993
2022-01-12 02:00:00;0.00569905212280269;0.00569905212280269;0.00569905212280269
2022-01-12 03:00:00;0.005400942969536256;0.005400942969536256;0.005400942969536256
2022-01-12 04:00:00;0.005537588889671337;0.005537588889671337;0.005537588889671337
2022-01-12 05:00:00;0.005740977622833661;0.005740977622833661;0.005740977622833661
2022-01-12 06:00:00;0.005631325597855757;0.005631325597855757;0.005631325597855757
2022-01-12 07:00:00;0.004807157310803461;0.004741311775457526;0.004796183054912471
2022-01-12 08:00:00;0.008232065128123411;0.007551542661875419;0.00811864471708208
2022-01-12 09:00:00;0.010675219186457655;0.009349248019308632;0.01045422399193282
2022-01-12 10:00:00;0.019117257655232738;0.01610041049209959;0.01861444979471055
2022-01-12 11:00:00;0.02744431417876653;0.022424331313757945;0.026607650367931765
2022-01-12 12:00:00;0.020110967796811114;0.01726896270573981;0.019637300281632568
2022-01-12 13:00:00;0.018131202411778912;0.01604904075165703;0.01778417546842527
2022-01-12 14:00:00;0.014804718971386981;0.013179385679272605;0.014533830089367919
2022-01-12 15:00:00;0.01151111360315795;0.01038523773182677;0.011323467624602755
2022-01-12 16:00:00;0.006973725601189541;0.006861536811204558;0.006955027469525378
2022-01-12 17:00:00;0.008976723518707203;0.008976723518707203;0.008976723518707203
2022-01-12 18:00:00;0.008758176725940548;0.008758176725940548;0.008758176725940548
2022-01-12 19:00:00;0.007582372447319119;0.007582372447319119;0.007582372447319119
2022-01-12 20:00:00;0.008330142230334825;0.008330142230334825;0.008330142230334825
2022-01-12 21:00:00;0.008902283753568108;0.008902283753568108;0.008902283753568108
2022-01-12 22:00:00;0.008914067266025106;0.008914067266025106;0.008914067266025106
2022-01-12 23:00:00;0.010107642964814848;0.010107642964814848;0.010107642964814848
2022-01-13 00:00:00;0.013035351741294068;0.013035351741294068;0.013035351741294068
2022-01-13 01:00:00;0.012986361954697045;0.012986361954697045;0.012986361954697045
2022-01-13 02:00:00;0.013284558073680775;0.013284558073680775;0.013284558073680775
2022-01-13 03:00:00;0.0108988870667581;0.0108988870667581;0.0108988870667581
2022-01-13 04:00:00;0.010357177695629528;0.010357177695629528;0.010357177695629528
2022-01-13 05:00:00;0.009538653668484014;0.009538653668484014;0.009538653668484014
2022-01-13 06:00:00;0.011331594094270743;0.011331594094270743;0.011331594094270743
2022-01-13 07:00:00;0.00807312575693405;0.007956885580872507;0.008053752394257126
2022-01-13 08:00:00;0.014734464958786579;0.013343121890750164;0.014502574447447176
2022-01-13 09:00:00;0.02408074008342342;0.020232852979211156;0.02343942556605471
2022-01-13 10:00:00;0.030939628754027722;0.02670497609934831;0.03023385331158115
2022-01-13 11:00:00;0.03137015637240597;0.026808382388113387;0.030609860708357205
2022-01-13 12:00:00;0.0350721353078429;0.030005014532000485;0.034227615178535835
2022-01-13 13:00:00;0.03169401555746344;0.02709165628818862;0.030926955679250977
2022-01-13 14:00:00;0.02461953692295492;0.022080373035016244;0.02419634294163181
2022-01-13 15:00:00;0.017604394829421943;0.016612699746399354;0.01743911231558485
2022-01-13 16:00:00;0.01034539943591599;0.010177542261654597;0.01031742324020576
2022-01-13 17:00:00;0.012125179253995439;0.012125179253995439;0.012125179253995439
2022-01-13 18:00:00;0.012192065229476396;0.012192065229476396;0.012192065229476396
2022-01-13 19:00:00;0.01093866734051678;0.01093866734051678;0.01093866734051678
2022-01-13 20:00:00;0.010861890815837194;0.010861890815837194;0.010861890815837194
2022-01-13 21:00:00;0.010773444065832166;0.010773444065832166;0.010773444065832166
2022-01-13 22:00:00;0.010675455056924205;0.010675455056924205;0.010675455056924205
2022-01-13 23:00:00;0.010675455056924205;0.010675455056924205;0.010675455056924205
2022-01-14 00:00:00;0.01086009386318037;0.01086009386318037;0.01086009386318037
2022-01-14 01:00:00;0.010612834477075192;0.010612834477075192;0.010612834477075192
2022-01-14 02:00:00;0.01061088739899979;0.01061088739899979;0.01061088739899979
2022-01-14 03:00:00;0.010685475556823915;0.010685475556823915;0.010685475556823915
2022-01-14 04:00:00;0.010805157377097967;0.010805157377097967;0.010805157377097967
2022-01-14 05:00:00;0.01673416174425123;0.01673416174425123;0.01673416174425123
2022-01-14 06:00:00;0.01995411258612597;0.01995411258612597;0.01995411258612597
2022-01-14 07:00:00;0.018060609776679587;0.01787432920895277;0.018029563015391787
2022-01-14 08:00:00;0.022633602936511826;0.020743769302745175;0.022318630664217385
2022-01-14 09:00:00;0.03784709210671608;0.03299524285942712;0.03703845056550126
2022-01-14 10:00:00;0.046439794190633855;0.03963476335116862;0.045305622384056325
2022-01-14 11:00:00;0.05092179738846245;0.044193133987921365;0.049800353488372265
2022-01-14 12:00:00;0.05197134422663399;0.04457014557852422;0.0507378111186157
2022-01-14 13:00:00;0.04387760370320454;0.03870967045664415;0.04301628149544447
2022-01-14 14:00:00;0.03563579412975827;0.031369536510065084;0.03492475119314274
2022-01-14 15:00:00;0.02696266135747199;0.025097622929723576;0.026651821619513922
2022-01-14 16:00:00;0.015792600184347822;0.01562674513869847;0.015764957676739598
2022-01-14 17:00:00;0.015402762441688658;0.015402762441688658;0.015402762441688658
2022-01-14 18:00:00;0.014529277314259641;0.014529277314259641;0.014529277314259641
2022-01-14 19:00:00;0.012125541583590865;0.012125541583590865;0.012125541583590865
2022-01-14 20:00:00;0.015552517452438566;0.015552517452438566;0.015552517452438566
2022-01-14 21:00:00;0.012256098053063087;0.012256098053063087;0.012256098053063087
2022-01-14 22:00:00;0.011798512787539586;0.011798512787539586;0.011798512787539586
2022-01-14 23:00:00;0.012392031823035814;0.012392031823035814;0.012392031823035814
2022-01-15 00:00:00;0.009618972321341185;0.009618972321341185;0.009618972321341185
2022-01-15 01:00:00;0.009284964654531143;0.009284964654531143;0.009284964654531143
2022-01-15 02:00:00;0.011368003875927827;0.011368003875927827;0.011368003875927827
2022-01-15 03:00:00;0.008879670835307421;0.008879670835307421;0.008879670835307421
2022-01-15 04:00:00;0.008373888636399183;0.008373888636399183;0.008373888636399183
2022-01-15 05:00:00;0.008150171939926362;0.008150171939926362;0.008150171939926362
2022-01-15 06:00:00;0.007990472599183887;0.007990472599183887;0.007990472599183887
2022-01-15 07:00:00;0.007946819618538097;0.00784653165937389;0.007930104958677395
2022-01-15 08:00:00;0.011843518328711977;0.01099498551894237;0.011702096193750374
2022-01-15 09:00:00;0.019926327385440923;0.018046472271083615;0.019613018199714703
2022-01-15 10:00:00;0.028413190806458686;0.02511675661164558;0.02786378510732317
2022-01-15 11:00:00;0.03876413561260915;0.033400238165496275;0.03787015270475701
2022-01-15 12:00:00;0.040994312461910355;0.03607071747363796;0.04017371329719829
2022-01-15 13:00:00;0.04211359333232904;0.03570439756472036;0.0410453940377276
2022-01-15 14:00:00;0.03619373192195863;0.03093155538029185;0.0353167024983475
2022-01-15 15:00:00;0.025125259177019913;0.022860003833096703;0.024747716619699375
2022-01-15 16:00:00;0.018268762149445093;0.01805625327904191;0.018233344004377896
2022-01-15 17:00:00;0.013873041671467747;0.013873041671467747;0.013873041671467747
2022-01-15 18:00:00;0.01082609007831961;0.01082609007831961;0.01082609007831961
2022-01-15 19:00:00;0.008914329531187969;0.008914329531187969;0.008914329531187969
2022-01-15 20:00:00;0.009925113440093107;0.009925113440093107;0.009925113440093107
2022-01-15 21:00:00;0.00579493139611252;0.00579493139611252;0.00579493139611252
2022-01-15 22:00:00;0.00876061415569688;0.00876061415569688;0.00876061415569688
2022-01-15 23:00:00;0.004927820528874676;0.004927820528874676;0.004927820528874676
2022-01-16 00:00:00;0.008014306632650183;0.008014306632650183;0.008014306632650183
2022-01-16 01:00:00;0.0037374785286959206;0.0037374785286959206;0.0037374785286959206
2022-01-16 02:00:00;0.0053043564276119256;0.0053043564276119256;0.0053043564276119256
2022-01-16 03:00:00;0.0038305541060424772;0.0038305541060424772;0.0038305541060424772
2022-01-16 04:00:00;0.002503372060758854;0.002503372060758854;0.002503372060758854
2022-01-16 05:00:00;0.002889955446946471;0.002889955446946471;0.002889955446946471
2022-01-16 06:00:00;0.004150860705046717;0.004150860705046717;0.004150860705046717
2022-01-16 07:00:00;0.0016607598668215622;0.0014791699960773391;0.0016304948883641914
2022-01-16 08:00:00;0.008504727679169825;0.006603174031959602;0.008187802071301455
2022-01-16 09:00:00;0.01970872308995282;0.015142002391766654;0.018947602973588457
2022-01-16 10:00:00;0.04025516388182549;0.03161159576289264;0.038814569195336684
2022-01-16 11:00:00;0.041212934775716074;0.03397207851190668;0.04000612539841451
2022-01-16 12:00:00;0.04418018721566406;0.03714330712252983;0.043007373866808356
2022-01-16 13:00:00;0.04269018697476764;0.03642289411847;0.041645638165384705
2022-01-16 14:00:00;0.0380531715319873;0.03180970879547029;0.03701259440923446
2022-01-16 15:00:00;0.021608253030164982;0.017200552142783293;0.020873636215601375
2022-01-16 16:00:00;0.009080252711452743;0.008726709020159297;0.009021328762903836
2022-01-16 17:00:00;0.0104091670328753;0.0104091670328753;0.0104091670328753
2022-01-16 18:00:00;0.009438224173397066;0.009438224173397066;0.009438224173397066
2022-01-16 19:00:00;0.008961626513983089;0.008961626513983089;0.008961626513983089
2022-01-16 20:00:00;0.006304317277826294;0.006304317277826294;0.006304317277826294
2022-01-16 21:00:00;0.005401732401645598;0.005401732401645598;0.005401732401645598
2022-01-16 22:00:00;0.005535518659358742;0.005535518659358742;0.005535518659358742
2022-01-16 23:00:00;0.005190494042526267;0.005190494042526267;0.005190494042526267
2022-01-17 00:00:00;0.005815680398634356;0.005815680398634356;0.005815680398634356
2022-01-17 01:00:00;0.007528487933383944;0.007528487933383944;0.007528487933383944
2022-01-17 02:00:00;0.007443143148502659;0.007443143148502659;0.007443143148502659
2022-01-17 03:00:00;0.011471767264993315;0.011471767264993315;0.011471767264993315
2022-01-17 04:00:00;0.015635682796033237;0.015635682796033237;0.015635682796033237
2022-01-17 05:00:00;0.01905251771629675;0.01905251771629675;0.01905251771629675
2022-01-17 06:00:00;0.02203888564049303;0.02203888564049303;0.02203888564049303
2022-01-17 07:00:00;0.021693444496812677;0.021693444496812677;0.021693444496812677
2022-01-17 08:00:00;0.017088283983793084;0.016718486054021015;0.017026650995497737
2022-01-17 09:00:00;0.016194096596484606;0.015906801721858183;0.016146214117380202
2022-01-17 10:00:00;0.015962289974602355;0.014796661008207155;0.015768018480203157
2022-01-17 11:00:00;0.025987936176706108;0.0230588135806193;0.02549974907735831
2022-01-17 12:00:00;0.02406900063610702;0.0222353490059192;0.023763392031075716
2022-01-17 13:00:00;0.026511884572233645;0.02391585613726896;0.0260792131664062
2022-01-17 14:00:00;0.019354510057444044;0.018661615116448375;0.019239027567278102
2022-01-17 15:00:00;0.015157402535418404;0.014922587317272607;0.015118266665727438
2022-01-17 16:00:00;0.011910277753277704;0.011772594644887705;0.011887330568546038
2022-01-17 17:00:00;0.011913868078950798;0.011913868078950798;0.011913868078950798
2022-01-17 18:00:00;0.01203941510961588;0.01203941510961588;0.01203941510961588
2022-01-17 19:00:00;0.014346827870582519;0.014346827870582519;0.014346827870582519
2022-01-17 20:00:00;0.016578040845347138;0.016578040845347138;0.016578040845347138
2022-01-17 21:00:00;0.01901332413804396;0.01901332413804396;0.01901332413804396
2022-01-17 22:00:00;0.017415724591376202;0.017415724591376202;0.017415724591376202
2022-01-17 23:00:00;0.01711975456413229;0.01711975456413229;0.01711975456413229
2022-01-18 00:00:00;0.020467462989440847;0.020467462989440847;0.020467462989440847
2022-01-18 01:00:00;0.029042533610880994;0.029042533610880994;0.029042533610880994
2022-01-18 02:00:00;0.02246678283468121;0.02246678283468121;0.02246678283468121
2022-01-18 03:00:00;0.02619497125360714;0.02619497125360714;0.02619497125360714
2022-01-18 04:00:00;0.0247559134108585;0.0247559134108585;0.0247559134108585
2022-01-18 05:00:00;0.026503194412554727;0.026503194412554727;0.026503194412554727
2022-01-18 06:00:00;0.02061999722928487;0.02061999722928487;0.02061999722928487
2022-01-18 07:00:00;0.016436592789690573;0.016193811837658893;0.016396129297685295
2022-01-18 08:00:00;0.02000964622045093;0.018589339643533712;0.019772928457631397
2022-01-18 09:00:00;0.043538455273076024;0.037835363092272756;0.04258793990960882
2022-01-18 10:00:00;0.05248939268238267;0.04522698756188456;0.05127899182896632
2022-01-18 11:00:00;0.05625920948454839;0.04833048213377557;0.054937754926086255
2022-01-18 12:00:00;0.05611152589326167;0.04855233725262069;0.05485166111982151
2022-01-18 13:00:00;0.05263110882892242;0.04532927583432896;0.05141413666315685
2022-01-18 14:00:00;0.04471645752209983;0.03994056617488589;0.04392047563089751
2022-01-18 15:00:00;0.03351473423819705;0.031223311116587143;0.03313283038459539
2022-01-18 16:00:00;0.018623271727197317;0.018352928691169237;0.01857821455452597
2022-01-18 17:00:00;0.016673490141436372;0.016673490141436372;0.016673490141436372
2022-01-18 18:00:00;0.015160316570385069;0.015160316570385069;0.015160316570385069
2022-01-18 19:00:00;0.010759196273045486;0.010759196273045486;0.010759196273045486
2022-01-18 20:00:00;0.009448364558362883;0.009448364558362883;0.009448364558362883
2022-01-18 21:00:00;0.009276694713385724;0.009276694713385724;0.009276694713385724
2022-01-18 22:00:00;0.00412181410210201;0.00412181410210201;0.00412181410210201
2022-01-18 23:00:00;0.004663834021680466;0.004663834021680466;0.004663834021680466
2022-01-19 00:00:00;0.0044551482884323266;0.0044551482884323266;0.0044551482884323266
2022-01-19 01:00:00;0.003296372256063525;0.003296372256063525;0.003296372256063525
2022-01-19 02:00:00;0.003214663517160354;0.003214663517160354;0.003214663517160354
2022-01-19 03:00:00;0.004157885697078593;0.004157885697078593;0.004157885697078593
2022-01-19 04:00:00;0.0035706255903653968;0.0035706255903653968;0.0035706255903653968
2022-01-19 05:00:00;0.005193074743496984;0.005193074743496984;0.005193074743496984
2022-01-19 06:00:00;0.005710828301760127;0.005710828301760127;0.005710828301760127
2022-01-19 07:00:00;0.00503563012792137;0.004980528172784221;0.005026446468731845
2022-01-19 08:00:00;0.009353375252181774;0.009069774294129486;0.009306108425839728
2022-01-19 09:00:00;0.010178128356301453;0.009110362377749629;0.01000016735987615
2022-01-19 10:00:00;0.012363305989239752;0.01088716914299229;0.012117283181531841
2022-01-19 11:00:00;0.014898429902904155;0.01339977632706913;0.014648654306931653
2022-01-19 12:00:00;0.01505206380096891;0.014131214693933067;0.014898588949796274
2022-01-19 13:00:00;0.012641736781454634;0.011734181423955527;0.012490477555204781
2022-01-19 14:00:00;0.012897543136723139;0.011795352034545058;0.012713844619693458
2022-01-19 15:00:00;0.010244380931456958;0.009686744123353517;0.010151441463439718
2022-01-19 16:00:00;0.007324047103083223;0.007217715422986556;0.007306325156400445
2022-01-19 17:00:00;0.009208656677173539;0.009208656677173539;0.009208656677173539
2022-01-19 18:00:00;0.008750551071550297;0.008750551071550297;0.008750551071550297
2022-01-19 19:00:00;0.01083460269231892;0.01083460269231892;0.01083460269231892
2022-01-19 20:00:00;0.008581176162051231;0.008581176162051231;0.008581176162051231
2022-01-19 21:00:00;0.010156757516410353;0.010156757516410353;0.010156757516410353
2022-01-19 22:00:00;0.008016647335888505;0.008016647335888505;0.008016647335888505
2022-01-19 23:00:00;0.007051025938218559;0.007051025938218559;0.007051025938218559
2022-01-20 00:00:00;0.010538911220082076;0.010538911220082076;0.010538911220082076
2022-01-20 01:00:00;0.00854609332915403;0.00854609332915403;0.00854609332915403
2022-01-20 02:00:00;0.009481877309946958;0.009481877309946958;0.009481877309946958
2022-01-20 03:00:00;0.01833047649798633;0.01833047649798633;0.01833047649798633
2022-01-20 04:00:00;0.018928271311712434;0.018928271311712434;0.018928271311712434
2022-01-20 05:00:00;0.02073169058047746;0.02073169058047746;0.02073169058047746
2022-01-20 06:00:00;0.01768842368098839;0.01768842368098839;0.01768842368098839
2022-01-20 07:00:00;0.009179454883927443;0.009026788801969022;0.009154010536934374
2022-01-20 08:00:00;0.01931066194754132;0.015720898307829426;0.018712368007589335
2022-01-20 09:00:00;0.03771410332757569;0.03080801640467001;0.03656308884042475
2022-01-20 10:00:00;0.049873396759131335;0.04114956499069019;0.04841942479772448
2022-01-20 11:00:00;0.0602793083968542;0.04975443638825816;0.058525163062088194
2022-01-20 12:00:00;0.06340075781236572;0.05251849203819832;0.06158704685000448
2022-01-20 13:00:00;0.05615462654458523;0.0462942631926077;0.054511232652588976
2022-01-20 14:00:00;0.048773713875418984;0.04087028842682371;0.04745647630065311
2022-01-20 15:00:00;0.02945580803045399;0.025777426345368;0.028842744416272992
2022-01-20 16:00:00;0.009574993330750138;0.009055476922621042;0.009488407262728623
2022-01-20 17:00:00;0.014592491376445006;0.014592491376445006;0.014592491376445006
2022-01-20 18:00:00;0.00953661632132828;0.00953661632132828;0.00953661632132828
2022-01-20 19:00:00;0.008053410705691684;0.008053410705691684;0.008053410705691684
2022-01-20 20:00:00;0.004398471295672757;0.004398471295672757;0.004398471295672757
2022-01-20 21:00:00;0.0037758064168996867;0.0037758064168996867;0.0037758064168996867
2022-01-20 22:00:00;0.0035969060949538334;0.0035969060949538334;0.0035969060949538334
2022-01-20 23:00:00;0.004357925308215373;0.004357925308215373;0.004357925308215373
2022-01-21 00:00:00;0.003408889221210802;0.003408889221210802;0.003408889221210802
2022-01-21 01:00:00;0.004076287864672768;0.004076287864672768;0.004076287864672768
2022-01-21 02:00:00;0.002800560365185942;0.002800560365185942;0.002800560365185942
2022-01-21 03:00:00;0.0026550497665796843;0.0026550497665796843;0.0026550497665796843
2022-01-21 04:00:00;0.0037833908263600865;0.0037833908263600865;0.0037833908263600865
2022-01-21 05:00:00;0.0020947034757342964;0.0020947034757342964;0.0020947034757342964
2022-01-21 06:00:00;0.00209200152115644;0.00209200152115644;0.00209200152115644
2022-01-21 07:00:00;-0.0012272273651072114;-0.0015147460458277936;-0.0012751471452273084
2022-01-21 08:00:00;0.010082524542971897;0.0074151961302614125;0.009637969807520151
2022-01-21 09:00:00;0.019730993443248815;0.015442421267031431;0.019016231413879252
2022-01-21 10:00:00;0.03319844557969788;0.026632577132182454;0.03210413417177864
2022-01-21 11:00:00;0.03894993545864762;0.031863585420651944;0.03776887711898168
2022-01-21 12:00:00;0.04434990392652229;0.03626939059328807;0.043003151704316595
2022-01-21 13:00:00;0.04447366290643509;0.036712133376288626;0.04318007465141068
2022-01-21 14:00:00;0.03695312185202644;0.03116709341633912;0.03598878377941189
2022-01-21 15:00:00;0.021375582715770253;0.018655372784767102;0.020922214393936392
2022-01-21 16:00:00;0.008278462710904398;0.007921908935099834;0.008219037081603639
2022-01-21 17:00:00;0.00991206820133085;0.00991206820133085;0.00991206820133085
2022-01-21 18:00:00;0.007299702858245109;0.007299702858245109;0.007299702858245109
2022-01-21 19:00:00;0.005366705962396702;0.005366705962396702;0.005366705962396702
2022-01-21 20:00:00;0.00371718391758975;0.00371718391758975;0.00371718391758975
2022-01-21 21:00:00;0.00317407558945156;0.00317407558945156;0.00317407558945156
2022-01-21 22:00:00;0.002796981814890275;0.002796981814890275;0.002796981814890275
2022-01-21 23:00:00;0.0026540732984897445;0.0026540732984897445;0.0026540732984897445
2022-01-22 00:00:00;0.004136747209384455;0.004136747209384455;0.004136747209384455
2022-01-22 01:00:00;0.002295861840240558;0.002295861840240558;0.002295861840240558
2022-01-22 02:00:00;0.002565007897220312;0.002565007897220312;0.002565007897220312
2022-01-22 03:00:00;0.004512595681896309;0.004512595681896309;0.004512595681896309
2022-01-22 04:00:00;0.004218288159167039;0.004218288159167039;0.004218288159167039
2022-01-22 05:00:00;0.002427088303077466;0.002427088303077466;0.002427088303077466
2022-01-22 06:00:00;0.0021419412986225894;0.0021419412986225894;0.0021419412986225894
2022-01-22 07:00:00;0.0005167206452717012;0.0003579408577191268;0.0004902573473462722
2022-01-22 08:00:00;0.005863642236886942;0.004682446608307846;0.005666776298790426
2022-01-22 09:00:00;0.016510789393784184;0.012820530828495947;0.01589574629956948
2022-01-22 10:00:00;0.04089851266613772;0.03161162373652015;0.03935069784453481
2022-01-22 11:00:00;0.049016362835259134;0.03876583545065681;0.04730794160449208
2022-01-22 12:00:00;0.06256538833138911;0.049134113604398726;0.060326842543557385
2022-01-22 13:00:00;0.048051878860990195;0.03877087503606574;0.046505044890169454
2022-01-22 14:00:00;0.04180099878717673;0.03294367915895686;0.04032477884914008
2022-01-22 15:00:00;0.017861718293682022;0.01527175194192702;0.01743005723505619
2022-01-22 16:00:00;0.00539625698493128;0.005013704962428092;0.005332498314514083
2022-01-22 17:00:00;0.009357642063814463;0.009357642063814463;0.009357642063814463
2022-01-22 18:00:00;0.007434501218766733;0.007434501218766733;0.007434501218766733
2022-01-22 19:00:00;0.006957201361360653;0.006957201361360653;0.006957201361360653
2022-01-22 20:00:00;0.008305911613913228;0.008305911613913228;0.008305911613913228
2022-01-22 21:00:00;0.008311061783313336;0.008311061783313336;0.008311061783313336
2022-01-22 22:00:00;0.008760179755813889;0.008760179755813889;0.008760179755813889
2022-01-22 23:00:00;0.009585731260471032;0.009585731260471032;0.009585731260471032
2022-01-23 00:00:00;0.006757096148382576;0.006757096148382576;0.006757096148382576
2022-01-23 01:00:00;0.008180492267410891;0.008180492267410891;0.008180492267410891
2022-01-23 02:00:00;0.007756916389350681;0.007756916389350681;0.007756916389350681
2022-01-23 03:00:00;0.005508157330518372;0.005508157330518372;0.005508157330518372
2022-01-23 04:00:00;0.006768788148282837;0.006768788148282837;0.006768788148282837
2022-01-23 05:00:00;0.0072712382929728085;0.0072712382929728085;0.0072712382929728085
2022-01-23 06:00:00;0.005438388932115478;0.005438388932115478;0.005438388932115478
2022-01-23 07:00:00;0.0035157561214319752;0.0033075803146516746;0.003481060153635259
2022-01-23 08:00:00;0.012814045621797015;0.010771729672300409;0.012473659630214249
2022-01-23 09:00:00;0.028504904398039443;0.022971449836801366;0.02758266197116643
2022-01-23 10:00:00;0.047957935188937435;0.038346758289744126;0.04635607237240522
2022-01-23 11:00:00;0.08269951667111305;0.06536056553034056;0.07980969148098431
2022-01-23 12:00:00;0.08302533846299864;0.06807304909623631;0.08053329023520492
2022-01-23 13:00:00;0.0973369205358246;0.08185596251937378;0.09475676086641614
2022-01-23 14:00:00;0.06700251199242105;0.059416744616420346;0.06573821742975428
2022-01-23 15:00:00;0.046802350019906125;0.04237794518163574;0.04606494921352773
2022-01-23 16:00:00;0.02048824293456471;0.019751728540605095;0.02036549053557144
2022-01-23 17:00:00;0.02267417138458007;0.02267417138458007;0.02267417138458007
2022-01-23 18:00:00;0.02180791869351118;0.02180791869351118;0.02180791869351118
2022-01-23 19:00:00;0.01976722801980212;0.01976722801980212;0.01976722801980212
2022-01-23 20:00:00;0.016357671232871723;0.016357671232871723;0.016357671232871723
2022-01-23 21:00:00;0.009386086938812108;0.009386086938812108;0.009386086938812108
2022-01-23 22:00:00;0.008670961654941182;0.008670961654941182;0.008670961654941182
2022-01-23 23:00:00;0.005756180875263222;0.005756180875263222;0.005756180875263222
2022-01-24 00:00:00;0.004492594720581259;0.004492594720581259;0.004492594720581259
2022-01-24 01:00:00;0.004128596822651201;0.004128596822651201;0.004128596822651201
2022-01-24 02:00:00;0.0049697005302287425;0.0049697005302287425;0.0049697005302287425
2022-01-24 03:00:00;0.004966633669911405;0.004966633669911405;0.004966633669911405
2022-01-24 04:00:00;0.003306835590362402;0.003306835590362402;0.003306835590362402
2022-01-24 05:00:00;0.004442473932449488;0.004442473932449488;0.004442473932449488
2022-01-24 06:00:00;0.0044402143092455385;0.0044402143092455385;0.0044402143092455385
2022-01-24 07:00:00;0.003005551292941239;0.0027476225230654247;0.002962563164628603
2022-01-24 08:00:00;0.009582831281645438;0.007203569034894691;0.009186287573853646
2022-01-24 09:00:00;0.025172713992799533;0.020091336847102553;0.024325817801850034
2022-01-24 10:00:00;0.03959364894972571;0.03130021238139527;0.03821140952167064
2022-01-24 11:00:00;0.04695276933356734;0.03794088756807884;0.04545078903931927
2022-01-24 12:00:00;0.050543701755460566;0.042104114829746825;0.049137103934508285
2022-01-24 13:00:00;0.05224539809390926;0.04348334389802644;0.05078505572792879
2022-01-24 14:00:00;0.04262495573978562;0.035914817382417086;0.04150659934689086
2022-01-24 15:00:00;0.02162035621655129;0.019405823151888244;0.021251267372440784
2022-01-24 16:00:00;0.009576477176039511;0.009334441771144649;0.009536137941890368
2022-01-24 17:00:00;0.0089908523369689;0.0089908523369689;0.0089908523369689
2022-01-24 18:00:00;0.005888380818787648;0.005888380818787648;0.005888380818787648
2022-01-24 19:00:00;0.005862176841591906;0.005862176841591906;0.005862176841591906
2022-01-24 20:00:00;0.006749105256480656;0.006749105256480656;0.006749105256480656
2022-01-24 21:00:00;0.009781473355563713;0.009781473355563713;0.009781473355563713
2022-01-24 22:00:00;0.00995994989209621;0.00995994989209621;0.00995994989209621
2022-01-24 23:00:00;0.009964152903718331;0.009964152903718331;0.009964152903718331
2022-01-25 00:00:00;0.009962422415432975;0.009962422415432975;0.009962422415432975
2022-01-25 01:00:00;0.010801135709841918;0.010801135709841918;0.010801135709841918
2022-01-25 02:00:00;0.011093533163823773;0.011093533163823773;0.011093533163823773
2022-01-25 03:00:00;0.01048486032399364;0.01048486032399364;0.01048486032399364
2022-01-25 04:00:00;0.008635082795895144;0.008635082795895144;0.008635082795895144
2022-01-25 05:00:00;0.010040675904976289;0.010040675904976289;0.010040675904976289
2022-01-25 06:00:00;0.0075979528920231;0.0075979528920231;0.0075979528920231
2022-01-25 07:00:00;0.004442763060247883;0.004058615115088427;0.004378738402721307
2022-01-25 08:00:00;0.015372866544475488;0.012321480579521461;0.014864302216983151
2022-01-25 09:00:00;0.04198036256871883;0.032777466498235173;0.04044654655697156
2022-01-25 10:00:00;0.0764216437665796;0.05986565775986754;0.07366231276546094
2022-01-25 11:00:00;0.0971008311892612;0.07666261728063901;0.09369446220449083
2022-01-25 12:00:00;0.11262985279374797;0.08786744705191069;0.10850278517010842
2022-01-25 13:00:00;0.06745910326438262;0.05474215411420109;0.06533961173935238
2022-01-25 14:00:00;0.04546902672394545;0.037228308440761894;0.04409557367674819
2022-01-25 15:00:00;0.027011742693774994;0.022214525788771533;0.026212206542941083
2022-01-25 16:00:00;0.011091919603802264;0.010556406690353674;0.011002667451560833
2022-01-25 17:00:00;0.012313423966523514;0.012313423966523514;0.012313423966523514
2022-01-25 18:00:00;0.011502134329549399;0.011502134329549399;0.011502134329549399
2022-01-25 19:00:00;0.01047865402998523;0.01047865402998523;0.01047865402998523
2022-01-25 20:00:00;0.016781057262009208;0.016781057262009208;0.016781057262009208
2022-01-25 21:00:00;0.01648962589781957;0.01648962589781957;0.01648962589781957
2022-01-25 22:00:00;0.018245463899198015;0.018245463899198015;0.018245463899198015
2022-01-25 23:00:00;0.017253942615111942;0.017253942615111942;0.017253942615111942
2022-01-26 00:00:00;0.017145517671054777;0.017145517671054777;0.017145517671054777
2022-01-26 01:00:00;0.010932583313547945;0.010932583313547945;0.010932583313547945
2022-01-26 02:00:00;0.010295257892233794;0.010295257892233794;0.010295257892233794
2022-01-26 03:00:00;0.010165623761339887;0.010165623761339887;0.010165623761339887
2022-01-26 04:00:00;0.010172286902552383;0.010172286902552383;0.010172286902552383
2022-01-26 05:00:00;0.008399737885511913;0.008399737885511913;0.008399737885511913
2022-01-26 06:00:00;0.006895827419573789;0.006895827419573789;0.006895827419573789
2022-01-26 07:00:00;0.00566195503173229;0.005394054919502853;0.005617305013027384
2022-01-26 08:00:00;0.013128239865655249;0.010587488629065204;0.012704781326223576
2022-01-26 09:00:00;0.02486069683301842;0.020943936871779076;0.024207903506145195
2022-01-26 10:00:00;0.03462694140802803;0.029406057942542446;0.03375679416378043
2022-01-26 11:00:00;0.05099546042537039;0.041836729993659214;0.04946900535341854
2022-01-26 12:00:00;0.053243962675029545;0.04430056398731291;0.05175339622707678
2022-01-26 13:00:00;0.0554668671804828;0.045293116519273785;0.0537712420702813
2022-01-26 14:00:00;0.04904969568802056;0.03953317825396179;0.04746360944901076
2022-01-26 15:00:00;0.025613967377226914;0.020308155318327168;0.024729665367410298
2022-01-26 16:00:00;0.014217853792548299;0.013649951899762916;0.014123203477084068
2022-01-26 17:00:00;0.0106713209547618;0.0106713209547618;0.0106713209547618
2022-01-26 18:00:00;0.009527208303285831;0.009527208303285831;0.009527208303285831
2022-01-26 19:00:00;0.00542915662843786;0.00542915662843786;0.00542915662843786
2022-01-26 20:00:00;0.004435111681066445;0.004435111681066445;0.004435111681066445
2022-01-26 21:00:00;0.002878410211814722;0.002878410211814722;0.002878410211814722
2022-01-26 22:00:00;0.0028909420903823813;0.0028909420903823813;0.0028909420903823813
2022-01-26 23:00:00;0.003791523916713071;0.003791523916713071;0.003791523916713071
2022-01-27 00:00:00;0.0025835089473743075;0.0025835089473743075;0.0025835089473743075
2022-01-27 01:00:00;0.002575908907373351;0.002575908907373351;0.002575908907373351
2022-01-27 02:00:00;0.003888075699848008;0.003888075699848008;0.003888075699848008
2022-01-27 03:00:00;0.0025805422710167797;0.0025805422710167797;0.0025805422710167797
2022-01-27 04:00:00;0.002579205928256464;0.002579205928256464;0.002579205928256464
2022-01-27 05:00:00;0.002473118652111037;0.002473118652111037;0.002473118652111037
2022-01-27 06:00:00;0.0037957149436666205;0.0037957149436666205;0.0037957149436666205
2022-01-27 07:00:00;0.0006232884336348793;0.00031449178003000654;0.0005718223247007339
2022-01-27 08:00:00;0.008258582594502345;0.007000783432674422;0.008048949400864359
2022-01-27 09:00:00;0.01551284849657466;0.012773205736141817;0.015056241369835854
2022-01-27 10:00:00;0.021722108590844;0.017675162356817417;0.021047617551839565
2022-01-27 11:00:00;0.03657133572500462;0.028882026739179285;0.03528978422736706
2022-01-27 12:00:00;0.04709828022713477;0.03750047939667516;0.04549864675539151
2022-01-27 13:00:00;0.03086480855064414;0.025698657931294583;0.03000378344741922
2022-01-27 14:00:00;0.0323436760031575;0.026694832087640563;0.03140220201723801
2022-01-27 15:00:00;0.018405823665803553;0.015283382470209302;0.01788541679987118
2022-01-27 16:00:00;0.0074167437541713885;0.007012847681782622;0.007349427742106594
2022-01-27 17:00:00;0.009737281276042044;0.009737281276042044;0.009737281276042044
2022-01-27 18:00:00;0.010572968315946422;0.010572968315946422;0.010572968315946422
2022-01-27 19:00:00;0.009833775442843794;0.009833775442843794;0.009833775442843794
2022-01-27 20:00:00;0.008065376197237545;0.008065376197237545;0.008065376197237545
2022-01-27 21:00:00;0.0080633740138766;0.0080633740138766;0.0080633740138766
2022-01-27 22:00:00;0.00759794277736182;0.00759794277736182;0.00759794277736182
2022-01-27 23:00:00;0.008291685251994007;0.008291685251994007;0.008291685251994007
2022-01-28 00:00:00;0.008503059821794228;0.008503059821794228;0.008503059821794228
2022-01-28 01:00:00;0.008709579374337926;0.008709579374337926;0.008709579374337926
2022-01-28 02:00:00;0.00895746529971816;0.00895746529971816;0.00895746529971816
2022-01-28 03:00:00;0.009379121202835256;0.009379121202835256;0.009379121202835256
2022-01-28 04:00:00;0.008169740109680752;0.008169740109680752;0.008169740109680752
2022-01-28 05:00:00;0.014455020045023;0.014455020045023;0.014455020045023
2022-01-28 06:00:00;0.020882676684111694;0.020882676684111694;0.020882676684111694
2022-01-28 07:00:00;0.014209511824350353;0.01378170231833752;0.014138210240014883
2022-01-28 08:00:00;0.023725251233460896;0.021528242910242978;0.02335908317959124
2022-01-28 09:00:00;0.0340305952946762;0.029475334571669436;0.03327138517417507
2022-01-28 10:00:00;0.04252374638493826;0.03624754101312693;0.04147771215630305
2022-01-28 11:00:00;0.06316311925868956;0.05308189367251306;0.06148291499432682
2022-01-28 12:00:00;0.05657822874665996;0.04819487541847302;0.05518100319196214
2022-01-28 13:00:00;0.05625058477346781;0.04814446636268326;0.05489956503833705
2022-01-28 14:00:00;0.0486896283748654;0.042534704834222836;0.0476638077847583
2022-01-28 15:00:00;0.032263339700353146;0.029630096357447594;0.03182446580986889
2022-01-28 16:00:00;0.018732572180637307;0.018031964286602684;0.0186158041982982
2022-01-28 17:00:00;0.01723887155630835;0.01723887155630835;0.01723887155630835
2022-01-28 18:00:00;0.014096084056201035;0.014096084056201035;0.014096084056201035
2022-01-28 19:00:00;0.015049952899854587;0.015049952899854587;0.015049952899854587
2022-01-28 20:00:00;0.013834195061748017;0.013834195061748017;0.013834195061748017
2022-01-28 21:00:00;0.010982658301039849;0.010982658301039849;0.010982658301039849
2022-01-28 22:00:00;0.014144735985689797;0.014144735985689797;0.014144735985689797
2022-01-28 23:00:00;0.009260457647179114;0.009260457647179114;0.009260457647179114
2022-01-29 00:00:00;0.008426223758342401;0.008426223758342401;0.008426223758342401
2022-01-29 01:00:00;0.007289127898506799;0.007289127898506799;0.007289127898506799
2022-01-29 02:00:00;0.006525698262454189;0.006525698262454189;0.006525698262454189
2022-01-29 03:00:00;0.006524293634678378;0.006524293634678378;0.006524293634678378
2022-01-29 04:00:00;0.011734813723298433;0.011734813723298433;0.011734813723298433
2022-01-29 05:00:00;0.007615569066094761;0.007615569066094761;0.007615569066094761
2022-01-29 06:00:00;0.0070961552001217185;0.0070961552001217185;0.0070961552001217185
2022-01-29 07:00:00;0.006458689730879383;0.006235901041950514;0.006421558282724573
2022-01-29 08:00:00;0.011222768625494643;0.009974456490526487;0.011014716602999951
2022-01-29 09:00:00;0.020922372275212854;0.018039275401909593;0.020441856129662317
2022-01-29 10:00:00;0.031127202597165587;0.026953873462272515;0.030431647741350074
2022-01-29 11:00:00;0.03880784193236352;0.033238713059420014;0.03787965378687294
2022-01-29 12:00:00;0.042604879577381356;0.03613033815031197;0.041525789339536455
2022-01-29 13:00:00;0.039421587926323644;0.0346443041195175;0.03862537395852261
2022-01-29 14:00:00;0.03556278022979416;0.03268190024641615;0.035082633565897824
2022-01-29 15:00:00;0.03252643188757081;0.030850034881760798;0.032247032386602474
2022-01-29 16:00:00;0.02764544103843412;0.027261074012144518;0.027581379867385854
2022-01-29 17:00:00;0.026141627235086194;0.026141627235086194;0.026141627235086194
2022-01-29 18:00:00;0.029914281684826273;0.029914281684826273;0.029914281684826273
2022-01-29 19:00:00;0.02801315467783066;0.02801315467783066;0.02801315467783066
2022-01-29 20:00:00;0.02140814679164116;0.02140814679164116;0.02140814679164116
2022-01-29 21:00:00;0.020857279267945342;0.020857279267945342;0.020857279267945342
2022-01-29 22:00:00;0.018192430179140642;0.018192430179140642;0.018192430179140642
2022-01-29 23:00:00;0.021422948486528523;0.021422948486528523;0.021422948486528523
2022-01-30 00:00:00;0.020033242382058225;0.020033242382058225;0.020033242382058225
2022-01-30 01:00:00;0.021424491845792433;0.021424491845792433;0.021424491845792433
2022-01-30 02:00:00;0.020019466175718422;0.020019466175718422;0.020019466175718422
2022-01-30 03:00:00;0.018560826039154432;0.018560826039154432;0.018560826039154432
2022-01-30 04:00:00;0.019668130940822547;0.019668130940822547;0.019668130940822547
2022-01-30 05:00:00;0.013665925763867335;0.013665925763867335;0.013665925763867335
2022-01-30 06:00:00;0.014269205585935408;0.014269205585935408;0.014269205585935408
2022-01-30 07:00:00;0.012176152020758082;0.011981505884413738;0.012143710998034024
2022-01-30 08:00:00;0.023039763224944203;0.019647363743869883;0.022474363311431822
2022-01-30 09:00:00;0.04584509921465147;0.03957115228196173;0.04479944139253652
2022-01-30 10:00:00;0.07011767168957024;0.05927893345453799;0.06831121531706487
2022-01-30 11:00:00;0.089464465315095;0.07605698821942454;0.08722988579914993
2022-01-30 12:00:00;0.09463194219946133;0.08085821522837626;0.09233632103761383
2022-01-30 13:00:00;0.09387354203815257;0.08109883305496375;0.09174442387428777
2022-01-30 14:00:00;0.08386355122215462;0.07263801999452389;0.08199262935088283
2022-01-30 15:00:00;0.05727681468250318;0.04995654091660827;0.05605676905485404
2022-01-30 16:00:00;0.030626271522389857;0.029435398183794575;0.030427792632623976
2022-01-30 17:00:00;0.02019808883224988;0.02019808883224988;0.02019808883224988
2022-01-30 18:00:00;0.01795621719650872;0.01795621719650872;0.01795621719650872
2022-01-30 19:00:00;0.011226112270049458;0.011226112270049458;0.011226112270049458
2022-01-30 20:00:00;0.00738140402295802;0.00738140402295802;0.00738140402295802
2022-01-30 21:00:00;0.007822622065768652;0.007822622065768652;0.007822622065768652
2022-01-30 22:00:00;0.007592032221540347;0.007592032221540347;0.007592032221540347
2022-01-30 23:00:00;0.009339383263758041;0.009339383263758041;0.009339383263758041
2022-01-31 00:00:00;0.009530753786451488;0.009530753786451488;0.009530753786451488
2022-01-31 01:00:00;0.007255798788141237;0.007255798788141237;0.007255798788141237
2022-01-31 02:00:00;0.007577286888083579;0.007577286888083579;0.007577286888083579
2022-01-31 03:00:00;0.007577059766231854;0.007577059766231854;0.007577059766231854
2022-01-31 04:00:00;0.006626563167183484;0.006626563167183484;0.006626563167183484
2022-01-31 05:00:00;0.005754447974143772;0.005754447974143772;0.005754447974143772
2022-01-31 06:00:00;0.007324830300793439;0.007324830300793439;0.007324830300793439
2022-01-31 07:00:00;0.008022803877309111;0.007689788663928469;0.007967301341745671
2022-01-31 08:00:00;0.01611755987436221;0.013352343672476771;0.015656690507381305
2022-01-31 09:00:00;0.03876374129449097;0.03239887054455715;0.03770292950283533
2022-01-31 10:00:00;0.06860817785611424;0.055365271737732244;0.06640102683638392
2022-01-31 11:00:00;;;
2022-01-31 12:00:00;0.09388511456019501;0.07576216729669685;0.090864623349612
2022-01-31 13:00:00;0.08376323483184095;0.06864512366151419;0.08124354963678651
2022-01-31 14:00:00;0.07261136833916035;0.05833620547969334;0.07023217452924918
2022-01-31 15:00:00;0.04405763576452341;0.03669378972787991;0.042830328091749505
2022-01-31 16:00:00;0.009578511031383317;0.007387952808055765;0.009213417994162061
2022-01-31 17:00:00;0.014104181991410251;0.014104181991410251;0.014104181991410251
2022-01-31 18:00:00;0.009968424126425153;0.009968424126425153;0.009968424126425153
2022-01-31 19:00:00;0.007868676036440925;0.007868676036440925;0.007868676036440925
2022-01-31 20:00:00;0.006967547065402666;0.006967547065402666;0.006967547065402666
2022-01-31 21:00:00;0.007134169084434708;0.007134169084434708;0.007134169084434708
2022-01-31 22:00:00;0.0043712731108236655;0.0043712731108236655;0.0043712731108236655
2022-01-31 23:00:00;0.0054179616216380785;0.0054179616216380785;0.0054179616216380785
2022-02-01 00:00:00;0.005395555844269191;0.005395555844269191;0.005395555844269191
2022-02-01 01:00:00;0.005162394914858888;0.005162394914858888;0.005162394914858888
2022-02-01 02:00:00;0.0048998795444940325;0.0048998795444940325;0.0048998795444940325
2022-02-01 03:00:00;0.007073848671617468;0.007073848671617468;0.007073848671617468
2022-02-01 04:00:00;0.004917101765642328;0.004917101765642328;0.004917101765642328
2022-02-01 05:00:00;0.004638188672697934;0.004638188672697934;0.004638188672697934
2022-02-01 06:00:00;0.004424622574553673;0.004424622574553673;0.004424622574553673
2022-02-01 07:00:00;0.002511820934619138;0.0018079841568604245;0.0023945148049926853
2022-02-01 08:00:00;0.018589258957635912;0.014388208146155448;0.017889083822389167
2022-02-01 09:00:00;0.03543884447300201;0.028822492054312567;0.0343361190698871
2022-02-01 10:00:00;0.06112238350046112;0.050259439634126254;0.059311892856071975
2022-02-01 11:00:00;0.08060220030207549;0.06703664894474902;0.07834127507585442
2022-02-01 12:00:00;0.09129039794104447;0.07571991960207662;0.08869531821788319
2022-02-01 13:00:00;0.09816407215602924;0.07915742957978872;0.0949962983933225
2022-02-01 14:00:00;0.07094837773723447;0.06017016107445294;0.06915200829343757
2022-02-01 15:00:00;0.04405992483677304;0.039509356989270154;0.04330149686218923
2022-02-01 16:00:00;0.027165923499562546;0.026086493483928736;0.02698601849695691
2022-02-01 17:00:00;0.028309797278921352;0.028309797278921352;0.028309797278921352
2022-02-01 18:00:00;0.023842996461331437;0.023842996461331437;0.023842996461331437
2022-02-01 19:00:00;0.01885351715067025;0.01885351715067025;0.01885351715067025
2022-02-01 20:00:00;0.019745774768128818;0.019745774768128818;0.019745774768128818
2022-02-01 21:00:00;0.01974766733688603;0.01974766733688603;0.01974766733688603
2022-02-01 22:00:00;0.01738644327350507;0.01738644327350507;0.01738644327350507
2022-02-01 23:00:00;0.012864595797231052;0.012864595797231052;0.012864595797231052
2022-02-02 00:00:00;0.017051882805872165;0.017051882805872165;0.017051882805872165
2022-02-02 01:00:00;0.013350411885871442;0.013350411885871442;0.013350411885871442
2022-02-02 02:00:00;0.012256685618242306;0.012256685618242306;0.012256685618242306
2022-02-02 03:00:00;0.014525317959948771;0.014525317959948771;0.014525317959948771
2022-02-02 04:00:00;0.016875992548672898;0.016875992548672898;0.016875992548672898
2022-02-02 05:00:00;0.030171301135710885;0.030171301135710885;0.030171301135710885
2022-02-02 06:00:00;0.03359674511544791;0.03359674511544791;0.03359674511544791
2022-02-02 07:00:00;0.03487240643169915;0.03460097336595979;0.03482716758740926
2022-02-02 08:00:00;0.0386242451708844;0.0369767706798835;0.03834966608905092
2022-02-02 09:00:00;0.05223482045058512;0.04793323093180814;0.05151788886412229
2022-02-02 10:00:00;0.06450531202365149;0.05735513965450554;0.06331361662879384
2022-02-02 11:00:00;0.07933312955773514;0.07040752658394538;0.07784552906210351
2022-02-02 12:00:00;0.09891517000965325;0.08507847179268138;0.09660905364015794
2022-02-02 13:00:00;0.10190869239141682;0.0870763355074011;0.09943663291074756
2022-02-02 14:00:00;0.08962465530807336;0.07838068737938542;0.08775066065329204
2022-02-02 15:00:00;0.06048043649489308;0.05511970176082503;0.05958698070588175
2022-02-02 16:00:00;0.045882974030807;0.045129278074532625;0.0457573580380946
2022-02-02 17:00:00;0.04434740715856314;0.04434740715856314;0.04434740715856314
2022-02-02 18:00:00;0.037639692811922365;0.037639692811922365;0.037639692811922365
2022-02-02 19:00:00;0.03763955880711603;0.03763955880711603;0.03763955880711603
2022-02-02 20:00:00;0.01641880080453985;0.01641880080453985;0.01641880080453985
2022-02-02 21:00:00;0.014648558011804607;0.014648558011804607;0.014648558011804607
2022-02-02 22:00:00;0.014970242560231708;0.014970242560231708;0.014970242560231708
2022-02-02 23:00:00;0.013464617981256739;0.013464617981256739;0.013464617981256739
2022-02-03 00:00:00;0.013164479439813933;0.013164479439813933;0.013164479439813933
2022-02-03 01:00:00;0.011372559754944868;0.011372559754944868;0.011372559754944868
2022-02-03 02:00:00;0.012742981193352316;0.012742981193352316;0.012742981193352316
2022-02-03 03:00:00;0.012734852104231748;0.012734852104231748;0.012734852104231748
2022-02-03 04:00:00;0.01293416632057293;0.01293416632057293;0.01293416632057293
2022-02-03 05:00:00;0.013068082653782448;0.013068082653782448;0.013068082653782448
2022-02-03 06:00:00;0.020776095323432175;0.020776095323432175;0.020776095323432175
2022-02-03 07:00:00;0.018121233577167096;0.017761207390785648;0.01806122921277019
2022-02-03 08:00:00;0.02930392486311797;0.0275262449877879;0.029007644883896292
2022-02-03 09:00:00;0.0412036403846154;0.03661419510978635;0.040438732838810554
2022-02-03 10:00:00;0.05648147998464482;0.04934322457253039;0.05529177074929242
2022-02-03 11:00:00;0.05828971254860755;0.05059043473284635;0.05700649957931403
2022-02-03 12:00:00;0.0725317240283403;0.06241020499643923;0.07084480418969012
2022-02-03 13:00:00;0.06644081963825933;0.058810471631456494;0.06516909497045888
2022-02-03 14:00:00;0.048689189550686;0.04431041376350962;0.047959393586156605
2022-02-03 15:00:00;0.039665690859308975;0.03760426423228298;0.03932211975480464
2022-02-03 16:00:00;0.025302089301821016;0.024795349632554427;0.025217632690276586
2022-02-03 17:00:00;0.024895831350322417;0.024895831350322417;0.024895831350322417
2022-02-03 18:00:00;0.026104494802213978;0.026104494802213978;0.026104494802213978
2022-02-03 19:00:00;0.022801508407456768;0.022801508407456768;0.022801508407456768
2022-02-03 20:00:00;0.023336403792886443;0.023336403792886443;0.023336403792886443
2022-02-03 21:00:00;0.020121193515899815;0.020121193515899815;0.020121193515899815
2022-02-03 22:00:00;0.018534746910292912;0.018534746910292912;0.018534746910292912
2022-02-03 23:00:00;0.014306145206313122;0.014306145206313122;0.014306145206313122
2022-02-04 00:00:00;0.017537026065030197;0.017537026065030197;0.017537026065030197
2022-02-04 01:00:00;0.012495048706569362;0.012495048706569362;0.012495048706569362
2022-02-04 02:00:00;0.014405988671015574;0.014405988671015574;0.014405988671015574
2022-02-04 03:00:00;0.014322772669505863;0.014322772669505863;0.014322772669505863
2022-02-04 04:00:00;0.01232408614391375;0.01232408614391375;0.01232408614391375
2022-02-04 05:00:00;0.012115813699324511;0.012115813699324511;0.012115813699324511
2022-02-04 06:00:00;0.012240023368407231;0.012240023368407231;0.012240023368407231
2022-02-04 07:00:00;0.013637642261272629;0.01345352247142108;0.013606955629630702
2022-02-04 08:00:00;0.014672035500109364;0.013533466420269098;0.014482273986802654
2022-02-04 09:00:00;0.02733743747906695;0.023866697788609895;0.026758980863990773
2022-02-04 10:00:00;0.041315980569246326;0.03541805811300901;0.04033299349320678
2022-02-04 11:00:00;0.046323968024426024;0.03986789473762388;0.045247955809959
2022-02-04 12:00:00;0.04260080264938275;0.0376070202116949;0.041768505576434786
2022-02-04 13:00:00;0.038511909589906655;0.034209410594732044;0.03779482642404422
2022-02-04 14:00:00;0.03196376796928946;0.029196811666344417;0.03150260858546529
2022-02-04 15:00:00;0.026831616236468885;0.02543979397844528;0.02659964586013162
2022-02-04 16:00:00;0.01713737162231888;0.01673398168479618;0.0170701399660651
2022-02-04 17:00:00;0.014826678021703774;0.014826678021703774;0.014826678021703774
2022-02-04 18:00:00;0.013518491871284028;0.013518491871284028;0.013518491871284028
2022-02-04 19:00:00;0.012768214124026529;0.012768214124026529;0.012768214124026529
2022-02-04 20:00:00;0.0180309757650886;0.0180309757650886;0.0180309757650886
2022-02-04 21:00:00;0.016684272011306484;0.016684272011306484;0.016684272011306484
2022-02-04 22:00:00;0.013075799663513283;0.013075799663513283;0.013075799663513283
2022-02-04 23:00:00;0.01279928526968756;0.01279928526968756;0.01279928526968756
2022-02-05 00:00:00;0.011199337918433193;0.011199337918433193;0.011199337918433193
2022-02-05 01:00:00;0.010786779269638745;0.010786779269638745;0.010786779269638745
2022-02-05 02:00:00;0.012555731151414765;0.012555731151414765;0.012555731151414765
2022-02-05 03:00:00;0.012556231453903827;0.012556231453903827;0.012556231453903827
2022-02-05 04:00:00;0.010641159883066931;0.010641159883066931;0.010641159883066931
2022-02-05 05:00:00;0.012107733875323372;0.012107733875323372;0.012107733875323372
2022-02-05 06:00:00;0.011608276102985083;0.011608276102985083;0.011608276102985083
2022-02-05 07:00:00;0.009957455259098935;0.00943248178392478;0.009869959679903242
2022-02-05 08:00:00;0.026496629597000394;0.022108890337697137;0.025765339720449858
2022-02-05 09:00:00;0.04164188801654032;0.03436478251936286;0.04042903710034408
2022-02-05 10:00:00;0.060518098005133705;0.050488839002168336;0.058846554837972825
2022-02-05 11:00:00;0.0740751024780613;0.06236501425371437;0.07212342110733681
2022-02-05 12:00:00;0.0851931949813954;0.07233336812658377;0.08304989050559346
2022-02-05 13:00:00;0.08804839798896412;0.07457137272211717;0.08580222711115632
2022-02-05 14:00:00;0.07395668026755801;0.06314885671623917;0.0721553763423382
2022-02-05 15:00:00;0.0534996815536655;0.04544767375696048;0.05215768025421467
2022-02-05 16:00:00;0.033792372635864903;0.0322523145047475;0.033535696280678665
2022-02-05 17:00:00;0.030012917722306208;0.030012917722306208;0.030012917722306208
2022-02-05 18:00:00;0.024399260789634402;0.024399260789634402;0.024399260789634402
2022-02-05 19:00:00;0.01875454343592561;0.01875454343592561;0.01875454343592561
2022-02-05 20:00:00;0.011498326754580434;0.011498326754580434;0.011498326754580434
2022-02-05 21:00:00;0.0060980154656485736;0.0060980154656485736;0.0060980154656485736
2022-02-05 22:00:00;0.006741368214547393;0.006741368214547393;0.006741368214547393
2022-02-05 23:00:00;0.0067341736126217315;0.0067341736126217315;0.0067341736126217315
2022-02-06 00:00:00;0.006048450641279824;0.006048450641279824;0.006048450641279824
2022-02-06 01:00:00;0.0051714763293812475;0.0051714763293812475;0.0051714763293812475
2022-02-06 02:00:00;0.005158338173536163;0.005158338173536163;0.005158338173536163
2022-02-06 03:00:00;0.004913400983196991;0.004913400983196991;0.004913400983196991
2022-02-06 04:00:00;0.0034695524401256923;0.0034695524401256923;0.0034695524401256923
2022-02-06 05:00:00;0.0037263874731910058;0.0037263874731910058;0.0037263874731910058
2022-02-06 06:00:00;0.003338599049686114;0.003338599049686114;0.003338599049686114
2022-02-06 07:00:00;0.004066711718151241;0.0036405375492343096;0.003995682689998419
2022-02-06 08:00:00;0.009812177154985561;0.008094739013121788;0.009525937464674934
2022-02-06 09:00:00;0.01715724567998741;0.014010340441767855;0.016632761473617485
2022-02-06 10:00:00;0.02382781509485274;0.019450370550789096;0.023098241004175464
2022-02-06 11:00:00;0.029830896165734762;0.024665199164024796;0.028969946665449768
2022-02-06 12:00:00;0.030164898698988696;0.02491561020634037;0.02929001728354731
2022-02-06 13:00:00;0.03657148197039188;0.030389085870162907;0.03554108262035373
2022-02-06 14:00:00;0.03248554588149853;0.02785035794786903;0.03171301455922695
2022-02-06 15:00:00;0.020262665982264807;0.017996059525676032;0.01988489823950001
2022-02-06 16:00:00;0.013075553708812436;0.01243642051715953;0.01296903151020362
2022-02-06 17:00:00;0.010393049152902045;0.010393049152902045;0.010393049152902045
2022-02-06 18:00:00;0.00991922601236203;0.00991922601236203;0.00991922601236203
2022-02-06 19:00:00;0.009927262751044608;0.009927262751044608;0.009927262751044608
2022-02-06 20:00:00;0.008741354567578725;0.008741354567578725;0.008741354567578725
2022-02-06 21:00:00;0.010481007180762242;0.010481007180762242;0.010481007180762242
2022-02-06 22:00:00;0.0106345261109184;0.0106345261109184;0.0106345261109184
2022-02-06 23:00:00;0.010636799433342793;0.010636799433342793;0.010636799433342793
2022-02-07 00:00:00;0.010799927082347014;0.010799927082347014;0.010799927082347014
2022-02-07 01:00:00;0.010077544999918742;0.010077544999918742;0.010077544999918742
2022-02-07 02:00:00;0.011225475590518647;0.011225475590518647;0.011225475590518647
2022-02-07 03:00:00;0.011402261377173996;0.011402261377173996;0.011402261377173996
2022-02-07 04:00:00;0.010044353953671946;0.010044353953671946;0.010044353953671946
2022-02-07 05:00:00;0.010538582784816843;0.010538582784816843;0.010538582784816843
2022-02-07 06:00:00;0.009445884780212131;0.009445884780212131;0.009445884780212131
2022-02-07 07:00:00;0.009530098621552657;0.008835392445544495;0.00941431425888463
2022-02-07 08:00:00;0.020885402814783224;0.01729019956683661;0.02028620227345879
2022-02-07 09:00:00;0.03441745193983128;0.02782345409464531;0.033318452298966954
2022-02-07 10:00:00;0.047722382537149284;0.038929933179193764;0.04625697431082337
2022-02-07 11:00:00;0.07290491017782498;0.059184697374475743;0.07061820804393344
2022-02-07 12:00:00;0.10404658104600585;0.08400071490306774;0.10070560335551618
2022-02-07 13:00:00;0.09544851533466768;0.07669804430355752;0.09232343682948266
2022-02-07 14:00:00;0.08264618985004402;0.06688308374560709;0.08001900549930456
2022-02-07 15:00:00;0.053170376725604006;0.043257260160043304;0.05151819063134389
2022-02-07 16:00:00;0.024077127604629506;0.021796452180518705;0.023697015033944373
2022-02-07 17:00:00;0.02142673256404733;0.021256633567933187;0.02139838273136164
2022-02-07 18:00:00;0.020961106397580035;0.020961106397580035;0.020961106397580035
2022-02-07 19:00:00;0.0218185072348785;0.0218185072348785;0.0218185072348785
2022-02-07 20:00:00;0.01890137987095445;0.01890137987095445;0.01890137987095445
2022-02-07 21:00:00;0.018000367573450828;0.018000367573450828;0.018000367573450828
2022-02-07 22:00:00;0.0179987437677223;0.0179987437677223;0.0179987437677223
2022-02-07 23:00:00;0.01933677266987689;0.01933677266987689;0.01933677266987689
2022-02-08 00:00:00;0.01790659568661236;0.01790659568661236;0.01790659568661236
2022-02-08 01:00:00;0.01378579588607341;0.01378579588607341;0.01378579588607341
2022-02-08 02:00:00;0.015693230777832284;0.015693230777832284;0.015693230777832284
2022-02-08 03:00:00;0.015685179640243827;0.015685179640243827;0.015685179640243827
2022-02-08 04:00:00;0.014408482168768645;0.014408482168768645;0.014408482168768645
2022-02-08 05:00:00;0.01680533289409919;0.01680533289409919;0.01680533289409919
2022-02-08 06:00:00;0.013405918730720823;0.013405918730720823;0.013405918730720823
2022-02-08 07:00:00;0.012558574936039785;0.010974633979243156;0.012294584776573681
2022-02-08 08:00:00;0.02770168364093196;0.024183080591760348;0.02711524979940336
2022-02-08 09:00:00;0.04542103338485245;0.03829727656907286;0.04423374058222252
2022-02-08 10:00:00;0.06102044960076134;0.051436758038559224;0.05942316767372765
2022-02-08 11:00:00;0.06695646706125656;0.056613420610325205;0.06523262598610134
2022-02-08 12:00:00;0.0935744168801834;0.07741092173180031;0.09088050102211957
2022-02-08 13:00:00;0.08186962613009459;0.06723666519188694;0.07943079930705998
2022-02-08 14:00:00;0.052620930047729865;0.04452981609928856;0.05127241105632298
2022-02-08 15:00:00;0.033463986614952056;0.028121324171132195;0.03257354287431541
2022-02-08 16:00:00;0.017021812431908992;0.015413753749626488;0.01675380265152858
2022-02-08 17:00:00;0.015275355597777391;0.015275355597777391;0.015275355597777391
2022-02-08 18:00:00;0.01515107287692346;0.01515107287692346;0.01515107287692346
2022-02-08 19:00:00;0.013838677153968002;0.013838677153968002;0.013838677153968002
2022-02-08 20:00:00;0.013435731005378648;0.013435731005378648;0.013435731005378648
2022-02-08 21:00:00;0.012559979236615686;0.012559979236615686;0.012559979236615686
2022-02-08 22:00:00;0.01256145619596452;0.01256145619596452;0.01256145619596452
2022-02-08 23:00:00;0.014539896764354744;0.014539896764354744;0.014539896764354744
2022-02-09 00:00:00;0.013371607300293905;0.013371607300293905;0.013371607300293905
2022-02-09 01:00:00;0.013242964286655862;0.013242964286655862;0.013242964286655862
2022-02-09 02:00:00;0.01270756675330689;0.01270756675330689;0.01270756675330689
2022-02-09 03:00:00;0.015463802394949402;0.015463802394949402;0.015463802394949402
2022-02-09 04:00:00;0.012503797543449251;0.012503797543449251;0.012503797543449251
2022-02-09 05:00:00;0.010962035062726826;0.010962035062726826;0.010962035062726826
2022-02-09 06:00:00;0.010890569868931386;0.010890569868931386;0.010890569868931386
2022-02-09 07:00:00;0.005599246776241514;0.002099440165603122;0.00501594567446845
2022-02-09 08:00:00;0.04227028827158119;0.031817912630600395;0.040528225664751054
2022-02-09 09:00:00;0.070373908274412;0.055708180836514486;0.06792962036809577
2022-02-09 10:00:00;0.09826195204997504;0.077232929693337;0.09475711499053535
2022-02-09 11:00:00;0.1331550479851841;0.10602888843033875;0.12863402139270988
2022-02-09 12:00:00;0.12100554490309758;0.09861690707949353;0.11727410526583024
2022-02-09 13:00:00;0.12404378880284889;0.10200591916383499;0.1203708105296799
2022-02-09 14:00:00;0.09505542233722668;0.08200881328972062;0.09288098749597568
2022-02-09 15:00:00;0.0751076583448969;0.06281696794075327;0.0730592099442063
2022-02-09 16:00:00;0.027285757841583835;0.02296836991044118;0.0265661931863934
2022-02-09 17:00:00;0.026733967495715872;0.026733967495715872;0.026733967495715872
2022-02-09 18:00:00;0.021323870212185292;0.021323870212185292;0.021323870212185292
2022-02-09 19:00:00;0.026620056894245174;0.026620056894245174;0.026620056894245174
2022-02-09 20:00:00;0.0207280370738307;0.0207280370738307;0.0207280370738307
2022-02-09 21:00:00;0.0190711328607056;0.0190711328607056;0.0190711328607056
2022-02-09 22:00:00;0.015981351342341642;0.015981351342341642;0.015981351342341642
2022-02-09 23:00:00;0.016570838302212614;0.016570838302212614;0.016570838302212614
2022-02-10 00:00:00;0.014026833273149951;0.014026833273149951;0.014026833273149951
2022-02-10 01:00:00;0.012491771782045231;0.012491771782045231;0.012491771782045231
2022-02-10 02:00:00;0.015279522402899079;0.015279522402899079;0.015279522402899079
2022-02-10 03:00:00;0.01482816510488513;0.01482816510488513;0.01482816510488513
2022-02-10 04:00:00;0.01658678471521078;0.01658678471521078;0.01658678471521078
2022-02-10 05:00:00;0.017192458997726565;0.017192458997726565;0.017192458997726565
2022-02-10 06:00:00;0.014944326467838035;0.014944326467838035;0.014944326467838035
2022-02-10 07:00:00;0.01392083516559406;0.013017599881095127;0.013770295951510905
2022-02-10 08:00:00;0.038960062261692845;0.03082500721151566;0.03760421975332998
2022-02-10 09:00:00;0.06473166763536847;0.052311946517215414;0.0626617141156763
2022-02-10 10:00:00;0.09427514838282891;0.07581283895947641;0.09119809681227017
2022-02-10 11:00:00;0.04889954802317406;0.04297163779311977;0.04791156298483167
2022-02-10 12:00:00;0.053456006373504845;0.0474651858624978;0.05245753628833701
2022-02-10 13:00:00;0.055700388279739936;0.04847555261381422;0.05449624900208565
2022-02-10 14:00:00;0.055046224800700545;0.04729544124826987;0.0537544275419621
2022-02-10 15:00:00;0.037940796079618276;0.033937401714920525;0.037273563685501984
2022-02-10 16:00:00;0.027326566941554074;0.026097159719876653;0.027121665737941173
2022-02-10 17:00:00;0.03141852127463428;0.03141852127463428;0.03141852127463428
2022-02-10 18:00:00;0.029921482397150142;0.029921482397150142;0.029921482397150142
2022-02-10 19:00:00;0.026937007820122757;0.026937007820122757;0.026937007820122757
2022-02-10 20:00:00;0.029818109711577712;0.029818109711577712;0.029818109711577712
2022-02-10 21:00:00;0.05437353021585031;0.05437353021585031;0.05437353021585031
2022-02-10 22:00:00;0.04474253660138705;0.04474253660138705;0.04474253660138705
2022-02-10 23:00:00;0.030429676562151523;0.030429676562151523;0.030429676562151523
2022-02-11 00:00:00;0.025519883103634653;0.025519883103634653;0.025519883103634653
2022-02-11 01:00:00;0.026057028130961064;0.026057028130961064;0.026057028130961064
2022-02-11 02:00:00;0.02934461085071772;0.02934461085071772;0.02934461085071772
2022-02-11 03:00:00;0.023137396738706507;0.023137396738706507;0.023137396738706507
2022-02-11 04:00:00;0.02454499360630081;0.02454499360630081;0.02454499360630081
2022-02-11 05:00:00;0.02113074442039933;0.02113074442039933;0.02113074442039933
2022-02-11 06:00:00;0.02147590220115296;0.02147590220115296;0.02147590220115296
2022-02-11 07:00:00;0.021618945975661767;0.02088131249292003;0.021496007061871478
2022-02-11 08:00:00;0.03086094941158099;0.027397241803667313;0.030283664810262043
2022-02-11 09:00:00;0.04482896938287619;0.03959442413708108;0.04395654517524367
2022-02-11 10:00:00;0.05879856665255726;0.05116178308391666;0.057525769391117164
2022-02-11 11:00:00;0.0641146901550018;0.05845806227898819;0.06317191884233288
2022-02-11 12:00:00;0.07613422414309977;0.06712448844698461;0.07463260152708058
2022-02-11 13:00:00;0.10703374345089377;0.09339754525466647;0.10476104375152255
2022-02-11 14:00:00;0.0988803736550879;0.08919568159705721;0.09726625831208278
2022-02-11 15:00:00;0.07809776620811591;0.07307706026323343;0.07726098188396884
2022-02-11 16:00:00;0.05206873536232034;0.05029690381755372;0.05177343010485923
2022-02-11 17:00:00;0.06204946061199779;0.06204946061199779;0.06204946061199779
2022-02-11 18:00:00;0.05442536891908859;0.05442536891908859;0.05442536891908859
2022-02-11 19:00:00;0.027930698525005033;0.027930698525005033;0.027930698525005033
2022-02-11 20:00:00;0.015100083218890132;0.015100083218890132;0.015100083218890132
2022-02-11 21:00:00;0.014736418847378094;0.014736418847378094;0.014736418847378094
2022-02-11 22:00:00;0.015963764575071728;0.015963764575071728;0.015963764575071728
2022-02-11 23:00:00;0.01828087112000913;0.01828087112000913;0.01828087112000913
2022-02-12 00:00:00;0.019621796682411947;0.019621796682411947;0.019621796682411947
2022-02-12 01:00:00;0.01799548912248527;0.01799548912248527;0.01799548912248527
2022-02-12 02:00:00;0.016168920322648342;0.016168920322648342;0.016168920322648342
2022-02-12 03:00:00;0.016105730962172913;0.016105730962172913;0.016105730962172913
2022-02-12 04:00:00;0.01604709887543217;0.01604709887543217;0.01604709887543217
2022-02-12 05:00:00;0.017792549067390532;0.017792549067390532;0.017792549067390532
2022-02-12 06:00:00;0.01593704812467094;0.01593704812467094;0.01593704812467094
2022-02-12 07:00:00;0.013979206237233479;0.013259011591709818;0.013859173796312869
2022-02-12 08:00:00;0.01936717702702831;0.017682191667545998;0.01908634613378126
2022-02-12 09:00:00;0.029738705592840062;0.02618708502694334;0.029146768831857274
2022-02-12 10:00:00;0.03774975592525938;0.03298417031460336;0.03695549165681671
2022-02-12 11:00:00;0.04313957661324731;0.038504677788446455;0.042367093475780514
2022-02-12 12:00:00;0.038676508334594344;0.03535016133338256;0.03812211716772571
2022-02-12 13:00:00;0.028957194265345217;0.0274085873267693;0.0286990931089159
2022-02-12 14:00:00;0.03478563831430936;0.030849931615922227;0.034129687197911505
2022-02-12 15:00:00;0.03107527587747608;0.02834507561422651;0.030620242500267823
2022-02-12 16:00:00;0.028156942649350484;0.02735682991100797;0.028023590526293402
2022-02-12 17:00:00;0.02865665846323149;0.02857810505347255;0.028643566228271664
2022-02-12 18:00:00;0.02100927418378056;0.02100927418378056;0.02100927418378056
2022-02-12 19:00:00;0.020024093454816164;0.020024093454816164;0.020024093454816164
2022-02-12 20:00:00;0.02072799464462393;0.02072799464462393;0.02072799464462393
2022-02-12 21:00:00;0.018081520190388837;0.018081520190388837;0.018081520190388837
2022-02-12 22:00:00;0.016857387031816357;0.016857387031816357;0.016857387031816357
2022-02-12 23:00:00;0.013608092078348915;0.013608092078348915;0.013608092078348915
2022-02-13 00:00:00;0.013846975514601522;0.013846975514601522;0.013846975514601522
2022-02-13 01:00:00;0.0096872264032711;0.0096872264032711;0.0096872264032711
2022-02-13 02:00:00;0.009930293468960127;0.009930293468960127;0.009930293468960127
2022-02-13 03:00:00;0.008158367118519864;0.008158367118519864;0.008158367118519864
2022-02-13 04:00:00;0.011267516936603252;0.011267516936603252;0.011267516936603252
2022-02-13 05:00:00;0.008959669624858694;0.008959669624858694;0.008959669624858694
2022-02-13 06:00:00;0.008016263278143325;0.008016263278143325;0.008016263278143325
2022-02-13 07:00:00;0.010943562904274977;0.010075597085259635;0.010798901934439087
2022-02-13 08:00:00;0.020715796736590533;0.017871743051765077;0.02024178778911963
2022-02-13 09:00:00;0.036048847651399506;0.030026536772001105;0.035045129171499774
2022-02-13 10:00:00;0.04962700964117631;0.04136155913679903;0.04824943455711344
2022-02-13 11:00:00;0.05798069436536319;0.04871720719250195;0.05643677983655299
2022-02-13 12:00:00;0.06377180245399039;0.05319470190582897;0.06200895236263015
2022-02-13 13:00:00;0.06744305203506094;0.05562667036042933;0.06547365508928901
2022-02-13 14:00:00;0.06866482967130888;0.056344834579007304;0.06661149715592528
2022-02-13 15:00:00;0.04667848249588071;0.03694551864267945;0.045056321853680505
2022-02-13 16:00:00;0.022940139945466554;0.020048698912771976;0.022458233106684128
2022-02-13 17:00:00;0.01676609105041737;0.01666118620431868;0.016748606909400922
2022-02-13 18:00:00;0.019313632889309786;0.019313632889309786;0.019313632889309786
2022-02-13 19:00:00;0.015231563250531991;0.015231563250531991;0.015231563250531991
2022-02-13 20:00:00;0.010275802534144219;0.010275802534144219;0.010275802534144219
2022-02-13 21:00:00;0.012729377537548776;0.012729377537548776;0.012729377537548776
2022-02-13 22:00:00;0.009315618517479096;0.009315618517479096;0.009315618517479096
2022-02-13 23:00:00;0.010746494666996132;0.010746494666996132;0.010746494666996132
2022-02-14 00:00:00;0.010857894622259175;0.010857894622259175;0.010857894622259175
2022-02-14 01:00:00;0.011551911818511661;0.011551911818511661;0.011551911818511661
2022-02-14 02:00:00;0.010935114806091958;0.010935114806091958;0.010935114806091958
2022-02-14 03:00:00;0.010085114012441903;0.010085114012441903;0.010085114012441903
2022-02-14 04:00:00;0.009547811021588037;0.009547811021588037;0.009547811021588037
2022-02-14 05:00:00;0.00910562705147953;0.00910562705147953;0.00910562705147953
2022-02-14 06:00:00;0.007644049997939194;0.007644049997939194;0.007644049997939194
2022-02-14 07:00:00;0.007745854538697888;0.006980049849112352;0.007618220423766967
2022-02-14 08:00:00;0.013642669104858465;0.011592670864230239;0.013301002731420427
2022-02-14 09:00:00;0.030244736607761377;0.025324438973927242;0.029424687002122352
2022-02-14 10:00:00;0.054252839373941646;0.04489912706371772;0.052693887322237655
2022-02-14 11:00:00;0.06955994901157751;0.057028947211372215;0.06747144871154331
2022-02-14 12:00:00;0.08642392863977519;0.0709336301292951;0.08384221222136184
2022-02-14 13:00:00;0.0936301957876762;0.0759133301198974;0.09067738484304642
2022-02-14 14:00:00;0.0761649986083797;0.06381803176444316;0.07410717080105696
2022-02-14 15:00:00;0.0562215319741483;0.04726210757039261;0.054728294573522344
2022-02-14 16:00:00;0.029346869772222298;0.025975560985535294;0.028784984974441128
2022-02-14 17:00:00;0.020801805059110584;0.02070745385446412;0.020786079858336172
2022-02-14 18:00:00;0.017823593083544323;0.017823593083544323;0.017823593083544323
2022-02-14 19:00:00;0.014460947018776125;0.014460947018776125;0.014460947018776125
2022-02-14 20:00:00;0.01079841361445842;0.01079841361445842;0.01079841361445842
2022-02-14 21:00:00;0.013096434109117932;0.013096434109117932;0.013096434109117932
2022-02-14 22:00:00;0.012959663155296806;0.012959663155296806;0.012959663155296806
2022-02-14 23:00:00;0.010908310260698497;0.010908310260698497;0.010908310260698497
2022-02-15 00:00:00;0.009309388952453193;0.009309388952453193;0.009309388952453193
2022-02-15 01:00:00;0.0073545282102373015;0.0073545282102373015;0.0073545282102373015
2022-02-15 02:00:00;0.008380554070899366;0.008380554070899366;0.008380554070899366
2022-02-15 03:00:00;0.009592614877575754;0.009592614877575754;0.009592614877575754
2022-02-15 04:00:00;0.007679304469555172;0.007679304469555172;0.007679304469555172
2022-02-15 05:00:00;0.0067603116950063465;0.0067603116950063465;0.0067603116950063465
2022-02-15 06:00:00;0.004527414743428447;0.004458141084126845;0.004515869133544847
2022-02-15 07:00:00;0.005603907306757631;0.003633467951186675;0.0052755007474958055
2022-02-15 08:00:00;0.02740243771881358;0.021304132724784607;0.026386053553142084
2022-02-15 09:00:00;0.05516455455488057;0.04321108887522007;0.05317231027493715
2022-02-15 10:00:00;0.08496125556895867;0.0696917868238053;0.08241634411143313
2022-02-15 11:00:00;0.09755889078200972;0.08201525557126248;0.09496828491355185
2022-02-15 12:00:00;0.10722104539387947;0.09037215188042033;0.10441289647496962
2022-02-15 13:00:00;0.10251329233379773;0.08716114504376551;0.09995460111879237
2022-02-15 14:00:00;0.07999383118604399;0.06867921863117943;0.0781080624268999
2022-02-15 15:00:00;0.06534657640917746;0.05558128373556487;0.06371902763024204
2022-02-15 16:00:00;0.03804995164201854;0.034927580570674535;0.037529556463461206
2022-02-15 17:00:00;0.02235732528619294;0.022254256072168545;0.022340147083855542
2022-02-15 18:00:00;0.02005958283579894;0.02005958283579894;0.02005958283579894
2022-02-15 19:00:00;0.015761611917861382;0.015761611917861382;0.015761611917861382
2022-02-15 20:00:00;0.00969692790210511;0.00969692790210511;0.00969692790210511
2022-02-15 21:00:00;0.007621239843732876;0.007621239843732876;0.007621239843732876
2022-02-15 22:00:00;0.0069605075986240465;0.0069605075986240465;0.0069605075986240465
2022-02-15 23:00:00;0.0074559204024022135;0.0074559204024022135;0.0074559204024022135
2022-02-16 00:00:00;0.005166297464594804;0.005166297464594804;0.005166297464594804
2022-02-16 01:00:00;0.005399152624177183;0.005399152624177183;0.005399152624177183
2022-02-16 02:00:00;0.005154717452027455;0.005154717452027455;0.005154717452027455
2022-02-16 03:00:00;0.005157808296373064;0.005157808296373064;0.005157808296373064
2022-02-16 04:00:00;0.004899080259496673;0.004899080259496673;0.004899080259496673
2022-02-16 05:00:00;0.004910970958948341;0.004910970958948341;0.004910970958948341
2022-02-16 06:00:00;0.006101211965039117;0.006101211965039117;0.006101211965039117
2022-02-16 07:00:00;0.006746881797472111;0.0062123717755906945;0.0066577967938252075
2022-02-16 08:00:00;0.01279425883731576;0.011003179130456122;0.012495745552839154
2022-02-16 09:00:00;0.01976956502713535;0.017032179154760664;0.019313334048406235
2022-02-16 10:00:00;0.045801307542374665;0.03823818321696681;0.04454078682147337
2022-02-16 11:00:00;0.0669162736858158;0.055352016349240876;0.06498889746305334
2022-02-16 12:00:00;0.11287438958080179;0.0930059811989866;0.1095629881838326
2022-02-16 13:00:00;0.10620107866970999;0.09050006624292838;0.10358424326524639
2022-02-16 14:00:00;0.09959665800916519;0.08530130348677921;0.09721409892210087
2022-02-16 15:00:00;0.06123117985008006;0.052556769319355046;0.059785444761625894
2022-02-16 16:00:00;0.053643928691938694;0.05180559977443593;0.05333754053902157
2022-02-16 17:00:00;0.051143954087696425;0.05100281306286926;0.051120430583558564
2022-02-16 18:00:00;0.05363389626789264;0.05363389626789264;0.05363389626789264
2022-02-16 19:00:00;0.06282528756022243;0.06282528756022243;0.06282528756022243
2022-02-16 20:00:00;0.056853292699231416;0.056853292699231416;0.056853292699231416
2022-02-16 21:00:00;0.06176104307367478;0.06176104307367478;0.06176104307367478
2022-02-16 22:00:00;0.06922251104307117;0.06922251104307117;0.06922251104307117
2022-02-16 23:00:00;0.05795843031499597;0.05795843031499597;0.05795843031499597
2022-02-17 00:00:00;0.03782864907112976;0.03782864907112976;0.03782864907112976
2022-02-17 01:00:00;0.039614622844205874;0.039614622844205874;0.039614622844205874
2022-02-17 02:00:00;0.03695541431199804;0.03695541431199804;0.03695541431199804
2022-02-17 03:00:00;0.03173393581525293;0.03173393581525293;0.03173393581525293
2022-02-17 04:00:00;0.031911137998407335;0.031911137998407335;0.031911137998407335
2022-02-17 05:00:00;0.028295162555294576;0.028295162555294576;0.028295162555294576
2022-02-17 06:00:00;0.027739683388497992;0.027739683388497992;0.027739683388497992
2022-02-17 07:00:00;0.02226124292644923;0.021645969077591636;0.02215869728497296
2022-02-17 08:00:00;0.022781741398666427;0.02121452051463958;0.022520537917995288
2022-02-17 09:00:00;0.025857688987522675;0.023393150171745886;0.025446932518226544
2022-02-17 10:00:00;0.03197949452024828;0.028254093949129533;0.03135859442506182
2022-02-17 11:00:00;0.03564206170346123;0.031145041930442454;0.0348925584079581
2022-02-17 12:00:00;0.022103475412923592;0.020154491377420942;0.021778644740339814
2022-02-17 13:00:00;0.023221157847349707;0.0209227241578229;0.022838085565761907
2022-02-17 14:00:00;0.024741342096821856;0.022403569180142545;0.024351713277375307
2022-02-17 15:00:00;0.020074741455951686;0.01828998922488876;0.019777282750774533
2022-02-17 16:00:00;0.016404915066513533;0.015889097624725023;0.016318945492882115
2022-02-17 17:00:00;0.017713165598114814;0.017713165598114814;0.017713165598114814
2022-02-17 18:00:00;0.017386293086835196;0.017386293086835196;0.017386293086835196
2022-02-17 19:00:00;0.010824725912019786;0.010824725912019786;0.010824725912019786
2022-02-17 20:00:00;0.01480483482886644;0.01480483482886644;0.01480483482886644
2022-02-17 21:00:00;0.014616134712919279;0.014616134712919279;0.014616134712919279
2022-02-17 22:00:00;0.012306204443907601;0.012306204443907601;0.012306204443907601
2022-02-17 23:00:00;0.014418576434860088;0.014418576434860088;0.014418576434860088
2022-02-18 00:00:00;0.014151261789849639;0.014151261789849639;0.014151261789849639
2022-02-18 01:00:00;0.013949041613985538;0.013949041613985538;0.013949041613985538
2022-02-18 02:00:00;0.013809621128601025;0.013809621128601025;0.013809621128601025
2022-02-18 03:00:00;0.013816321703372016;0.013816321703372016;0.013816321703372016
2022-02-18 04:00:00;0.016959020614077062;0.016959020614077062;0.016959020614077062
2022-02-18 05:00:00;0.016924220201684867;0.016924220201684867;0.016924220201684867
2022-02-18 06:00:00;0.013954192388718565;0.013954192388718565;0.013954192388718565
2022-02-18 07:00:00;0.016828606329982378;0.016264619037277002;0.016734608447864816
2022-02-18 08:00:00;0.024954658599416733;0.023146675404162053;0.024653328066874286
2022-02-18 09:00:00;0.0344560156860547;0.030339602073954787;0.03376994675070471
2022-02-18 10:00:00;0.05654621892065449;0.048222519222110564;0.05515893563756384
2022-02-18 11:00:00;0.08819329810804713;0.07399225211092307;0.08582645710852647
2022-02-18 12:00:00;0.09235910094366918;0.07896754393017698;0.09012717477475383
2022-02-18 13:00:00;0.09124188158904856;0.07858863096357925;0.08913300648480368
2022-02-18 14:00:00;0.07771242351635219;0.06749111558793532;0.0760088721949494
2022-02-18 15:00:00;;;
2022-02-18 16:00:00;0.036375483753665;0.03252393995101478;0.03573355978655663
2022-02-18 17:00:00;0.021339379583276356;0.021156138238205276;0.02130883935909784
2022-02-18 18:00:00;0.015191770911841655;0.015191770911841655;0.015191770911841655
2022-02-18 19:00:00;0.013724730845493362;0.013724730845493362;0.013724730845493362
2022-02-18 20:00:00;0.009635493564170148;0.009635493564170148;0.009635493564170148
2022-02-18 21:00:00;0.010162877868755606;0.010162877868755606;0.010162877868755606
2022-02-18 22:00:00;0.006072868024123549;0.006072868024123549;0.006072868024123549
2022-02-18 23:00:00;0.0061131469637425405;0.0061131469637425405;0.0061131469637425405
2022-02-19 00:00:00;0.0056683396673094764;0.0056683396673094764;0.0056683396673094764
2022-02-19 01:00:00;0.00523344267308593;0.00523344267308593;0.00523344267308593
2022-02-19 02:00:00;0.005221078449153672;0.005221078449153672;0.005221078449153672
2022-02-19 03:00:00;0.005444098445861469;0.005444098445861469;0.005444098445861469
2022-02-19 04:00:00;0.00524408521801676;0.00524408521801676;0.00524408521801676
2022-02-19 05:00:00;0.0060635507673596515;0.0060635507673596515;0.0060635507673596515
2022-02-19 06:00:00;0.006686844130053414;0.006686844130053414;0.006686844130053414
2022-02-19 07:00:00;0.00945343863958913;0.008897055799298914;0.009360708166207427
2022-02-19 08:00:00;0.014106777038166146;0.012646843770214014;0.013863454826840793
2022-02-19 09:00:00;0.02241533193089968;0.019206786816589057;0.02188057441184791
2022-02-19 10:00:00;0.033508149849279106;0.028429309046668672;0.03266167638217737
2022-02-19 11:00:00;0.04507142573618427;0.03782940369727366;0.04386442206303251
2022-02-19 12:00:00;0.03632496808083017;0.031223539355786614;0.03547472995998958
2022-02-19 13:00:00;0.0319279133569208;0.027787972181656448;0.031237923161043412
2022-02-19 14:00:00;0.033812211787469675;0.02846871394963897;0.032921628814497894
2022-02-19 15:00:00;0.029156775895986007;0.02532468711015233;0.02851809443168039
2022-02-19 16:00:00;0.018783567663064597;0.015041214253021557;0.01815984209472409
2022-02-19 17:00:00;0.002831273188156343;0.002289296395379247;0.002740943722693494
2022-02-19 18:00:00;0.011348160095779727;0.011348160095779727;0.011348160095779727
2022-02-19 19:00:00;0.023266146532648108;0.023266146532648108;0.023266146532648108
2022-02-19 20:00:00;0.02472622346644806;0.02472622346644806;0.02472622346644806
2022-02-19 21:00:00;0.02590068117233354;0.02590068117233354;0.02590068117233354
2022-02-19 22:00:00;0.023804999849567597;0.023804999849567597;0.023804999849567597
2022-02-19 23:00:00;0.016453275649597043;0.016453275649597043;0.016453275649597043
2022-02-20 00:00:00;0.020430178830054335;0.020430178830054335;0.020430178830054335
2022-02-20 01:00:00;0.013099432740921617;0.013099432740921617;0.013099432740921617
2022-02-20 02:00:00;0.011071215396367143;0.011071215396367143;0.011071215396367143
2022-02-20 03:00:00;0.007075733990540036;0.007075733990540036;0.007075733990540036
2022-02-20 04:00:00;0.007412205548855275;0.007412205548855275;0.007412205548855275
2022-02-20 05:00:00;0.005868896273442221;0.005868896273442221;0.005868896273442221
2022-02-20 06:00:00;0.0028725771603896493;0.002727529757676119;0.0028484025932707276
2022-02-20 07:00:00;0.008542848873683477;0.0064502855995306665;0.008194088327991343
2022-02-20 08:00:00;0.03497939390633072;0.026984810190587922;0.03364696328704026
2022-02-20 09:00:00;0.05884325500592192;0.04713222745780992;0.05689141708123658
2022-02-20 10:00:00;0.05037888454729871;0.04246629687997192;0.049060119936077576
2022-02-20 11:00:00;0.05374959564372964;0.04556573990100819;0.05238561968660941
2022-02-20 12:00:00;0.045976238096981314;0.04048447647092418;0.045060944492638456
2022-02-20 13:00:00;0.035790021415322795;0.0314366263366684;0.0350644555688804
2022-02-20 14:00:00;0.041046675262855395;0.03505476269760168;0.040048023168646446
2022-02-20 15:00:00;0.02497457280639709;0.022689956001075446;0.024593803338843482
2022-02-20 16:00:00;0.013370219943652317;0.012544581070416809;0.013232613464779731
2022-02-20 17:00:00;0.007232649989508543;0.00708086598029067;0.007207352654638896
2022-02-20 18:00:00;0.009646284964506535;0.009646284964506535;0.009646284964506535
2022-02-20 19:00:00;0.010216497133937432;0.010216497133937432;0.010216497133937432
2022-02-20 20:00:00;0.011383465135561264;0.011383465135561264;0.011383465135561264
2022-02-20 21:00:00;0.01192835089607125;0.01192835089607125;0.01192835089607125
2022-02-20 22:00:00;0.011514053199252111;0.011514053199252111;0.011514053199252111
2022-02-20 23:00:00;0.010213847095922894;0.010213847095922894;0.010213847095922894
2022-02-21 00:00:00;0.009699941903625267;0.009699941903625267;0.009699941903625267
2022-02-21 01:00:00;0.011009386192919102;0.011009386192919102;0.011009386192919102
2022-02-21 02:00:00;0.010631075186156292;0.010631075186156292;0.010631075186156292
2022-02-21 03:00:00;0.011362794932082173;0.011362794932082173;0.011362794932082173
2022-02-21 04:00:00;0.011738839320473583;0.011738839320473583;0.011738839320473583
2022-02-21 05:00:00;0.014852834395080988;0.014852834395080988;0.014852834395080988
2022-02-21 06:00:00;0.011726336781943125;0.011726336781943125;0.011726336781943125
2022-02-21 07:00:00;0.01826856948006104;0.01674806093997785;0.018015151390047175
2022-02-21 08:00:00;0.04686301139800123;0.03937819978422886;0.045615542795705843
2022-02-21 09:00:00;0.09329930531036752;0.07839249822663914;0.09081483746307946
2022-02-21 10:00:00;;;
2022-02-21 11:00:00;0.11286070961687299;0.09669910031936177;0.11016710806728779
2022-02-21 12:00:00;0.11957066676488559;0.1033968024308254;0.11687502270920891
2022-02-21 13:00:00;0.11005851186309042;0.09411475321367674;0.10740121875485481
2022-02-21 14:00:00;0.07945072324772348;0.07122125735729727;0.07807914559931912
2022-02-21 15:00:00;0.05844492974104526;0.054073203746668;0.05771630874198239
2022-02-21 16:00:00;0.046388119350536945;0.044664903608000725;0.04610091672678091
2022-02-21 17:00:00;0.031223419774798474;0.03099916747410242;0.03118604439134913
2022-02-21 18:00:00;0.03116740973651275;0.03116740973651275;0.03116740973651275
2022-02-21 19:00:00;0.03479122807557393;0.03479122807557393;0.03479122807557393
2022-02-21 20:00:00;0.02741668552532306;0.02741668552532306;0.02741668552532306
2022-02-21 21:00:00;0.02095701765662453;0.02095701765662453;0.02095701765662453
2022-02-21 22:00:00;0.02608280301528484;0.02608280301528484;0.02608280301528484
2022-02-21 23:00:00;0.020970885247582144;0.020970885247582144;0.020970885247582144
2022-02-22 00:00:00;0.018141164434057996;0.018141164434057996;0.018141164434057996
2022-02-22 01:00:00;0.02017427175320838;0.02017427175320838;0.02017427175320838
2022-02-22 02:00:00;0.021653260686203175;0.021653260686203175;0.021653260686203175
2022-02-22 03:00:00;0.01653431243821848;0.01653431243821848;0.01653431243821848
2022-02-22 04:00:00;0.017429416836451692;0.017429416836451692;0.017429416836451692
2022-02-22 05:00:00;0.018762954133129228;0.018762954133129228;0.018762954133129228
2022-02-22 06:00:00;0.01890604061515197;0.01890604061515197;0.01890604061515197
2022-02-22 07:00:00;0.019776233136586063;0.0192091721966594;0.01968172297993162
2022-02-22 08:00:00;0.02440779963637094;0.02287949449576886;0.02415308211293726
2022-02-22 09:00:00;0.03439569096951493;0.031081717687789234;0.03384336208922732
2022-02-22 10:00:00;0.04217889021019972;0.03774415815531835;0.04143976820105283
2022-02-22 11:00:00;0.05596116766113159;0.04854876516225816;0.054725767244652695
2022-02-22 12:00:00;0.05827923022773869;0.05060456977548625;0.05700012015236328
2022-02-22 13:00:00;0.06195298535186219;0.053578710033945896;0.060557272798876134
2022-02-22 14:00:00;0.04976941387823806;0.0439222751622316;0.04879489075890364
2022-02-22 15:00:00;0.03589440229769284;0.03264164152918923;0.03535227550294224
2022-02-22 16:00:00;0.02274901541073003;0.021910650079154;0.022609287855467362
2022-02-22 17:00:00;0.02089332867913764;0.02089332867913764;0.02089332867913764
2022-02-22 18:00:00;0.01365099514791437;0.01365099514791437;0.01365099514791437
2022-02-22 19:00:00;0.013650831996274973;0.013650831996274973;0.013650831996274973
2022-02-22 20:00:00;0.013740981870595194;0.013740981870595194;0.013740981870595194
2022-02-22 21:00:00;0.013521171172240241;0.013521171172240241;0.013521171172240241
2022-02-22 22:00:00;0.011933644094093625;0.011933644094093625;0.011933644094093625
2022-02-22 23:00:00;0.014287687640565134;0.014287687640565134;0.014287687640565134
2022-02-23 00:00:00;0.012135768103127258;0.012135768103127258;0.012135768103127258
2022-02-23 01:00:00;0.011999393337738315;0.011999393337738315;0.011999393337738315
2022-02-23 02:00:00;0.013537575203147315;0.013537575203147315;0.013537575203147315
2022-02-23 03:00:00;0.011844714805591442;0.011844714805591442;0.011844714805591442
2022-02-23 04:00:00;0.01175018354845186;0.01175018354845186;0.01175018354845186
2022-02-23 05:00:00;0.011827603576776298;0.011827603576776298;0.011827603576776298
2022-02-23 06:00:00;0.01090144857917777;0.01090144857917777;0.01090144857917777
2022-02-23 07:00:00;0.01346967013407546;0.012088702986069772;0.01323950894274118
2022-02-23 08:00:00;0.02303452237673929;0.019587878262623634;0.02246008169105335
2022-02-23 09:00:00;0.04237500400390372;0.034908114379577644;0.04113052239984938
2022-02-23 10:00:00;0.050987265110922976;0.04194688394157614;0.04948053491603183
2022-02-23 11:00:00;0.04620333352705351;0.03866823500047967;0.044947483772624544
2022-02-23 12:00:00;0.06264155627924227;0.05182333367017776;0.060838519177731504
2022-02-23 13:00:00;0.06956015092348838;0.06222740205643664;0.06833802611231311
2022-02-23 14:00:00;0.05858789792925577;0.05347629531945416;0.05773596416095551
2022-02-23 15:00:00;0.057134460041065496;0.050522009599879306;0.056032384967534474
2022-02-23 16:00:00;0.04298830186967309;0.04126233326979124;0.042700640436359454
2022-02-23 17:00:00;0.028714718436103598;0.028486469669172624;0.028676676974948436
2022-02-23 18:00:00;0.02331276218113533;0.02331276218113533;0.02331276218113533
2022-02-23 19:00:00;0.024046333536583857;0.024046333536583857;0.024046333536583857
2022-02-23 20:00:00;0.025426688636342898;0.025426688636342898;0.025426688636342898
2022-02-23 21:00:00;0.022618046499955455;0.022618046499955455;0.022618046499955455
2022-02-23 22:00:00;0.014424904623499924;0.014424904623499924;0.014424904623499924
2022-02-23 23:00:00;0.015703219350986643;0.015703219350986643;0.015703219350986643
2022-02-24 00:00:00;0.01335830031158791;0.01335830031158791;0.01335830031158791
2022-02-24 01:00:00;0.01627449795591289;0.01627449795591289;0.01627449795591289
2022-02-24 02:00:00;0.018230503215115337;0.018230503215115337;0.018230503215115337
2022-02-24 03:00:00;0.019704569968074046;0.019704569968074046;0.019704569968074046
2022-02-24 04:00:00;0.01598853212730426;0.01598853212730426;0.01598853212730426
2022-02-24 05:00:00;0.01280446226776555;0.01280446226776555;0.01280446226776555
2022-02-24 06:00:00;0.011465041219881787;0.011329705694950983;0.011442485299059987
2022-02-24 07:00:00;0.016044771690640957;0.013186354120567763;0.015568368762295427
2022-02-24 08:00:00;0.0421585295467994;0.03302749197580092;0.04063668995163298
2022-02-24 09:00:00;0.06582066749946001;0.053380511471862055;0.06374730816152702
2022-02-24 10:00:00;;;
2022-02-24 11:00:00;0.09440290041965692;0.07734498417631444;0.09155991437909984
2022-02-24 12:00:00;0.11404183393464234;0.09260015405030363;0.11046822062058591
2022-02-24 13:00:00;0.10083442264394718;0.08412414659050445;0.09804937663504006
2022-02-24 14:00:00;0.09083315220954842;0.076010731734682;0.08836274879707068
2022-02-24 15:00:00;0.0697645111700712;0.059627075474388655;0.0680749385541241
2022-02-24 16:00:00;0.038085721777201514;0.034351225100778766;0.037463305664464396
2022-02-24 17:00:00;0.023764871190863252;0.023483444870692826;0.02371796680416818
2022-02-24 18:00:00;0.01953511963846844;0.01953511963846844;0.01953511963846844
2022-02-24 19:00:00;0.00855752942259329;0.00855752942259329;0.00855752942259329
2022-02-24 20:00:00;0.006913580389323345;0.006913580389323345;0.006913580389323345
2022-02-24 21:00:00;0.007287658903181422;0.007287658903181422;0.007287658903181422
2022-02-24 22:00:00;0.006782998761481458;0.006782998761481458;0.006782998761481458
2022-02-24 23:00:00;0.005714187456893159;0.005714187456893159;0.005714187456893159
2022-02-25 00:00:00;0.006545885592001875;0.006545885592001875;0.006545885592001875
2022-02-25 01:00:00;0.0067408957698581054;0.0067408957698581054;0.0067408957698581054
2022-02-25 02:00:00;0.006295811993788645;0.006295811993788645;0.006295811993788645
2022-02-25 03:00:00;0.0073862999438692395;0.0073862999438692395;0.0073862999438692395
2022-02-25 04:00:00;0.0051952510331084185;0.0051952510331084185;0.0051952510331084185
2022-02-25 05:00:00;0.008440813768687914;0.008440813768687914;0.008440813768687914
2022-02-25 06:00:00;0.004861709925436576;0.004778289136413481;0.004847806460599393
2022-02-25 07:00:00;0.008118024291518743;0.006963888460304249;0.007925668319649661
2022-02-25 08:00:00;0.02234030927972138;0.02057656407579504;0.022046351745733658
2022-02-25 09:00:00;0.021675413443864203;0.019993606768733085;0.02139511233134235
2022-02-25 10:00:00;0.020995327322814308;0.019337426790649096;0.02071901056745344
2022-02-25 11:00:00;0.02025432245944609;0.018447990426871747;0.019953267120683703
2022-02-25 12:00:00;0.023233391964885827;0.02077116883693231;0.022823021443560243
2022-02-25 13:00:00;0.025202212544146146;0.02223957380743121;0.024708439421360327
2022-02-25 14:00:00;0.025018208482965994;0.02198881907730924;0.024513310248689867
2022-02-25 15:00:00;0.023793260114519113;0.021493865264137716;0.02341002763945555
2022-02-25 16:00:00;0.018828128802221893;0.016852933802512605;0.018498929635603678
2022-02-25 17:00:00;0.007136632976369699;0.006746624632824025;0.007071631585778753
2022-02-25 18:00:00;0.012032369121947821;0.012032369121947821;0.012032369121947821
2022-02-25 19:00:00;0.007935680259713484;0.007935680259713484;0.007935680259713484
2022-02-25 20:00:00;0.007435587578093141;0.007435587578093141;0.007435587578093141
2022-02-25 21:00:00;0.006808931583288788;0.006808931583288788;0.006808931583288788
2022-02-25 22:00:00;0.005309188526146072;0.005309188526146072;0.005309188526146072
2022-02-25 23:00:00;0.006310021909684995;0.006310021909684995;0.006310021909684995
2022-02-26 00:00:00;0.00692583137024863;0.00692583137024863;0.00692583137024863
2022-02-26 01:00:00;0.006515627648865396;0.006515627648865396;0.006515627648865396
2022-02-26 02:00:00;0.004072957765770269;0.004072957765770269;0.004072957765770269
2022-02-26 03:00:00;0.004676619354144191;0.004676619354144191;0.004676619354144191
2022-02-26 04:00:00;0.004375940582552051;0.004375940582552051;0.004375940582552051
2022-02-26 05:00:00;0.004366639022706502;0.004366639022706502;0.004366639022706502
2022-02-26 06:00:00;0.0019817723481660287;0.001863857453560775;0.0019621198657318196
2022-02-26 07:00:00;0.005299685213939329;0.004312746046629862;0.005135195352721085
2022-02-26 08:00:00;0.017329396097006178;0.013840291094853014;0.01674787859664732
2022-02-26 09:00:00;0.042127162116960236;0.033412931061089356;0.040674790274315094
2022-02-26 10:00:00;0.06915504355440348;0.05553914183791638;0.0668857266016556
2022-02-26 11:00:00;;;
2022-02-26 12:00:00;0.08123952322569684;0.0667509407752959;0.07882475948396336
2022-02-26 13:00:00;0.0847093617899799;0.07096760542484692;0.08241906906245773
2022-02-26 14:00:00;0.07981838325259626;0.06786337220015554;0.07782588141052281
2022-02-26 15:00:00;0.0648204931483642;0.05627681684378943;0.06339654709760174
2022-02-26 16:00:00;0.04609410381316758;0.0424723422035598;0.04549047687823295
2022-02-26 17:00:00;0.027441384238597485;0.027022352742584636;0.027371545655928677
2022-02-26 18:00:00;0.027528685749370216;0.027528685749370216;0.027528685749370216
2022-02-26 19:00:00;0.023870717135020505;0.023870717135020505;0.023870717135020505
2022-02-26 20:00:00;0.02132369424425971;0.02132369424425971;0.02132369424425971
2022-02-26 21:00:00;0.018966738825773186;0.018966738825773186;0.018966738825773186
2022-02-26 22:00:00;0.01913001499364289;0.01913001499364289;0.01913001499364289
2022-02-26 23:00:00;0.01876022628853933;0.01876022628853933;0.01876022628853933
2022-02-27 00:00:00;0.026367453761086214;0.026367453761086214;0.026367453761086214
2022-02-27 01:00:00;0.02934327130412187;0.02934327130412187;0.02934327130412187
2022-02-27 02:00:00;0.029843694889518775;0.029843694889518775;0.029843694889518775
2022-02-27 03:00:00;0.025388557502258775;0.025388557502258775;0.025388557502258775
2022-02-27 04:00:00;0.023739224974944014;0.023739224974944014;0.023739224974944014
2022-02-27 05:00:00;0.02865894584432526;0.02865894584432526;0.02865894584432526
2022-02-27 06:00:00;0.0215683198567623;0.02146510667039842;0.021551117659034984
2022-02-27 07:00:00;0.024474019981591245;0.02271687363533236;0.024181162257214762
2022-02-27 08:00:00;0.04390426749880297;0.03721928062086704;0.04279010301914698
2022-02-27 09:00:00;0.08105903411380588;0.06631677605668057;0.078601991104285
2022-02-27 10:00:00;0.09627164511259284;0.07989427310450471;0.09354208311124483
2022-02-27 11:00:00;0.10934622399785866;0.09003951731410403;0.10612843955056622
2022-02-27 12:00:00;0.11239289066044855;0.09242178920845065;0.10906437375178223
2022-02-27 13:00:00;0.03676887092316682;0.03285850614271001;0.03611714345975735
2022-02-27 14:00:00;0.08009444914868813;0.07325550058555486;0.07895462438816593
2022-02-27 15:00:00;0.0845882215861651;0.07656337277454421;0.0832507467842283
2022-02-27 16:00:00;0.06316367114425626;0.05684014188028245;0.06210974960026064
2022-02-27 17:00:00;0.042269618613714935;0.04178469507648378;0.04218879802417642
2022-02-27 18:00:00;0.03337131589038803;0.03337131589038803;0.03337131589038803
2022-02-27 19:00:00;0.02719631618480226;0.02719631618480226;0.02719631618480226
2022-02-27 20:00:00;0.014736790414540075;0.014736790414540075;0.014736790414540075
2022-02-27 21:00:00;0.03282943237780095;0.03282943237780095;0.03282943237780095
2022-02-27 22:00:00;0.03214963504826464;0.03214963504826464;0.03214963504826464
2022-02-27 23:00:00;0.028747322966829622;0.028747322966829622;0.028747322966829622
2022-02-28 00:00:00;0.02257215287893027;0.02257215287893027;0.02257215287893027
2022-02-28 01:00:00;0.021717892415865726;0.021717892415865726;0.021717892415865726
2022-02-28 02:00:00;0.02295615506299194;0.02295615506299194;0.02295615506299194
2022-02-28 03:00:00;0.015809638917572574;0.015809638917572574;0.015809638917572574
2022-02-28 04:00:00;0.01155568318773408;0.01155568318773408;0.01155568318773408
2022-02-28 05:00:00;0.014981133054018887;0.014981133054018887;0.014981133054018887
2022-02-28 06:00:00;0.007361355067167639;0.007107634692935652;0.007319068338128974
2022-02-28 07:00:00;0.017305691128217053;0.01377706226856714;0.016717586318275402
2022-02-28 08:00:00;0.03602991420802742;0.030196377025951897;0.03505765801101483
2022-02-28 09:00:00;0.055118010758269546;0.04576494077823883;0.05355916576159776
2022-02-28 10:00:00;0.07727612491916283;0.0634771488027836;0.07497629556643295
2022-02-28 11:00:00;;;
2022-02-28 12:00:00;;;
2022-02-28 13:00:00;0.09880515472597588;0.08318060491044166;0.09620106309005352
2022-02-28 14:00:00;0.07663344645495467;0.0648551946183748;0.07467040448219135
2022-02-28 15:00:00;0.06447642931571274;0.05593454938035387;0.06305278265981959
2022-02-28 16:00:00;0.043054354853910085;0.03885700579770387;0.04235479667787572
2022-02-28 17:00:00;0.022643254198158814;0.022234830356984692;0.022575183557963126
2022-02-28 18:00:00;0.018837075107258145;0.018837075107258145;0.018837075107258145
2022-02-28 19:00:00;0.006810024793362728;0.006810024793362728;0.006810024793362728
2022-02-28 20:00:00;0.011226283710978642;0.011226283710978642;0.011226283710978642
2022-02-28 21:00:00;0.007899751148272122;0.007899751148272122;0.007899751148272122
2022-02-28 22:00:00;0.007888259368736272;0.007888259368736272;0.007888259368736272
2022-02-28 23:00:00;0.00901103173135559;0.00901103173135559;0.00901103173135559
2022-03-01 00:00:00;0.005475262996300279;0.005475262996300279;0.005475262996300279
2022-03-01 01:00:00;0.004755931263662888;0.004755931263662888;0.004755931263662888
2022-03-01 02:00:00;0.005196878382483893;0.005196878382483893;0.005196878382483893
2022-03-01 03:00:00;0.006064053175918216;0.006064053175918216;0.006064053175918216
2022-03-01 04:00:00;0.004079437076394433;0.004079437076394433;0.004079437076394433
2022-03-01 05:00:00;0.00493670228592508;0.00493670228592508;0.00493670228592508
2022-03-01 06:00:00;-0.0009925544814061219;-0.0014355904795738561;-0.0010663938144340776
2022-03-01 07:00:00;0.011145991704289464;0.008406590775255986;0.010689424882783884
2022-03-01 08:00:00;0.030064831814035586;0.023490634342770093;0.028969132235491343
2022-03-01 09:00:00;0.03364452451693823;0.027590788616418508;0.032635568533518275
2022-03-01 10:00:00;0.04804777968208838;0.04004850921906587;0.046714567938251295
2022-03-01 11:00:00;0.07496898641495359;0.06240894095981938;0.07287564550576459
2022-03-01 12:00:00;0.06655068563709321;0.057999631567634075;0.06512550995885003
2022-03-01 13:00:00;0.0410058658580929;0.0358258707461234;0.04014253333943131
2022-03-01 14:00:00;0.02993968323378056;0.026249658771135304;0.029324679156673018
2022-03-01 15:00:00;0.02477765009843761;0.02147566280624454;0.024227318883072096
2022-03-01 16:00:00;0.016058506366712015;0.014696674939463224;0.015831534462170553
2022-03-01 17:00:00;0.008957650258473516;0.008732478295427878;0.00892012159796591
2022-03-01 18:00:00;0.012155339540710759;0.012155339540710759;0.012155339540710759
2022-03-01 19:00:00;0.010403601212786549;0.010403601212786549;0.010403601212786549
2022-03-01 20:00:00;0.011926907897016885;0.011926907897016885;0.011926907897016885
2022-03-01 21:00:00;0.011672991558166913;0.011672991558166913;0.011672991558166913
2022-03-01 22:00:00;0.012490305501980247;0.012490305501980247;0.012490305501980247
2022-03-01 23:00:00;0.012834401263872785;0.012834401263872785;0.012834401263872785
2022-03-02 00:00:00;0.0116125445876499;0.0116125445876499;0.0116125445876499
2022-03-02 01:00:00;0.011655021222179356;0.011655021222179356;0.011655021222179356
2022-03-02 02:00:00;0.01353727731250483;0.01353727731250483;0.01353727731250483
2022-03-02 03:00:00;0.009560502104124617;0.009560502104124617;0.009560502104124617
2022-03-02 04:00:00;0.006919454121897098;0.006919454121897098;0.006919454121897098
2022-03-02 05:00:00;0.006283696057590571;0.006283696057590571;0.006283696057590571
2022-03-02 06:00:00;-0.001325082967705901;-0.0018725313298199292;-0.0014163243613915723
2022-03-02 07:00:00;0.01956802484698739;0.014915379246746184;0.01879258391361386
2022-03-02 08:00:00;0.03600280438612403;0.02838473019146163;0.034733125353680304
2022-03-02 09:00:00;0.08470752161781893;0.06677729930770962;0.08171915123280071
2022-03-02 10:00:00;0.11629839393502181;0.09382750688366409;0.11255324609312885
2022-03-02 11:00:00;0.1694563070257548;0.13624752954881558;0.16392151077959827
2022-03-02 12:00:00;0.15477654521293388;0.12601352128567514;0.14998270789172408
2022-03-02 13:00:00;0.11661736856662615;0.09681390305172344;0.11331679098080906
2022-03-02 14:00:00;0.10932690701760726;0.08996880279065303;0.10610055631311487
2022-03-02 15:00:00;0.06995910538742463;0.058721666319633506;0.0680861988761261
2022-03-02 16:00:00;0.03302110438815275;0.029143040699716058;0.03237476044007996
2022-03-02 17:00:00;0.010054723268102757;0.009392798101812334;0.009944402407054355
2022-03-02 18:00:00;0.019514504479838317;0.019514504479838317;0.019514504479838317
2022-03-02 19:00:00;0.015497443826947822;0.015497443826947822;0.015497443826947822
2022-03-02 20:00:00;0.013815194997811163;0.013815194997811163;0.013815194997811163
2022-03-02 21:00:00;0.011822987727052812;0.011822987727052812;0.011822987727052812
2022-03-02 22:00:00;0.009871420156790633;0.009871420156790633;0.009871420156790633
2022-03-02 23:00:00;0.010832340986248449;0.010832340986248449;0.010832340986248449
2022-03-03 00:00:00;0.010153519292158627;0.010153519292158627;0.010153519292158627
2022-03-03 01:00:00;0.010243250928743116;0.010243250928743116;0.010243250928743116
2022-03-03 02:00:00;0.00988749313034412;0.00988749313034412;0.00988749313034412
2022-03-03 03:00:00;0.014833744838228788;0.014833744838228788;0.014833744838228788
2022-03-03 04:00:00;0.02109527837206723;0.02109527837206723;0.02109527837206723
2022-03-03 05:00:00;0.020284123058321078;0.020284123058321078;0.020284123058321078
2022-03-03 06:00:00;0.011874016945587297;0.011520402142702495;0.011815081145106498
2022-03-03 07:00:00;0.026806555141561002;0.024114162157202013;0.026357822977501173
2022-03-03 08:00:00;0.05667167661615361;0.04792727426164253;0.0552142762237351
2022-03-03 09:00:00;0.0718463291497259;0.0613247741424538;0.07009273664851388
2022-03-03 10:00:00;0.093732780789274;0.08026344729216874;0.09148789187308978
2022-03-03 11:00:00;;;
2022-03-03 12:00:00;;;
2022-03-03 13:00:00;0.1060979793136336;0.09107065499153247;0.10359342525995009
2022-03-03 14:00:00;0.09091453635306733;0.07817019218839401;0.08879047899228844
2022-03-03 15:00:00;0.07536058033323505;0.06646172965701459;0.07387743855386497
2022-03-03 16:00:00;0.05172633043292091;0.04698719031719362;0.05093647374696637
2022-03-03 17:00:00;0.026664858357001095;0.026134259178890444;0.026576425160649318
2022-03-03 18:00:00;0.020865863881473316;0.020865863881473316;0.020865863881473316
2022-03-03 19:00:00;0.012628033199405437;0.012628033199405437;0.012628033199405437
2022-03-03 20:00:00;0.011417946989600894;0.011417946989600894;0.011417946989600894
2022-03-03 21:00:00;0.008481948221320508;0.008481948221320508;0.008481948221320508
2022-03-03 22:00:00;0.007143588723001463;0.007143588723001463;0.007143588723001463
2022-03-03 23:00:00;0.00652419384817666;0.00652419384817666;0.00652419384817666
2022-03-04 00:00:00;0.004927347639108056;0.004927347639108056;0.004927347639108056
2022-03-04 01:00:00;0.005787602352634351;0.005787602352634351;0.005787602352634351
2022-03-04 02:00:00;0.005169731791791927;0.005169731791791927;0.005169731791791927
2022-03-04 03:00:00;0.004922500810875463;0.004922500810875463;0.004922500810875463
2022-03-04 04:00:00;0.004650564693904003;0.004650564693904003;0.004650564693904003
2022-03-04 05:00:00;0.004098501441006486;0.004098501441006486;0.004098501441006486
2022-03-04 06:00:00;-0.0023292156054150227;-0.0028598764793531127;-0.002417659084404704
2022-03-04 07:00:00;0.012930914319180227;0.010282870087338334;0.012489573613873244
2022-03-04 08:00:00;0.030274969315100885;0.024236544398005423;0.029268565162251643
2022-03-04 09:00:00;0.054234921018383765;0.04358210137504812;0.05245945107782784
2022-03-04 10:00:00;0.07929299048851375;0.0653604882802361;0.07697090678713414
2022-03-04 11:00:00;0.09768822139532335;0.08109407308108264;0.09492253000961658
2022-03-04 12:00:00;0.10913793285101467;0.09177297231035976;0.10624377276090552
2022-03-04 13:00:00;0.1208602062005427;0.10162298264294474;0.11765400227427639
2022-03-04 14:00:00;0.09637271184490469;0.0833120148285997;0.09419592900885386
2022-03-04 15:00:00;0.08667949811066375;0.07472386734819216;0.08468689298358514
2022-03-04 16:00:00;0.07164810067567962;0.06760294379165474;0.07097390786167547
2022-03-04 17:00:00;0.043859420276454945;0.043248260460466016;0.04375756030712346
2022-03-04 18:00:00;0.04103690180211466;0.04103690180211466;0.04103690180211466
2022-03-04 19:00:00;0.024729868604659477;0.024729868604659477;0.024729868604659477
2022-03-04 20:00:00;0.023397458153344052;0.023397458153344052;0.023397458153344052
2022-03-04 21:00:00;0.014815029029048828;0.014815029029048828;0.014815029029048828
2022-03-04 22:00:00;0.01220944496088023;0.01220944496088023;0.01220944496088023
2022-03-04 23:00:00;0.009283883814024327;0.009283883814024327;0.009283883814024327
2022-03-05 00:00:00;0.009576006923140735;0.009576006923140735;0.009576006923140735
2022-03-05 01:00:00;0.009097801396111495;0.009097801396111495;0.009097801396111495
2022-03-05 02:00:00;0.008156721266095809;0.008156721266095809;0.008156721266095809
2022-03-05 03:00:00;0.006132434130109498;0.006132434130109498;0.006132434130109498
2022-03-05 04:00:00;0.006116195527087582;0.006116195527087582;0.006116195527087582
2022-03-05 05:00:00;0.007859426701599023;0.007859426701599023;0.007859426701599023
2022-03-05 06:00:00;-0.0007571791768469532;-0.0013473309272564362;-0.0008555378019151997
2022-03-05 07:00:00;0.02090056206967734;0.015513740739726169;0.020002758514685488
2022-03-05 08:00:00;0.06035008439857538;0.04700719811853022;0.058126270018567856
2022-03-05 09:00:00;0.10017879623889138;0.08030612643719878;0.09686668460527595
2022-03-05 10:00:00;0.14411106407794214;0.1183143248544313;0.13981160754069033
2022-03-05 11:00:00;0.17145415404614808;0.14233838288876896;0.16660152551991825
2022-03-05 12:00:00;0.16161441147436958;0.13651155357033604;0.15743060182369734
2022-03-05 13:00:00;0.1535372181027898;0.12995723072045945;0.14960722020573478
2022-03-05 14:00:00;0.1418184744822682;0.121747365291646;0.1384732896171645
2022-03-05 15:00:00;0.08684142947437987;0.07904110813646234;0.0855413759180603
2022-03-05 16:00:00;0.059475667897879246;0.05536823984970196;0.05879109655651637
2022-03-05 17:00:00;0.035457614391809805;0.034865357853699167;0.03535890496879136
2022-03-05 18:00:00;0.02880928868811992;0.02880928868811992;0.02880928868811992
2022-03-05 19:00:00;0.019083313948885273;0.019083313948885273;0.019083313948885273
2022-03-05 20:00:00;0.02055061300418695;0.02055061300418695;0.02055061300418695
2022-03-05 21:00:00;0.020209051035913562;0.020209051035913562;0.020209051035913562
2022-03-05 22:00:00;0.024537449882964864;0.024537449882964864;0.024537449882964864
2022-03-05 23:00:00;0.01910859476557175;0.01910859476557175;0.01910859476557175
2022-03-06 00:00:00;0.021305907237560096;0.021305907237560096;0.021305907237560096
2022-03-06 01:00:00;0.01524081696522128;0.01524081696522128;0.01524081696522128
2022-03-06 02:00:00;0.011568744873515951;0.011568744873515951;0.011568744873515951
2022-03-06 03:00:00;;;
2022-03-06 04:00:00;0.0098267301531801;0.0098267301531801;0.0098267301531801
2022-03-06 05:00:00;0.011949378938987865;0.011949378938987865;0.011949378938987865
2022-03-06 06:00:00;0.008931377967357617;0.008623515050410932;0.008880067481199834
2022-03-06 07:00:00;0.017185727300470608;0.015357706256718708;0.016881057126511962
2022-03-06 08:00:00;0.019899455282531956;0.017942175518937318;0.019573241988599516
2022-03-06 09:00:00;0.02147248877983692;0.01982464262595485;0.021197847754189907
2022-03-06 10:00:00;0.02579453046917839;0.022866966501542293;0.02530660314123905
2022-03-06 11:00:00;0.026514570362907712;0.023590628316876378;0.026027246688569157
2022-03-06 12:00:00;0.04031106063217899;0.03433435041041188;0.039314942261884464
2022-03-06 13:00:00;0.04469972994677845;0.03772406722759517;0.04353711949358124
2022-03-06 14:00:00;0.03269283670024803;0.028257229758649624;0.0319535688766483
2022-03-06 15:00:00;0.02330253749449268;0.020586116722090375;0.022849800699092298
2022-03-06 16:00:00;0.02135248979774365;0.018652408567575413;0.020902476259382276
2022-03-06 17:00:00;0.011573728217491738;0.011351946716197827;0.011536764633942754
2022-03-06 18:00:00;0.014438231954721716;0.014438231954721716;0.014438231954721716
2022-03-06 19:00:00;0.013611483126986009;0.013611483126986009;0.013611483126986009
2022-03-06 20:00:00;0.013714563826875026;0.013714563826875026;0.013714563826875026
2022-03-06 21:00:00;0.014286061069368049;0.014286061069368049;0.014286061069368049
2022-03-06 22:00:00;0.013593839169178645;0.013593839169178645;0.013593839169178645
2022-03-06 23:00:00;0.013694674461588261;0.013694674461588261;0.013694674461588261
2022-03-07 00:00:00;0.013133336275895899;0.013133336275895899;0.013133336275895899
2022-03-07 01:00:00;0.01607384062117066;0.01607384062117066;0.01607384062117066
2022-03-07 02:00:00;0.017406945712560972;0.017406945712560972;0.017406945712560972
2022-03-07 03:00:00;0.035152466638103716;0.035152466638103716;0.035152466638103716
2022-03-07 04:00:00;0.03191594532761772;0.03191594532761772;0.03191594532761772
2022-03-07 05:00:00;0.036692738094111645;0.036692738094111645;0.036692738094111645
2022-03-07 06:00:00;0.017790985761518077;0.016872016645993138;0.01763782424226392
2022-03-07 07:00:00;0.04006262107061298;0.03696825334482376;0.03954689311631478
2022-03-07 08:00:00;0.05963715652771971;0.051952183600768025;0.05835632770656111
2022-03-07 09:00:00;0.09451385684789936;0.07915418311897501;0.09195391122641199
2022-03-07 10:00:00;0.10805052932215413;0.09129982357953369;0.10525874503171742
2022-03-07 11:00:00;0.09664080939439598;0.0827192272624802;0.09432054570574336
2022-03-07 12:00:00;0.08547138254089895;0.07220435356839143;0.08326021104548106
2022-03-07 13:00:00;0.06909015297893857;0.05906932361117789;0.06742001475097846
2022-03-07 14:00:00;0.05162949040234462;0.043678261776809175;0.05030428563142205
2022-03-07 15:00:00;0.037717327166108865;0.032253310684926796;0.03680665775257851
2022-03-07 16:00:00;0.025022117277345515;0.021617862302977478;0.024454741448284176
2022-03-07 17:00:00;0.01024796624855237;0.009851292657126507;0.010181853983314726
2022-03-07 18:00:00;0.013994066551410979;0.013994066551410979;0.013994066551410979
2022-03-07 19:00:00;0.012102782606204735;0.012102782606204735;0.012102782606204735
2022-03-07 20:00:00;0.011454143662327663;0.011454143662327663;0.011454143662327663
2022-03-07 21:00:00;0.013626647846386303;0.013626647846386303;0.013626647846386303
2022-03-07 22:00:00;0.013393264148503012;0.013393264148503012;0.013393264148503012
2022-03-07 23:00:00;0.020158090845444853;0.020158090845444853;0.020158090845444853
2022-03-08 00:00:00;0.018400048592372893;0.018400048592372893;0.018400048592372893
2022-03-08 01:00:00;0.025677538539630066;0.025677538539630066;0.025677538539630066
2022-03-08 02:00:00;0.028894256514828277;0.028894256514828277;0.028894256514828277
2022-03-08 03:00:00;0.02665543040434055;0.02665543040434055;0.02665543040434055
2022-03-08 04:00:00;0.02788168603446023;0.02788168603446023;0.02788168603446023
2022-03-08 05:00:00;0.027845783236985232;0.027845783236985232;0.027845783236985232
2022-03-08 06:00:00;0.021061321196193417;0.020399121798775604;0.020950954629957115
2022-03-08 07:00:00;0.04386469501573856;0.0407611504374033;0.043347437586016016
2022-03-08 08:00:00;0.08417238427345428;0.07030355721779875;0.08186091309751169
2022-03-08 09:00:00;0.11776970274914565;0.09904893081684295;0.11464957409376186
2022-03-08 10:00:00;0.1359045592094649;0.11358967401935263;0.1321854116777795
2022-03-08 11:00:00;0.14771844045861246;0.1233222110346157;0.14365240222127967
2022-03-08 12:00:00;0.1519860762446226;0.12933708346939027;0.14821124411541725
2022-03-08 13:00:00;;;
2022-03-08 14:00:00;0.13397133391571245;0.11468222273612483;0.13075648205244786
2022-03-08 15:00:00;0.11022274542260756;0.09449393100351025;0.10760127635275803
2022-03-08 16:00:00;0.06866860631390022;0.06046699284475806;0.06730167073570986
2022-03-08 17:00:00;0.0356659893687904;0.03450134451922585;0.03547188189386298
2022-03-08 18:00:00;0.02754292401941156;0.02754292401941156;0.02754292401941156
2022-03-08 19:00:00;0.01835946180052913;0.01835946180052913;0.01835946180052913
2022-03-08 20:00:00;0.009496644703239417;0.009496644703239417;0.009496644703239417
2022-03-08 21:00:00;0.00864474234978417;0.00864474234978417;0.00864474234978417
2022-03-08 22:00:00;0.009126243206288982;0.009126243206288982;0.009126243206288982
2022-03-08 23:00:00;0.007735819083720235;0.007735819083720235;0.007735819083720235
2022-03-09 00:00:00;0.008043343392416587;0.008043343392416587;0.008043343392416587
2022-03-09 01:00:00;0.00831357912242757;0.00831357912242757;0.00831357912242757
2022-03-09 02:00:00;0.007786118081994069;0.007786118081994069;0.007786118081994069
2022-03-09 03:00:00;0.00811158823165489;0.00811158823165489;0.00811158823165489
2022-03-09 04:00:00;0.008244293934000202;0.008244293934000202;0.008244293934000202
2022-03-09 05:00:00;0.008249888509459964;0.008249888509459964;0.008249888509459964
2022-03-09 06:00:00;0.006927560293112732;0.006669157152599653;0.00688449310302722
2022-03-09 07:00:00;0.019342605172317485;0.016034673419726787;0.01879128321355237
2022-03-09 08:00:00;0.05868227743639955;0.046365425502240876;0.05662946878070644
2022-03-09 09:00:00;0.11814566506703589;0.09411027237632133;0.11413976628525012
2022-03-09 10:00:00;0.21165909215624704;0.16659122488509884;0.20414778094438904
2022-03-09 11:00:00;0.17846162372377986;0.1446710946816394;0.1728298688834231
2022-03-09 12:00:00;0.17179927549004406;0.14223899732350123;0.16687256246228693
2022-03-09 13:00:00;0.17075468851736808;0.14312093776730658;0.16614906339235785
2022-03-09 14:00:00;0.11993609905781578;0.1063886202093621;0.11767818591640683
2022-03-09 15:00:00;0.09747768139281124;0.0873980503768628;0.09579774289015318
2022-03-09 16:00:00;0.06741129694112075;0.061605342674044106;0.06644363789660797
2022-03-09 17:00:00;0.029806316131517054;0.028352487133340765;0.029564011298487677
2022-03-09 18:00:00;0.024954028635375918;0.024954028635375918;0.024954028635375918
2022-03-09 19:00:00;0.01459131836456276;0.01459131836456276;0.01459131836456276
2022-03-09 20:00:00;0.016309948185891463;0.016309948185891463;0.016309948185891463
2022-03-09 21:00:00;0.014848928238407772;0.014848928238407772;0.014848928238407772
2022-03-09 22:00:00;0.015431141686409546;0.015431141686409546;0.015431141686409546
2022-03-09 23:00:00;0.016237161210797903;0.016237161210797903;0.016237161210797903
2022-03-10 00:00:00;0.01721279227481625;0.01721279227481625;0.01721279227481625
2022-03-10 01:00:00;0.0169916199214795;0.0169916199214795;0.0169916199214795
2022-03-10 02:00:00;0.02847840508907662;0.02847840508907662;0.02847840508907662
2022-03-10 03:00:00;0.024527957356150737;0.024527957356150737;0.024527957356150737
2022-03-10 04:00:00;0.020019875412916714;0.020019875412916714;0.020019875412916714
2022-03-10 05:00:00;0.01569749103347304;0.01569749103347304;0.01569749103347304
2022-03-10 06:00:00;0.004941879071691579;0.0032814129450701754;0.004665134717254678
2022-03-10 07:00:00;0.04686912183028787;0.03577947031136899;0.045020846577134725
2022-03-10 08:00:00;0.10448713190657835;0.0822922466714507;0.1007879843673904
2022-03-10 09:00:00;0.17487138584917455;0.14295303780972984;0.16955166117593376
2022-03-10 10:00:00;0.22410642669376732;0.18902614189693095;0.21825971256096127
2022-03-10 11:00:00;0.2494362930775725;0.2132405250557853;0.24340366507394134
2022-03-10 12:00:00;0.23414499564882996;0.1977876393769455;0.22808543627018257
2022-03-10 13:00:00;0.24139869080358387;0.2065420468337209;0.2355892501419401
2022-03-10 14:00:00;0.21038500445564082;0.18011945789972783;0.205340746696322
2022-03-10 15:00:00;0.16227020824684837;0.1396073239971234;0.15849306087189424
2022-03-10 16:00:00;0.10159268469152151;0.09205823686887689;0.10000361005441408
2022-03-10 17:00:00;0.05642000804240584;0.05420863850621276;0.05605144645304033
2022-03-10 18:00:00;0.05378671016705833;0.05378671016705833;0.05378671016705833
2022-03-10 19:00:00;0.03995824806963204;0.03995824806963204;0.03995824806963204
2022-03-10 20:00:00;0.0281223879091649;0.0281223879091649;0.0281223879091649
2022-03-10 21:00:00;0.021691722459657427;0.021691722459657427;0.021691722459657427
2022-03-10 22:00:00;0.01325007532603184;0.01325007532603184;0.01325007532603184
2022-03-10 23:00:00;0.017169451679458294;0.017169451679458294;0.017169451679458294
2022-03-11 00:00:00;0.01636985310306264;0.01636985310306264;0.01636985310306264
2022-03-11 01:00:00;0.01375962118178548;0.01375962118178548;0.01375962118178548
2022-03-11 02:00:00;0.014012284605980788;0.014012284605980788;0.014012284605980788
2022-03-11 03:00:00;0.015119288101290752;0.015119288101290752;0.015119288101290752
2022-03-11 04:00:00;0.015455397614199916;0.015455397614199916;0.015455397614199916
2022-03-11 05:00:00;0.02529554971994373;0.02529554971994373;0.02529554971994373
2022-03-11 06:00:00;0.01960782407925801;0.018783087939085445;0.019470368055895918
2022-03-11 07:00:00;0.038885952651478574;0.03370436601570196;0.038022354878849134
2022-03-11 08:00:00;0.0818910089125323;0.06660887403553618;0.07934398643303296
2022-03-11 09:00:00;0.12292432692126612;0.09853376713780351;0.11885923362402236
2022-03-11 10:00:00;0.19671018435363136;0.15655389423614377;0.19001746933405012
2022-03-11 11:00:00;0.1402519818973153;0.1157393413450319;0.13616654180526808
2022-03-11 12:00:00;0.14769580314222747;0.12258726430418393;0.1435110466692202
2022-03-11 13:00:00;0.12617438632197012;0.10621410856857397;0.1228476733630708
2022-03-11 14:00:00;0.1023666431898093;0.08587220486048114;0.09961757013492127
2022-03-11 15:00:00;0.06221055921379777;0.05367865229369994;0.060788574727114804
2022-03-11 16:00:00;0.038624089724312076;0.03494242848133906;0.038010479517149906
2022-03-11 17:00:00;0.014795735194147614;0.013946521438875781;0.014654199568268973
2022-03-11 18:00:00;0.016174888949894477;0.016174888949894477;0.016174888949894477
2022-03-11 19:00:00;0.014602633363948094;0.014602633363948094;0.014602633363948094
2022-03-11 20:00:00;0.01448153181341873;0.01448153181341873;0.01448153181341873
2022-03-11 21:00:00;0.01260204422152811;0.01260204422152811;0.01260204422152811
2022-03-11 22:00:00;0.014113293140347233;0.014113293140347233;0.014113293140347233
2022-03-11 23:00:00;0.0143330334887899;0.0143330334887899;0.0143330334887899
2022-03-12 00:00:00;0.012562819397310828;0.012562819397310828;0.012562819397310828
2022-03-12 01:00:00;0.012669586126167741;0.012669586126167741;0.012669586126167741
2022-03-12 02:00:00;0.011198993856785239;0.011198993856785239;0.011198993856785239
2022-03-12 03:00:00;0.012743231575930351;0.012743231575930351;0.012743231575930351
2022-03-12 04:00:00;0.012928179156203562;0.012928179156203562;0.012928179156203562
2022-03-12 05:00:00;0.01293170300267585;0.01293170300267585;0.01293170300267585
2022-03-12 06:00:00;0.01181974620535416;0.011389932664703135;0.011748110615245654
2022-03-12 07:00:00;0.018461819140873952;0.01665533293136641;0.01816073810595603
2022-03-12 08:00:00;0.026878496199429242;0.02335127802817191;0.026290626504219688
2022-03-12 09:00:00;0.03758873466213957;0.03209706492734816;0.036673456373007673
2022-03-12 10:00:00;0.04052663704722752;0.03480454581331532;0.039572955174908823
2022-03-12 11:00:00;0.03952593158434835;0.03393863001051082;0.03859471465537543
2022-03-12 12:00:00;0.04331617884097329;0.037177813747507005;0.04229311799206224
2022-03-12 13:00:00;0.03726257685101944;0.032817545540497484;0.036521738299265784
2022-03-12 14:00:00;0.04633672337880895;0.040686101143898826;0.04539495300632393
2022-03-12 15:00:00;0.04508361699375426;0.03983861491097404;0.04420944997995756
2022-03-12 16:00:00;0.04095554233911995;0.038096872107272306;0.04047909730047868
2022-03-12 17:00:00;0.03416038476444798;0.03341798130411556;0.03403665085439258
2022-03-12 18:00:00;0.035602233522146684;0.035602233522146684;0.035602233522146684
2022-03-12 19:00:00;0.03846527868422339;0.03846527868422339;0.03846527868422339
2022-03-12 20:00:00;0.029398284826693436;0.029398284826693436;0.029398284826693436
2022-03-12 21:00:00;0.025489400207264503;0.025489400207264503;0.025489400207264503
2022-03-12 22:00:00;0.025962236939610583;0.025962236939610583;0.025962236939610583
2022-03-12 23:00:00;0.030926830249169503;0.030926830249169503;0.030926830249169503
2022-03-13 00:00:00;0.0422700694675807;0.0422700694675807;0.0422700694675807
2022-03-13 01:00:00;0.038270702467631715;0.038270702467631715;0.038270702467631715
2022-03-13 02:00:00;0.03831755246665133;0.03831755246665133;0.03831755246665133
2022-03-13 03:00:00;0.033236027962005636;0.033236027962005636;0.033236027962005636
2022-03-13 04:00:00;0.026975663463433684;0.026975663463433684;0.026975663463433684
2022-03-13 05:00:00;0.02751589174290191;0.02751589174290191;0.02751589174290191
2022-03-13 06:00:00;0.020992492520328386;0.019682098805329253;0.02077409356782853
2022-03-13 07:00:00;0.04617362820356491;0.03756912331695784;0.04473954405579708
2022-03-13 08:00:00;0.07212065703201234;0.06101184721801523;0.0702691887296795
2022-03-13 09:00:00;0.1054212546055327;0.08939999707779381;0.10275104501757622
2022-03-13 10:00:00;;;
2022-03-13 11:00:00;0.1327294528380955;0.11283499538788969;0.1294137099297279
2022-03-13 12:00:00;0.1352695699683092;0.1164227632559036;0.1321284355162416
2022-03-13 13:00:00;0.1464989440980563;0.12526647491627624;0.1429601992344263
2022-03-13 14:00:00;0.12022868230033079;0.10383852082249642;0.11749698872069171
2022-03-13 15:00:00;0.09049926694571984;0.0815560077677358;0.08900872374938919
2022-03-13 16:00:00;0.05944512737651466;0.054350547436734675;0.058596030719884666
2022-03-13 17:00:00;0.053134822618674075;0.052274051062545776;0.05299136069265269
2022-03-13 18:00:00;0.048861526522531534;0.048861526522531534;0.048861526522531534
2022-03-13 19:00:00;0.03298673534557695;0.03298673534557695;0.03298673534557695
2022-03-13 20:00:00;0.028378617371051473;0.028378617371051473;0.028378617371051473
2022-03-13 21:00:00;0.023268419250510614;0.023268419250510614;0.023268419250510614
2022-03-13 22:00:00;0.024506051453304145;0.024506051453304145;0.024506051453304145
2022-03-13 23:00:00;0.02185847256613845;0.02185847256613845;0.02185847256613845
2022-03-14 00:00:00;0.01379981370489297;0.01379981370489297;0.01379981370489297
2022-03-14 01:00:00;0.008743577205353781;0.008743577205353781;0.008743577205353781
2022-03-14 02:00:00;0.00986865106354724;0.00986865106354724;0.00986865106354724
2022-03-14 03:00:00;0.01117185801887712;0.01117185801887712;0.01117185801887712
2022-03-14 04:00:00;0.013036558775743279;0.013036558775743279;0.013036558775743279
2022-03-14 05:00:00;0.01154601833390619;0.01154601833390619;0.01154601833390619
2022-03-14 06:00:00;0.011391502804937559;0.010758120496461685;0.011285939086858248
2022-03-14 07:00:00;0.02812498014637375;0.02367756164064344;0.02738374372875204
2022-03-14 08:00:00;0.050176880397074616;0.041635933199563005;0.04875338919748935
2022-03-14 09:00:00;0.11285866974488608;0.09186318901758468;0.10935942295700253
2022-03-14 10:00:00;;;
2022-03-14 11:00:00;0.23618446673217794;0.19576531054865282;0.22944794070159036
2022-03-14 12:00:00;0.1942267943237014;0.16604670470918872;0.18953011272128262
2022-03-14 13:00:00;0.19257273583129653;0.16479430003077972;0.1879429965312104
2022-03-14 14:00:00;0.1804660861056291;0.1548073324035665;0.17618962715528533
2022-03-14 15:00:00;0.12887329544959744;0.11343663496748957;0.1263005187025795
2022-03-14 16:00:00;0.08871750130679613;0.08296635757676918;0.08775897735179165
2022-03-14 17:00:00;0.06057903061202479;0.059601745616475986;0.060416149779433326
2022-03-14 18:00:00;0.049934724092443636;0.049934724092443636;0.049934724092443636
2022-03-14 19:00:00;0.04377570199867704;0.04377570199867704;0.04377570199867704
2022-03-14 20:00:00;0.04455007894129445;0.04455007894129445;0.04455007894129445
2022-03-14 21:00:00;0.03459342117959454;0.03459342117959454;0.03459342117959454
2022-03-14 22:00:00;0.025598568388148512;0.025598568388148512;0.025598568388148512
2022-03-14 23:00:00;0.014119491650321368;0.014119491650321368;0.014119491650321368
2022-03-15 00:00:00;0.014449944492481402;0.014449944492481402;0.014449944492481402
2022-03-15 01:00:00;0.014297329957895552;0.014297329957895552;0.014297329957895552
2022-03-15 02:00:00;0.018469016760721813;0.018469016760721813;0.018469016760721813
2022-03-15 03:00:00;0.014779891102204049;0.014779891102204049;0.014779891102204049
2022-03-15 04:00:00;0.015213035953803135;0.015213035953803135;0.015213035953803135
2022-03-15 05:00:00;0.030119436819812214;0.030119436819812214;0.030119436819812214
2022-03-15 06:00:00;0.03542307679276017;0.033264276657482154;0.03506327677021383
2022-03-15 07:00:00;0.07091864795461925;0.06019551144526359;0.06913145853639331
2022-03-15 08:00:00;0.11501043593929239;0.09561847434889288;0.11177844234089247
2022-03-15 09:00:00;0.1578827250460926;0.13154089253981643;0.15349241962837995
2022-03-15 10:00:00;0.21578767802125987;0.17737242315008458;0.20938513554273067
2022-03-15 11:00:00;;;
2022-03-15 12:00:00;0.30194374951885994;0.23999522939658005;0.29161899616514664
2022-03-15 13:00:00;0.24314761396716747;0.20112464823039428;0.23614378634437203
2022-03-15 14:00:00;0.197745789167167;0.16367991173039934;0.19206814292770574
2022-03-15 15:00:00;0.12695258558780306;0.10890805772256217;0.1239451642769296
2022-03-15 16:00:00;0.08650493531525223;0.0793440655686471;0.08531145702415137
2022-03-15 17:00:00;0.05076706325656853;0.04898925504486322;0.05047076188795098
2022-03-15 18:00:00;0.050953843697720436;0.050953843697720436;0.050953843697720436
2022-03-15 19:00:00;0.02716496364340945;0.02716496364340945;0.02716496364340945
2022-03-15 20:00:00;0.02257114839025836;0.02257114839025836;0.02257114839025836
2022-03-15 21:00:00;0.01849700700760662;0.01849700700760662;0.01849700700760662
2022-03-15 22:00:00;0.012363425394370521;0.012363425394370521;0.012363425394370521
2022-03-15 23:00:00;0.01583692469825723;0.01583692469825723;0.01583692469825723
2022-03-16 00:00:00;0.018159307433906285;0.018159307433906285;0.018159307433906285
2022-03-16 01:00:00;0.016768552930106585;0.016768552930106585;0.016768552930106585
2022-03-16 02:00:00;0.012299647357256848;0.012299647357256848;0.012299647357256848
2022-03-16 03:00:00;0.014663542644890606;0.014663542644890606;0.014663542644890606
2022-03-16 04:00:00;0.014712586080800477;0.014712586080800477;0.014712586080800477
2022-03-16 05:00:00;0.017712587623755573;0.017712587623755573;0.017712587623755573
2022-03-16 06:00:00;0.013023042188874685;0.01036028928752599;0.012579250038649905
2022-03-16 07:00:00;0.04981573995044763;0.03888092129871061;0.04799327017515813
2022-03-16 08:00:00;0.134114709147075;0.10556053642573583;0.12935568036018513
2022-03-16 09:00:00;0.16464082677203717;0.13525649400052814;0.15974343797678567
2022-03-16 10:00:00;0.19482231309492692;0.1608998147067063;0.1891685633635568
2022-03-16 11:00:00;0.23536719405204262;0.19372537624493003;0.22842689108419054
2022-03-16 12:00:00;0.22273658945908983;0.1872045340051108;0.21681458021676003
2022-03-16 13:00:00;0.2040996354154037;0.17278212239343327;0.19888004991174202
2022-03-16 14:00:00;0.1681872608347552;0.14487839639986022;0.164302450095606
2022-03-16 15:00:00;0.11159095684877406;0.10003622343023244;0.10966516794568379
2022-03-16 16:00:00;0.07598252880603291;0.06983863597013275;0.07495854666671621
2022-03-16 17:00:00;0.054720891805849645;0.05346545316899635;0.05451165203304076
2022-03-16 18:00:00;0.04631707671609465;0.04631707671609465;0.04631707671609465
2022-03-16 19:00:00;0.03447768126025909;0.03447768126025909;0.03447768126025909
2022-03-16 20:00:00;0.03328377932219383;0.03328377932219383;0.03328377932219383
2022-03-16 21:00:00;0.030589139561350665;0.030589139561350665;0.030589139561350665
2022-03-16 22:00:00;0.032072912371629715;0.032072912371629715;0.032072912371629715
2022-03-16 23:00:00;0.02842069021574582;0.02842069021574582;0.02842069021574582
2022-03-17 00:00:00;0.019905095020770563;0.019905095020770563;0.019905095020770563
2022-03-17 01:00:00;0.018088006363783223;0.018088006363783223;0.018088006363783223
2022-03-17 02:00:00;0.017690302343216543;0.017690302343216543;0.017690302343216543
2022-03-17 03:00:00;0.017694155277908102;0.017694155277908102;0.017694155277908102
2022-03-17 04:00:00;0.01740937514322621;0.01740937514322621;0.01740937514322621
2022-03-17 05:00:00;0.015866094770259166;0.015866094770259166;0.015866094770259166
2022-03-17 06:00:00;0.01535939931519685;0.01350919137485984;0.015051031325140685
2022-03-17 07:00:00;0.042295183328281666;0.034336082250409475;0.04096866648196964
2022-03-17 08:00:00;0.0980008494225143;0.07775795333305612;0.09462703340760463
2022-03-17 09:00:00;0.13925598512269086;0.11142219753535977;0.13461702052480234
2022-03-17 10:00:00;0.1863250622441798;0.15163225917999917;0.1805429284001497
2022-03-17 11:00:00;0.18493806667591156;0.154237247875474;0.1798212635425053
2022-03-17 12:00:00;0.1751082314726;0.1476037926274738;0.17052415833174564
2022-03-17 13:00:00;0.2535010881765103;0.20853051259450758;0.24600599224617645
2022-03-17 14:00:00;0.20774009123368975;0.17524385026970327;0.20232405107302534
2022-03-17 15:00:00;0.10338112696708278;0.09218342928303336;0.10151484401974124
2022-03-17 16:00:00;0.06788583480557238;0.06257948302592159;0.06700144284229725
2022-03-17 17:00:00;0.023195864063213813;0.02177229384238951;0.0229586023597431
2022-03-17 18:00:00;0.03200737809445234;0.03200737809445234;0.03200737809445234
2022-03-17 19:00:00;0.019475876421513327;0.019475876421513327;0.019475876421513327
2022-03-17 20:00:00;0.024118266893222405;0.024118266893222405;0.024118266893222405
2022-03-17 21:00:00;0.01973350285403666;0.01973350285403666;0.01973350285403666
2022-03-17 22:00:00;0.01789511852636409;0.01789511852636409;0.01789511852636409
2022-03-17 23:00:00;0.01710929961023778;0.01710929961023778;0.01710929961023778
2022-03-18 00:00:00;0.016095211442558436;0.016095211442558436;0.016095211442558436
2022-03-18 01:00:00;0.015998546948911802;0.015998546948911802;0.015998546948911802
2022-03-18 02:00:00;0.015105742770487277;0.015105742770487277;0.015105742770487277
2022-03-18 03:00:00;0.014231364811411422;0.014231364811411422;0.014231364811411422
2022-03-18 04:00:00;0.014103721316045773;0.014103721316045773;0.014103721316045773
2022-03-18 05:00:00;0.013857948502536728;0.013857948502536728;0.013857948502536728
2022-03-18 06:00:00;0.013066655422728316;0.011235562180920517;0.012761473215760351
2022-03-18 07:00:00;0.09287090296717289;0.07435995168070193;0.08978574441942773
2022-03-18 08:00:00;0.13564640564354502;0.11225557236281468;0.13174793343008998
2022-03-18 09:00:00;0.1871902417851972;0.15614487582557263;0.18201601412525978
2022-03-18 10:00:00;0.1478272221989083;0.12735443200691343;0.14441509050024248
2022-03-18 11:00:00;0.13657347898307717;0.12100319115577723;0.13397843101186052
2022-03-18 12:00:00;0.11358044663219814;0.10091057837063869;0.11146880192193824
2022-03-18 13:00:00;0.12153309384289841;0.11023949249987855;0.1196508269523951
2022-03-18 14:00:00;0.10953009834357562;0.0970617745874502;0.10745204438422139
2022-03-18 15:00:00;0.10506920785777746;0.09346242031029596;0.10313474326653055
2022-03-18 16:00:00;0.08060536679174514;0.06728727794607695;0.0783856853174671
2022-03-18 17:00:00;0.04868759251932885;0.04469013809500471;0.04802135011527483
2022-03-18 18:00:00;0.046192551581336255;0.046192551581336255;0.046192551581336255
2022-03-18 19:00:00;0.02977662463250924;0.02977662463250924;0.02977662463250924
2022-03-18 20:00:00;0.03767883913899842;0.03767883913899842;0.03767883913899842
2022-03-18 21:00:00;0.030438042364303728;0.030438042364303728;0.030438042364303728
2022-03-18 22:00:00;0.07285351078470564;0.07285351078470564;0.07285351078470564
2022-03-18 23:00:00;0.061346473252003035;0.061346473252003035;0.061346473252003035
2022-03-19 00:00:00;0.0691196252843453;0.0691196252843453;0.0691196252843453
2022-03-19 01:00:00;0.05400358305438861;0.05400358305438861;0.05400358305438861
2022-03-19 02:00:00;0.06626214972142619;0.06626214972142619;0.06626214972142619
2022-03-19 03:00:00;0.06577945609827748;0.06577945609827748;0.06577945609827748
2022-03-19 04:00:00;0.07668995184175631;0.07668995184175631;0.07668995184175631
2022-03-19 05:00:00;0.03091528534169338;0.03091528534169338;0.03091528534169338
2022-03-19 06:00:00;0.0255649783227325;0.025262271507175724;0.025514527186806368
2022-03-19 07:00:00;0.024715537712206866;0.023870500217435957;0.02457469812974505
2022-03-19 08:00:00;0.025685693064048967;0.023678813491358502;0.025351213135267222
2022-03-19 09:00:00;0.03311623794737405;0.02996970091593034;0.0325918151088001
2022-03-19 10:00:00;0.038545037924027144;0.034227660727139994;0.03782547505787929
2022-03-19 11:00:00;0.04318939019980074;0.03753681645207928;0.0422472945751805
2022-03-19 12:00:00;0.03407921824235808;0.030518276849324746;0.033485728010185865
2022-03-19 13:00:00;0.02936567989556879;0.026819624144574738;0.028941337270403125
2022-03-19 14:00:00;0.025846505797454886;0.023499481738774346;0.02545533512100813
2022-03-19 15:00:00;0.02259649391333381;0.020905938111039576;0.02231473461295144
2022-03-19 16:00:00;0.02070666838747841;0.01992273230369187;0.020576012373513988
2022-03-19 17:00:00;0.018089191564669444;0.017958582603032704;0.018067423404396654
2022-03-19 18:00:00;0.01582474672147359;0.01582474672147359;0.01582474672147359
2022-03-19 19:00:00;0.015828147109540242;0.015828147109540242;0.015828147109540242
2022-03-19 20:00:00;0.015825190009205525;0.015825190009205525;0.015825190009205525
2022-03-19 21:00:00;0.015825683418739328;0.015825683418739328;0.015825683418739328
2022-03-19 22:00:00;0.01803697194330916;0.01803697194330916;0.01803697194330916
2022-03-19 23:00:00;0.01578441908482179;0.01578441908482179;0.01578441908482179
2022-03-20 00:00:00;0.013712929889639276;0.013712929889639276;0.013712929889639276
2022-03-20 01:00:00;0.01577144061845246;0.01577144061845246;0.01577144061845246
2022-03-20 02:00:00;0.014084378912391471;0.014084378912391471;0.014084378912391471
2022-03-20 03:00:00;0.014004464400076178;0.014004464400076178;0.014004464400076178
2022-03-20 04:00:00;0.014067188686507802;0.014067188686507802;0.014067188686507802
2022-03-20 05:00:00;0.014015188019470205;0.014015188019470205;0.014015188019470205
2022-03-20 06:00:00;0.015096089395124196;0.013855245291621578;0.014889282044540427
2022-03-20 07:00:00;0.028969268647815325;0.024745370645688956;0.028265285647460937
2022-03-20 08:00:00;0.05541243343056801;0.04518086669481532;0.053707172307942565
2022-03-20 09:00:00;0.08150007406142885;0.06633021365033599;0.07897176399291338
2022-03-20 10:00:00;0.06336409003399726;0.05298493152994344;0.06163423028332162
2022-03-20 11:00:00;0.08189712739729832;0.06761644077399315;0.0795170129600808
2022-03-20 12:00:00;0.059378034487344314;0.05010864977191309;0.05783313703477245
2022-03-20 13:00:00;0.05055999033544832;0.04257520744268698;0.049229193186654766
2022-03-20 14:00:00;0.0362857440140313;0.031619351232693556;0.035508011883808345
2022-03-20 15:00:00;0.04119023297277768;0.03531419688573482;0.0402108936249372
2022-03-20 16:00:00;0.029502497415253678;0.026243659319177836;0.028959357732574374
2022-03-20 17:00:00;0.018949745615584178;0.018014700650919438;0.018793904788140053
2022-03-20 18:00:00;0.021628949365764146;0.021628949365764146;0.021628949365764146
2022-03-20 19:00:00;0.021804294538616615;0.021804294538616615;0.021804294538616615
2022-03-20 20:00:00;0.026822751952261532;0.026822751952261532;0.026822751952261532
2022-03-20 21:00:00;0.026858725339803043;0.026858725339803043;0.026858725339803043
2022-03-20 22:00:00;0.022215662782615723;0.022215662782615723;0.022215662782615723
2022-03-20 23:00:00;0.016841469352361357;0.016841469352361357;0.016841469352361357
2022-03-21 00:00:00;0.015273832432530499;0.015273832432530499;0.015273832432530499
2022-03-21 01:00:00;0.026855505002180948;0.026855505002180948;0.026855505002180948
2022-03-21 02:00:00;0.03610943837151758;0.03610943837151758;0.03610943837151758
2022-03-21 03:00:00;0.04062435288580271;0.04062435288580271;0.04062435288580271
2022-03-21 04:00:00;0.03618528944601062;0.03618528944601062;0.03618528944601062
2022-03-21 05:00:00;0.0269009321362637;0.02667144887537412;0.02686268492611544
2022-03-21 06:00:00;0.03770406618324603;0.035116051186648685;0.03727273035047981
2022-03-21 07:00:00;0.05866826587968563;0.052413825643195466;0.05762585917360393
2022-03-21 08:00:00;0.08226147873491915;0.0700864283253145;0.08023230366665171
2022-03-21 09:00:00;0.0842727303738617;0.06997971352830383;0.08189056089960206
2022-03-21 10:00:00;0.1492287990331992;0.13138262513730228;0.14625443671721639
2022-03-21 11:00:00;0.09787521610470123;0.08809714338001076;0.09624553731725285
2022-03-21 12:00:00;0.1183347671785721;0.10572884971529976;0.11623378093469339
2022-03-21 13:00:00;0.13872437328822468;0.12357485214233495;0.13619945309724305
2022-03-21 14:00:00;0.17261577086204608;0.15099958122481555;0.16901307258917433
2022-03-21 15:00:00;0.11911456913222121;0.11004292083295346;0.11760262774900992
2022-03-21 16:00:00;0.09095189305176404;0.0843764785750757;0.08985599063898266
2022-03-21 17:00:00;0.07749723174053758;0.07550160104231722;0.07716462662416752
2022-03-21 18:00:00;0.060534994000153976;0.060534994000153976;0.060534994000153976
2022-03-21 19:00:00;0.055056465392521445;0.055056465392521445;0.055056465392521445
2022-03-21 20:00:00;0.047526146841866346;0.047526146841866346;0.047526146841866346
2022-03-21 21:00:00;0.05985767907951984;0.05985767907951984;0.05985767907951984
2022-03-21 22:00:00;0.056973736302278206;0.056973736302278206;0.056973736302278206
2022-03-21 23:00:00;0.053856582595003276;0.053856582595003276;0.053856582595003276
2022-03-22 00:00:00;0.037631587003168016;0.037631587003168016;0.037631587003168016
2022-03-22 01:00:00;0.035933421419156855;0.035933421419156855;0.035933421419156855
2022-03-22 02:00:00;0.04371317879032305;0.04371317879032305;0.04371317879032305
2022-03-22 03:00:00;0.04662216411519413;0.04662216411519413;0.04662216411519413
2022-03-22 04:00:00;0.05099148593426412;0.05099148593426412;0.05099148593426412
2022-03-22 05:00:00;0.04941522679440522;0.04941522679440522;0.04941522679440522
2022-03-22 06:00:00;0.048381722575015544;0.04580107963424189;0.047951615418219934
2022-03-22 07:00:00;0.08384747413629083;0.07432678903165184;0.08226069328551767
2022-03-22 08:00:00;0.11100472583548758;0.09627189586112551;0.1085492541730939
2022-03-22 09:00:00;0.16257726425934307;0.1365107983070044;0.15823285326728662
2022-03-22 10:00:00;0.17792807409086364;0.15130166070493073;0.1734903385265415
2022-03-22 11:00:00;;;
2022-03-22 12:00:00;0.2416769718612752;0.2044554019156612;0.23547337687033953
2022-03-22 13:00:00;0.21747050288856873;0.18696348732747248;0.2123860002950527
2022-03-22 14:00:00;0.2227167406783628;0.18853247282379895;0.2170193627026022
2022-03-22 15:00:00;0.1682468211364209;0.1485480285694692;0.16496368904192896
2022-03-22 16:00:00;0.13340846212087035;0.11831417732697277;0.1308927479885541
2022-03-22 17:00:00;0.08424981379209082;0.08022636913868311;0.08357923968318952
2022-03-22 18:00:00;0.08025508704354106;0.08025508704354106;0.08025508704354106
2022-03-22 19:00:00;0.06103636552282309;0.06103636552282309;0.06103636552282309
2022-03-22 20:00:00;0.05993732953056277;0.05993732953056277;0.05993732953056277
2022-03-22 21:00:00;0.048960957559952084;0.048960957559952084;0.048960957559952084
2022-03-22 22:00:00;0.04542346490429781;0.04542346490429781;0.04542346490429781
2022-03-22 23:00:00;0.04503371230663495;0.04503371230663495;0.04503371230663495
2022-03-23 00:00:00;0.042399701327555266;0.042399701327555266;0.042399701327555266
2022-03-23 01:00:00;0.03650038813666935;0.03650038813666935;0.03650038813666935
2022-03-23 02:00:00;0.03463458183783977;0.03463458183783977;0.03463458183783977
2022-03-23 03:00:00;0.03368708625948993;0.03368708625948993;0.03368708625948993
2022-03-23 04:00:00;0.027502965695726692;0.027502965695726692;0.027502965695726692
2022-03-23 05:00:00;0.019902529399393562;0.01973853078767967;0.019875196297441246
2022-03-23 06:00:00;0.03490674916355708;0.031091930427714937;0.03427094604091672
2022-03-23 07:00:00;0.08113686878535849;0.06805506922779146;0.07895656885909733
2022-03-23 08:00:00;0.1384203764773752;0.11410018386478853;0.1343670110419441
2022-03-23 09:00:00;0.20779104196613457;0.17016187786891934;0.2015195146165987
2022-03-23 10:00:00;0.264356457068408;0.21570828005299264;0.2562484275658387
2022-03-23 11:00:00;0.2569476828350597;0.21128182339175605;0.24933670626117574
2022-03-23 12:00:00;0.3183926561349863;0.2540404384685956;0.30766728652392117
2022-03-23 13:00:00;0.297684129576617;0.24074027267563286;0.28819348675978634
2022-03-23 14:00:00;0.2569679987031217;0.2096300658649977;0.24907834323010103
2022-03-23 15:00:00;0.19492448813078378;0.15682482012687193;0.18857454346346514
2022-03-23 16:00:00;0.13886685694730688;0.11293094075176571;0.13454420424805003
2022-03-23 17:00:00;0.06516180691164655;0.05954617288614637;0.06422586790739652
2022-03-23 18:00:00;0.049129080993314936;0.049129080993314936;0.049129080993314936
2022-03-23 19:00:00;0.04526318475430486;0.04526318475430486;0.04526318475430486
2022-03-23 20:00:00;0.04992106913581855;0.04992106913581855;0.04992106913581855
2022-03-23 21:00:00;0.051706174968893105;0.051706174968893105;0.051706174968893105
2022-03-23 22:00:00;0.04995914139645949;0.04995914139645949;0.04995914139645949
2022-03-23 23:00:00;0.0636818053483946;0.0636818053483946;0.0636818053483946
2022-03-24 00:00:00;0.05886146191224637;0.05886146191224637;0.05886146191224637
2022-03-24 01:00:00;0.06268654596010687;0.06268654596010687;0.06268654596010687
2022-03-24 02:00:00;0.05651839689852459;0.05651839689852459;0.05651839689852459
2022-03-24 03:00:00;0.05529013671282156;0.05529013671282156;0.05529013671282156
2022-03-24 04:00:00;0.05161493685152439;0.05161493685152439;0.05161493685152439
2022-03-24 05:00:00;0.02417584625711898;0.02417584625711898;0.02417584625711898
2022-03-24 06:00:00;0.01765835406442088;0.017037313366979195;0.017554847281513932
2022-03-24 07:00:00;0.022843930296010322;0.020610784612202684;0.022471739348709052
2022-03-24 08:00:00;0.03001594211320295;0.0263979878905538;0.02941294974276143
2022-03-24 09:00:00;0.03897613107785642;0.03353415160683023;0.03806913449935206
2022-03-24 10:00:00;0.05177918275338011;0.044413325748035026;0.05055153991915594
2022-03-24 11:00:00;0.07260100637609991;0.060336827571975726;0.07055697657541257
2022-03-24 12:00:00;0.05434125883357485;0.04699377927108102;0.05311667890649255
2022-03-24 13:00:00;0.06567852047183183;0.05543826552439037;0.06397181131392492
2022-03-24 14:00:00;0.045611662720856955;0.039498696351656704;0.044592834992656906
2022-03-24 15:00:00;0.03045643842087162;0.026864943362403255;0.029857855911126895
2022-03-24 16:00:00;0.023100885800985318;0.020975484059861202;0.022746652177464632
2022-03-24 17:00:00;0.016283638848254903;0.01566842586597397;0.016181103351208082
2022-03-24 18:00:00;0.014227964079037201;0.014227964079037201;0.014227964079037201
2022-03-24 19:00:00;0.012469577520655894;0.012469577520655894;0.012469577520655894
2022-03-24 20:00:00;0.015901741667363502;0.015901741667363502;0.015901741667363502
2022-03-24 21:00:00;0.014390169352710551;0.014390169352710551;0.014390169352710551
2022-03-24 22:00:00;0.015907935873877385;0.015907935873877385;0.015907935873877385
2022-03-24 23:00:00;0.015926757822566955;0.015926757822566955;0.015926757822566955
2022-03-25 00:00:00;0.017276785700107142;0.017276785700107142;0.017276785700107142
2022-03-25 01:00:00;0.017285619614091433;0.017285619614091433;0.017285619614091433
2022-03-25 02:00:00;0.019011426674637934;0.019011426674637934;0.019011426674637934
2022-03-25 03:00:00;0.01901748572063723;0.01901748572063723;0.01901748572063723
2022-03-25 04:00:00;0.020293537156364002;0.020293537156364002;0.020293537156364002
2022-03-25 05:00:00;0.02029998147138383;0.02029998147138383;0.02029998147138383
2022-03-25 06:00:00;0.023257714781031797;0.02200704781751104;0.02304927028711167
2022-03-25 07:00:00;0.027133635772991133;0.02398558393502092;0.02660896046666276
2022-03-25 08:00:00;0.03674262584171295;0.03167844346107342;0.0358985954449397
2022-03-25 09:00:00;0.05108115410855022;0.04299236731644393;0.04973302297653251
2022-03-25 10:00:00;0.06313413378562104;0.052343019056109504;0.06133561466403578
2022-03-25 11:00:00;0.06981909028207899;0.05789467970893204;0.06783168851988784
2022-03-25 12:00:00;0.07484942769389874;0.06208149632957465;0.07272143913317805
2022-03-25 13:00:00;0.10671691324288944;0.08701559586696923;0.10343336034690273
2022-03-25 14:00:00;0.08890112705721606;0.07282428745896566;0.086221653790841
2022-03-25 15:00:00;0.04408831442106837;0.03784198495544958;0.043047259510131906
2022-03-25 16:00:00;0.031926586441361024;0.027292611902829916;0.03115425735160584
2022-03-25 17:00:00;0.017043280267889413;0.01494168828862676;0.016693014938012302
2022-03-25 18:00:00;0.015049853116309818;0.015049853116309818;0.015049853116309818
2022-03-25 19:00:00;0.013754179710943788;0.013754179710943788;0.013754179710943788
2022-03-25 20:00:00;0.01375503122841638;0.01375503122841638;0.01375503122841638
2022-03-25 21:00:00;0.01456862085266903;0.01456862085266903;0.01456862085266903
2022-03-25 22:00:00;0.013643725879310347;0.013643725879310347;0.013643725879310347
2022-03-25 23:00:00;0.014570549703524619;0.014570549703524619;0.014570549703524619
2022-03-26 00:00:00;0.013750750690138413;0.013750750690138413;0.013750750690138413
2022-03-26 01:00:00;0.012738598736908004;0.012738598736908004;0.012738598736908004
2022-03-26 02:00:00;0.013657321883299331;0.013657321883299331;0.013657321883299331
2022-03-26 03:00:00;0.012105127987531458;0.012105127987531458;0.012105127987531458
2022-03-26 04:00:00;0.014589177306008113;0.014589177306008113;0.014589177306008113
2022-03-26 05:00:00;0.008853026630654516;0.008644984545734636;0.008818352949834537
2022-03-26 06:00:00;0.02272004560871646;0.016798445667468458;0.021733112285175136
2022-03-26 07:00:00;0.06811119188755131;0.05262019801370617;0.0655293595752438
2022-03-26 08:00:00;0.1252048667803262;0.09804865498227806;0.12067883148065152
2022-03-26 09:00:00;0.16477626270744844;0.13055924909601738;0.15907342710554329
2022-03-26 10:00:00;0.1561150067330663;0.12664492285106202;0.1512033260860656
2022-03-26 11:00:00;0.19969739289325456;0.16348159136395782;0.19366142597170508
2022-03-26 12:00:00;0.17197193425390744;0.14272590570930901;0.16709759616314104
2022-03-26 13:00:00;0.15942590344096125;0.1288350108302941;0.15432742133918342
2022-03-26 14:00:00;0.12741361951485108;0.10527971069141225;0.12372463471094464
2022-03-26 15:00:00;0.11266167229266874;0.09529958778894924;0.10976799154204883
2022-03-26 16:00:00;0.07415016664578478;0.06301329381618953;0.07229402117418557
2022-03-26 17:00:00;0.03557890383384725;0.031690344640492515;0.03493081063495479
2022-03-26 18:00:00;0.029643508668867134;0.029643508668867134;0.029643508668867134
2022-03-26 19:00:00;0.022746355787546885;0.022746355787546885;0.022746355787546885
2022-03-26 20:00:00;0.020085476570321607;0.020085476570321607;0.020085476570321607
2022-03-26 21:00:00;0.017562718676193176;0.017562718676193176;0.017562718676193176
2022-03-26 22:00:00;0.016290147913791422;0.016290147913791422;0.016290147913791422
2022-03-26 23:00:00;0.015661881360480415;0.015661881360480415;0.015661881360480415
2022-03-27 00:00:00;0.015480174047094503;0.015480174047094503;0.015480174047094503
2022-03-27 01:00:00;0.01512337251539236;0.01512337251539236;0.01512337251539236
2022-03-27 02:00:00;0.013794215816329726;0.013794215816329726;0.013794215816329726
2022-03-27 03:00:00;0.013966716372409704;0.013966716372409704;0.013966716372409704
2022-03-27 04:00:00;0.01388829574457755;0.01388829574457755;0.01388829574457755
2022-03-27 05:00:00;0.013705957278910896;0.013705957278910896;0.013705957278910896
2022-03-27 06:00:00;0.0174077974110357;0.015396422756743137;0.017072568301986942
2022-03-27 07:00:00;0.06902400224496633;0.05773205154143276;0.06714201046104407
2022-03-27 08:00:00;0.06044786140306041;0.052503586795644784;0.059123815635157805
2022-03-27 09:00:00;0.08924680516444713;0.07610732693866987;0.08705689212681761
2022-03-27 10:00:00;0.11730527246355553;0.09943486861418006;0.11432687182199297
2022-03-27 11:00:00;0.15151779595918458;0.12691145280547328;0.14741673876689937
2022-03-27 12:00:00;0.15118616443868257;0.12891370427146223;0.1474740877441459
2022-03-27 13:00:00;0.12643067051671877;0.11018936868934619;0.12372378687882335
2022-03-27 14:00:00;0.13444274868575054;0.1154944869102709;0.13128470505650394
2022-03-27 15:00:00;0.08847238776003098;0.07724205000231366;0.08660066480041143
2022-03-27 16:00:00;0.06278487329404933;0.05803843966233744;0.06199380102209736
2022-03-27 17:00:00;0.03967209896796877;0.037984975965399154;0.03939091180087384
2022-03-27 18:00:00;0.03814464515381226;0.0380076377740267;0.03812181059051467
2022-03-27 19:00:00;0.032970673251479767;0.032970673251479767;0.032970673251479767
2022-03-27 20:00:00;0.023844961156361578;0.023844961156361578;0.023844961156361578
2022-03-27 21:00:00;0.02778174908996687;0.02778174908996687;0.02778174908996687
2022-03-27 22:00:00;0.028367436881781942;0.028367436881781942;0.028367436881781942
2022-03-27 23:00:00;0.02500198766273216;0.02500198766273216;0.02500198766273216
2022-03-28 00:00:00;0.02218491394789249;0.02218491394789249;0.02218491394789249
2022-03-28 01:00:00;0.023441696057835252;0.023441696057835252;0.023441696057835252
2022-03-28 02:00:00;0.022848183896338817;0.022848183896338817;0.022848183896338817
2022-03-28 03:00:00;0.019792338536631704;0.019792338536631704;0.019792338536631704
2022-03-28 04:00:00;0.018135538981372174;0.018135538981372174;0.018135538981372174
2022-03-28 05:00:00;0.014555795644091672;0.014376569843436472;0.014525924677315805
2022-03-28 06:00:00;0.023336170783095106;0.021665663393694932;0.023057752884861744
2022-03-28 07:00:00;0.04323150139908089;0.03777363017973551;0.042321856195856655
2022-03-28 08:00:00;0.06851934733633036;0.05715351658507061;0.06662504221112041
2022-03-28 09:00:00;0.08300322873702656;0.07000513911474322;0.08083688046664601
2022-03-28 10:00:00;0.1276743932814155;0.10542617126369129;0.12396635627846148
2022-03-28 11:00:00;0.12050987916196974;0.1007237373700153;0.11721218886331068
2022-03-28 12:00:00;0.1303770968428904;0.1087837238481097;0.1267782013437603
2022-03-28 13:00:00;0.13468394948930026;0.11125073183539269;0.13077841321364903
2022-03-28 14:00:00;0.13353309505884456;0.11107132417667762;0.1297894665784834
2022-03-28 15:00:00;0.08805557491459824;0.07639434173703691;0.08611203605167135
2022-03-28 16:00:00;0.05910734883778594;0.05248635246579782;0.0580038494424546
2022-03-28 17:00:00;0.03103880075168581;0.02875550479493088;0.030658251425559984
2022-03-28 18:00:00;0.03672286968517105;0.03672286968517105;0.03672286968517105
2022-03-28 19:00:00;0.03191082366001577;0.03191082366001577;0.03191082366001577
2022-03-28 20:00:00;0.02976100888753094;0.02976100888753094;0.02976100888753094
2022-03-28 21:00:00;0.026993120296871;0.026993120296871;0.026993120296871
2022-03-28 22:00:00;0.018911765584938393;0.018911765584938393;0.018911765584938393
2022-03-28 23:00:00;0.028730191906887415;0.028730191906887415;0.028730191906887415
2022-03-29 00:00:00;0.03181433040429599;0.03181433040429599;0.03181433040429599
2022-03-29 01:00:00;0.03046899550235975;0.03046899550235975;0.03046899550235975
2022-03-29 02:00:00;0.027511676903017868;0.027511676903017868;0.027511676903017868
2022-03-29 03:00:00;0.024308653358261986;0.024308653358261986;0.024308653358261986
2022-03-29 04:00:00;0.027510068073087566;0.027510068073087566;0.027510068073087566
2022-03-29 05:00:00;0.023632902081775264;0.02351479360685606;0.023613217335955394
2022-03-29 06:00:00;0.029388068523365014;0.027921176695347084;0.029143586552028693
2022-03-29 07:00:00;0.04753917377907038;0.04349824224134325;0.04686568518944919
2022-03-29 08:00:00;0.06813736050728209;0.059620286762327376;0.06671784821645631
2022-03-29 09:00:00;0.08986288598909223;0.07837197226232079;0.087947733701297
2022-03-29 10:00:00;0.13458723662652372;0.11536492636704121;0.1313835182499433
2022-03-29 11:00:00;0.17044795708756277;0.14381170690316752;0.16600858205683025
2022-03-29 12:00:00;;;
2022-03-29 13:00:00;0.20070628870927204;0.16884383870418165;0.19539588037509034
2022-03-29 14:00:00;0.16751874222680005;0.14177587882191553;0.16322826499265267
2022-03-29 15:00:00;0.11851635231473354;0.10478641377706684;0.11622802922512243
2022-03-29 16:00:00;0.08855104987219954;0.08146340645229863;0.08736977596888273
2022-03-29 17:00:00;0.06473579422730438;0.06137237588992773;0.06417522450440827
2022-03-29 18:00:00;0.05671407534685655;0.05642145157709483;0.05666530471856294
2022-03-29 19:00:00;0.05295695139548609;0.05295695139548609;0.05295695139548609
2022-03-29 20:00:00;0.042931980078960055;0.042931980078960055;0.042931980078960055
2022-03-29 21:00:00;0.03364661432763076;0.03364661432763076;0.03364661432763076
2022-03-29 22:00:00;0.039912868521567745;0.039912868521567745;0.039912868521567745
2022-03-29 23:00:00;0.03988060126216273;0.03988060126216273;0.03988060126216273
2022-03-30 00:00:00;0.03645885639564586;0.03645885639564586;0.03645885639564586
2022-03-30 01:00:00;0.03771498602821147;0.03771498602821147;0.03771498602821147
2022-03-30 02:00:00;0.03045120644025179;0.03045120644025179;0.03045120644025179
2022-03-30 03:00:00;0.027248317964356724;0.027248317964356724;0.027248317964356724
2022-03-30 04:00:00;0.02538547125553563;0.02538547125553563;0.02538547125553563
2022-03-30 05:00:00;0.013333500613190913;0.012841173540054276;0.013251446101001475
2022-03-30 06:00:00;0.03952205973141927;0.03283516821721788;0.03840757781238571
2022-03-30 07:00:00;0.08316784744065694;0.07034534490730845;0.08103076368509887
2022-03-30 08:00:00;0.1311326732787823;0.10880813909664402;0.12741191758175927
2022-03-30 09:00:00;0.18920692366092637;0.1562579731009736;0.18371543190093423
2022-03-30 10:00:00;0.2673648358923241;0.21677862812524396;0.25893380126447746
2022-03-30 11:00:00;;;
2022-03-30 12:00:00;0.35624187506749133;0.28450934697464336;0.3442864537186834
2022-03-30 13:00:00;0.2462061390550474;0.20809607823838183;0.23985446225226983
2022-03-30 14:00:00;0.19371823672635774;0.16534131554185472;0.1889887498622739
2022-03-30 15:00:00;0.1363590189801192;0.11923071279718322;0.13350430128296323
2022-03-30 16:00:00;0.08843771861879078;0.08075226914609997;0.08715681037334233
2022-03-30 17:00:00;0.052114512245863207;0.050082346152154754;0.0517758178969118
2022-03-30 18:00:00;0.047595599879907385;0.047595599879907385;0.047595599879907385
2022-03-30 19:00:00;0.039872534537521404;0.039872534537521404;0.039872534537521404
2022-03-30 20:00:00;0.02624589658413113;0.02624589658413113;0.02624589658413113
2022-03-30 21:00:00;0.02937717137081521;0.02937717137081521;0.02937717137081521
2022-03-30 22:00:00;0.01610184872656502;0.01610184872656502;0.01610184872656502
2022-03-30 23:00:00;0.0134337982557039;0.0134337982557039;0.0134337982557039
2022-03-31 00:00:00;0.013484257178477671;0.013484257178477671;0.013484257178477671
2022-03-31 01:00:00;0.013487145623340592;0.013487145623340592;0.013487145623340592
2022-03-31 02:00:00;0.013356869509584191;0.013356869509584191;0.013356869509584191
2022-03-31 03:00:00;0.013831845281698835;0.013831845281698835;0.013831845281698835
2022-03-31 04:00:00;0.015136353022076427;0.015136353022076427;0.015136353022076427
2022-03-31 05:00:00;0.007930826100582362;0.00752725783241265;0.007863564722554077
2022-03-31 06:00:00;0.018794580850834974;0.01657501280169473;0.018424652842644933
2022-03-31 07:00:00;0.03331109812318299;0.02853125897120893;0.03251445826452065
2022-03-31 08:00:00;0.078092558115583;0.0632399598796816;0.0756171250762661
2022-03-31 09:00:00;0.1241624188366408;0.10132627101886679;0.12035639420034515
2022-03-31 10:00:00;0.11087891920827986;0.0925469507918356;0.1078235911388725
2022-03-31 11:00:00;0.08464970529187972;0.07047681026006827;0.08228755611991115
2022-03-31 12:00:00;0.07093649552100094;0.060082033998984805;0.06912741860066493
2022-03-31 13:00:00;0.042823112605067416;0.03765337573761557;0.04196148979382545
2022-03-31 14:00:00;0.04532374397056109;0.039020194729100635;0.04427315243031769
2022-03-31 15:00:00;0.030339782939736;0.027262726112148052;0.029826940135138015
2022-03-31 16:00:00;0.04214438790995772;0.03498025926933809;0.040950366469854456
2022-03-31 17:00:00;0.01791056868265733;0.01691747742513467;0.01774505347307022
2022-03-31 18:00:00;0.0162795407595342;0.0162795407595342;0.0162795407595342
2022-03-31 19:00:00;0.015092754009655696;0.015092754009655696;0.015092754009655696
2022-03-31 20:00:00;0.01517327000603212;0.01517327000603212;0.01517327000603212
2022-03-31 21:00:00;0.015299055345456397;0.015299055345456397;0.015299055345456397
2022-03-31 22:00:00;0.014631522714944436;0.014631522714944436;0.014631522714944436
2022-03-31 23:00:00;0.016087581795370197;0.016087581795370197;0.016087581795370197
2022-04-01 00:00:00;0.01613689148091546;0.01613689148091546;0.01613689148091546
2022-04-01 01:00:00;0.015906227044765874;0.015906227044765874;0.015906227044765874
2022-04-01 02:00:00;0.014425231800458875;0.014425231800458875;0.014425231800458875
2022-04-01 03:00:00;0.015042170230985336;0.015042170230985336;0.015042170230985336
2022-04-01 04:00:00;0.015397376074979418;0.015397376074979418;0.015397376074979418
2022-04-01 05:00:00;0.007360294570737077;0.0069082042043278205;0.007284946176335536
2022-04-01 06:00:00;0.02223413012572289;0.018842324892236813;0.02166882925347521
2022-04-01 07:00:00;0.05760556470824057;0.046085372598968805;0.055685532690028614
2022-04-01 08:00:00;0.20515294718058397;0.1604596332413862;0.19770406152405104
2022-04-01 09:00:00;0.1788188333041858;0.14196697471879113;0.1726768568732867
2022-04-01 10:00:00;0.08852373603885647;0.07260083326635526;0.08586991891010626
2022-04-01 11:00:00;0.07822735441464196;0.0664638842268584;0.07626677605001136
2022-04-01 12:00:00;0.07916801076611397;0.06874866136582762;0.07743145253273291
2022-04-01 13:00:00;0.10074916889350372;0.08331460997873784;0.09784340907437607
2022-04-01 14:00:00;0.11593944809714565;0.09691544267999877;0.11276878052762115
2022-04-01 15:00:00;0.11518071838936371;0.09622575771815747;0.112021558277496
2022-04-01 16:00:00;0.057849201604557164;0.0524619390752881;0.05695132451634565
2022-04-01 17:00:00;0.03310638894729416;0.030441871201737105;0.032662302656367985
2022-04-01 18:00:00;0.033453814936204966;0.03329491064675495;0.0334273308879633
2022-04-01 19:00:00;0.03444910839387018;0.03444910839387018;0.03444910839387018
2022-04-01 20:00:00;0.04281835979595093;0.04281835979595093;0.04281835979595093
2022-04-01 21:00:00;0.029959727664495575;0.029959727664495575;0.029959727664495575
2022-04-01 22:00:00;0.04641543277799544;0.04641543277799544;0.04641543277799544
2022-04-01 23:00:00;0.046441008585098864;0.046441008585098864;0.046441008585098864
2022-04-02 00:00:00;0.046535517807768594;0.046535517807768594;0.046535517807768594
2022-04-02 01:00:00;0.03866633401991486;0.03866633401991486;0.03866633401991486
2022-04-02 02:00:00;0.040151961757931676;0.040151961757931676;0.040151961757931676
2022-04-02 03:00:00;0.045611125084835835;0.045611125084835835;0.045611125084835835
2022-04-02 04:00:00;0.03793834522139205;0.03793834522139205;0.03793834522139205
2022-04-02 05:00:00;0.036433827598293576;0.036029185577492275;0.036366387261493355
2022-04-02 06:00:00;0.05656178405499358;0.05031167328390503;0.05552009892647882
2022-04-02 07:00:00;0.10413325266121276;0.08860753754904516;0.1015456334758515
2022-04-02 08:00:00;0.1562464581070704;0.13248409513550463;0.15228606427847613
2022-04-02 09:00:00;0.21416955500502205;0.18125297701502333;0.2086834586733556
2022-04-02 10:00:00;;;
2022-04-02 11:00:00;;;
2022-04-02 12:00:00;;;
2022-04-02 13:00:00;0.32797312340565227;0.2785980823396364;0.3197439498946496
2022-04-02 14:00:00;0.3001554806595024;0.25484126686585057;0.29260311169389386
2022-04-02 15:00:00;0.2542465440812965;0.21179533397066147;0.2471713423961907
2022-04-02 16:00:00;0.17989187853980132;0.15778457239181784;0.17620732751513743
2022-04-02 17:00:00;0.10690686784233339;0.09789111729235699;0.10540424275067066
2022-04-02 18:00:00;0.07075449670325362;0.07024368229481741;0.07066936096851426
2022-04-02 19:00:00;0.056622381778791135;0.056622381778791135;0.056622381778791135
2022-04-02 20:00:00;0.0406055585400049;0.0406055585400049;0.0406055585400049
2022-04-02 21:00:00;0.03908435483040097;0.03908435483040097;0.03908435483040097
2022-04-02 22:00:00;0.02854129334392204;0.02854129334392204;0.02854129334392204
2022-04-02 23:00:00;0.02233400178724415;0.02233400178724415;0.02233400178724415
2022-04-03 00:00:00;0.028448783842520524;0.028448783842520524;0.028448783842520524
2022-04-03 01:00:00;0.048576233989748065;0.048576233989748065;0.048576233989748065
2022-04-03 02:00:00;0.02030959682870517;0.02030959682870517;0.02030959682870517
2022-04-03 03:00:00;0.020705872189652825;0.020705872189652825;0.020705872189652825
2022-04-03 04:00:00;0.03367767203694725;0.03367767203694725;0.03367767203694725
2022-04-03 05:00:00;-0.002702346506353598;-0.00387867428742829;-0.0028984011365327136
2022-04-03 06:00:00;0.04269991077599573;0.03421575472176035;0.04128588476695651
2022-04-03 07:00:00;0.09791849437907896;0.07827880908657359;0.09464521349699472
2022-04-03 08:00:00;0.1492428793254791;0.12632893181304025;0.14542388807340598
2022-04-03 09:00:00;0.17724672791491214;0.15409075967462574;0.17338739987486443
2022-04-03 10:00:00;0.20781753081843543;0.18121596432219955;0.20338393640239608
2022-04-03 11:00:00;0.23595565436879617;0.20187473833948272;0.23027550169724392
2022-04-03 12:00:00;0.20052100645067886;0.17409457510148799;0.19611660122581376
2022-04-03 13:00:00;0.24651325328416335;0.2096729477362113;0.24037320235950468
2022-04-03 14:00:00;0.2242527850660913;0.19285439570539123;0.21901972017264132
2022-04-03 15:00:00;0.15601907518264563;0.13108941672118932;0.15186413210573624
2022-04-03 16:00:00;0.1047237953886895;0.09164400988840156;0.10254383113864152
2022-04-03 17:00:00;0.06441508302586929;0.059989749013476236;0.06367752735713711
2022-04-03 18:00:00;0.07527514891850715;0.07503256341994295;0.07523471800207979
2022-04-03 19:00:00;0.0883042953143002;0.0883042953143002;0.0883042953143002
2022-04-03 20:00:00;0.07394122540235723;0.07394122540235723;0.07394122540235723
2022-04-03 21:00:00;0.0774104701203626;0.0774104701203626;0.0774104701203626
2022-04-03 22:00:00;0.06255002608945866;0.06255002608945866;0.06255002608945866
2022-04-03 23:00:00;0.06651625422864148;0.06651625422864148;0.06651625422864148
2022-04-04 00:00:00;0.06720942549821607;0.06720942549821607;0.06720942549821607
2022-04-04 01:00:00;0.06922638249740265;0.06922638249740265;0.06922638249740265
2022-04-04 02:00:00;0.07174104199870969;0.07174104199870969;0.07174104199870969
2022-04-04 03:00:00;0.06542327176105418;0.06542327176105418;0.06542327176105418
2022-04-04 04:00:00;0.06911113787861349;0.06911113787861349;0.06911113787861349
2022-04-04 05:00:00;0.044022416117587615;0.04328549215105325;0.043899595456498554
2022-04-04 06:00:00;0.07348551052416494;0.06459291133955064;0.07200341066006256
2022-04-04 07:00:00;0.14602835044526208;0.12578115732271652;0.14265381825817117
2022-04-04 08:00:00;0.22194700336647968;0.18956578288143028;0.21655013328563816
2022-04-04 09:00:00;0.2888219421958453;0.2450528588840402;0.2815270949772112
2022-04-04 10:00:00;;;
2022-04-04 11:00:00;;;
2022-04-04 12:00:00;;;
2022-04-04 13:00:00;;;
2022-04-04 14:00:00;;;
2022-04-04 15:00:00;0.3139158316988221;0.2706732058626136;0.30670872739278743
2022-04-04 16:00:00;0.19983281861385713;0.16978145600226577;0.19482425817859195
2022-04-04 17:00:00;0.12665872839473424;0.1165215990868757;0.1249692068434245
2022-04-04 18:00:00;0.09451867362844349;0.09399811521929802;0.09443191389358592
2022-04-04 19:00:00;0.06797915379292663;0.06797915379292663;0.06797915379292663
2022-04-04 20:00:00;0.06021276561567754;0.06021276561567754;0.06021276561567754
2022-04-04 21:00:00;0.04110688003872254;0.04110688003872254;0.04110688003872254
2022-04-04 22:00:00;0.03634685279672234;0.03634685279672234;0.03634685279672234
2022-04-04 23:00:00;0.039896613711023175;0.039896613711023175;0.039896613711023175
2022-04-05 00:00:00;0.03919410999740591;0.03919410999740591;0.03919410999740591
2022-04-05 01:00:00;0.03508744415625771;0.03508744415625771;0.03508744415625771
2022-04-05 02:00:00;0.049230547816080404;0.049230547816080404;0.049230547816080404
2022-04-05 03:00:00;0.04649629369318168;0.04649629369318168;0.04649629369318168
2022-04-05 04:00:00;0.025818540356122674;0.025818540356122674;0.025818540356122674
2022-04-05 05:00:00;0.030845621384398312;0.029730815472966705;0.03065982039915971
2022-04-05 06:00:00;0.06852721833700129;0.05945376677399595;0.06701497640983374
2022-04-05 07:00:00;0.14575497469778656;0.1244688615298017;0.1422072891697891
2022-04-05 08:00:00;0.22999240768558218;0.19203480127091752;0.22366613994980475
2022-04-05 09:00:00;0.3120823716842431;0.25928610945361324;0.30328299464580477
2022-04-05 10:00:00;;;
2022-04-05 11:00:00;;;
2022-04-05 12:00:00;;;
2022-04-05 13:00:00;;;
2022-04-05 14:00:00;0.3355521369867715;0.281400559693403;0.32652687410454345
2022-04-05 15:00:00;0.2721655091713601;0.2308902429843224;0.26528629814018717
2022-04-05 16:00:00;0.19323660315573693;0.1666539590836589;0.1888061624770573
2022-04-05 17:00:00;0.12245784278124573;0.11191341007503394;0.12070043733021042
2022-04-05 18:00:00;0.07658985915811359;0.07605463508114448;0.0765006551452854
2022-04-05 19:00:00;0.04089239903800041;0.04089239903800041;0.04089239903800041
2022-04-05 20:00:00;0.041379395947743175;0.041379395947743175;0.041379395947743175
2022-04-05 21:00:00;0.02767324650826588;0.02767324650826588;0.02767324650826588
2022-04-05 22:00:00;0.02691790222572308;0.02691790222572308;0.02691790222572308
2022-04-05 23:00:00;0.02161490539323336;0.02161490539323336;0.02161490539323336
2022-04-06 00:00:00;0.022101562799797095;0.022101562799797095;0.022101562799797095
2022-04-06 01:00:00;0.02209928150012893;0.02209928150012893;0.02209928150012893
2022-04-06 02:00:00;0.019176928657538037;0.019176928657538037;0.019176928657538037
2022-04-06 03:00:00;0.0215383201816491;0.0215383201816491;0.0215383201816491
2022-04-06 04:00:00;0.024437398437857256;0.024437398437857256;0.024437398437857256
2022-04-06 05:00:00;0.007728353657611518;0.0060707795989960595;0.007452091314508941
2022-04-06 06:00:00;0.054944576569893204;0.04360745312147259;0.05305505599515643
2022-04-06 07:00:00;0.13715156064269213;0.10866067449096678;0.13240307961740455
2022-04-06 08:00:00;0.23335307047915152;0.19375017850639797;0.22675258848369256
2022-04-06 09:00:00;0.3111728974271636;0.25941611436985235;0.3025467669176118
2022-04-06 10:00:00;0.3857508670970553;0.32162376298702355;0.3750630164120501
2022-04-06 11:00:00;;;
2022-04-06 12:00:00;;;
2022-04-06 13:00:00;0.4228999370755029;0.3498042445774408;0.41071732165915925
2022-04-06 14:00:00;0.37536094787812435;0.3099410739173193;0.3644576355513235
2022-04-06 15:00:00;0.30751128597290656;0.2561515752025311;0.298951334177844
2022-04-06 16:00:00;0.21395269416061213;0.18132120712526711;0.20851411298805467
2022-04-06 17:00:00;0.13710625690746617;0.1293035244775867;0.13580580150248628
2022-04-06 18:00:00;0.09673606730151782;0.09619258548371779;0.09664548699855115
2022-04-06 19:00:00;0.08345863902908283;0.08345863902908283;0.08345863902908283
2022-04-06 20:00:00;0.10053032517364388;0.10053032517364388;0.10053032517364388
2022-04-06 21:00:00;0.08801683381675297;0.08801683381675297;0.08801683381675297
2022-04-06 22:00:00;0.07804050427638591;0.07804050427638591;0.07804050427638591
2022-04-06 23:00:00;0.10194698813862636;0.10194698813862636;0.10194698813862636
2022-04-07 00:00:00;0.10048898395120746;0.10048898395120746;0.10048898395120746
2022-04-07 01:00:00;0.09991690294943631;0.09991690294943631;0.09991690294943631
2022-04-07 02:00:00;0.0901510486457837;0.0901510486457837;0.0901510486457837
2022-04-07 03:00:00;0.08853698827027376;0.08853698827027376;0.08853698827027376
2022-04-07 04:00:00;0.07866096195948286;0.07866096195948286;0.07866096195948286
2022-04-07 05:00:00;0.06300912528055891;0.06280954318026721;0.06297586159717695
2022-04-07 06:00:00;0.05270799877369894;0.050769297708696925;0.05238488192953194
2022-04-07 07:00:00;0.08409674961064233;0.07953537655667395;0.08333652076831426
2022-04-07 08:00:00;0.07901376761360397;0.07476051744249125;0.07830489258508518
2022-04-07 09:00:00;0.09267162875317515;0.084691127231307;0.09134154516619715
2022-04-07 10:00:00;0.09312039529058086;0.08079643279954027;0.09106640154207409
2022-04-07 11:00:00;0.1042509497331733;0.08943654880757536;0.10178188291224032
2022-04-07 12:00:00;0.10202510099792998;0.08977141874684659;0.09998282062274942
2022-04-07 13:00:00;0.1016624133443585;0.09248359609477154;0.10013261046942733
2022-04-07 14:00:00;0.08140033362752684;0.07190414124879986;0.079817634897739
2022-04-07 15:00:00;0.05653506771600444;0.050372855293495715;0.055508032312252986
2022-04-07 16:00:00;0.04112961013493847;0.03847113021829694;0.04068653014883155
2022-04-07 17:00:00;0.021914819567304983;0.021190591601763013;0.02179411490638132
2022-04-07 18:00:00;0.021635305058381713;0.021635305058381713;0.021635305058381713
2022-04-07 19:00:00;0.019499383266691594;0.019499383266691594;0.019499383266691594
2022-04-07 20:00:00;0.01878231302261539;0.01878231302261539;0.01878231302261539
2022-04-07 21:00:00;0.015957015517163615;0.015957015517163615;0.015957015517163615
2022-04-07 22:00:00;0.015898146585588295;0.015898146585588295;0.015898146585588295
2022-04-07 23:00:00;0.014093627066420622;0.014093627066420622;0.014093627066420622
2022-04-08 00:00:00;0.0139557890216607;0.0139557890216607;0.0139557890216607
2022-04-08 01:00:00;0.010871291682814897;0.010871291682814897;0.010871291682814897
2022-04-08 02:00:00;0.012694951134802667;0.012694951134802667;0.012694951134802667
2022-04-08 03:00:00;0.012526527092061448;0.012526527092061448;0.012526527092061448
2022-04-08 04:00:00;0.013861550525022547;0.013861550525022547;0.013861550525022547
2022-04-08 05:00:00;0.010727902690406214;0.010582544465112476;0.010703676319523927
2022-04-08 06:00:00;0.01811770675725595;0.017331304126639954;0.017986639652153285
2022-04-08 07:00:00;0.02353133646812043;0.02102902230424547;0.023114284107474604
2022-04-08 08:00:00;0.03349928395144156;0.0293859500261247;0.03281372829722208
2022-04-08 09:00:00;0.04524031782392253;0.03867982427775764;0.04414690223289505
2022-04-08 10:00:00;0.06173899597287248;0.05259222827913993;0.06021453469058373
2022-04-08 11:00:00;0.09301426329149039;0.07668374961183946;0.09029251101154857
2022-04-08 12:00:00;0.09266277415651862;0.07665464918649557;0.08999475332818145
2022-04-08 13:00:00;0.06378129994354922;0.05402025890400094;0.06215445977029119
2022-04-08 14:00:00;0.05210488805219025;0.04429312524362774;0.0508029275840965
2022-04-08 15:00:00;0.0469407891054845;0.039959443706559905;0.04577723153899707
2022-04-08 16:00:00;0.033151766642168484;0.028649252221551864;0.03240134757206572
2022-04-08 17:00:00;0.02005814819815992;0.018132246211675303;0.01973716453374582
2022-04-08 18:00:00;0.011174333241886105;0.010891954339434953;0.01112727009147758
2022-04-08 19:00:00;0.014567185590393066;0.014567185590393066;0.014567185590393066
2022-04-08 20:00:00;0.01467017039275073;0.01467017039275073;0.01467017039275073
2022-04-08 21:00:00;0.01371442570324068;0.01371442570324068;0.01371442570324068
2022-04-08 22:00:00;0.01436038503145796;0.01436038503145796;0.01436038503145796
2022-04-08 23:00:00;0.01435963356259062;0.01435963356259062;0.01435963356259062
2022-04-09 00:00:00;0.014348402982703238;0.014348402982703238;0.014348402982703238
2022-04-09 01:00:00;0.012651161728758376;0.012651161728758376;0.012651161728758376
2022-04-09 02:00:00;0.012650316935438943;0.012650316935438943;0.012650316935438943
2022-04-09 03:00:00;0.01378082534512888;0.01378082534512888;0.01378082534512888
2022-04-09 04:00:00;0.013605802353952819;0.013605802353952819;0.013605802353952819
2022-04-09 05:00:00;0.009835094932429178;0.009043910136395288;0.009703230799756863
2022-04-09 06:00:00;0.025180103713064207;0.02111653192205032;0.024502841747895226
2022-04-09 07:00:00;0.05555701471887582;0.045099998707001425;0.053814178716896754
2022-04-09 08:00:00;0.10366373301079831;0.0831597468551601;0.10024640198485862
2022-04-09 09:00:00;0.07864508523196363;0.06456854580939288;0.07629899532820186
2022-04-09 10:00:00;0.15612569472936716;0.12651946537179423;0.15119132316977166
2022-04-09 11:00:00;0.2192307799285678;0.17634290973175223;0.2120828015624319
2022-04-09 12:00:00;0.14498168543465098;0.1198143714623136;0.1407871331059281
2022-04-09 13:00:00;0.11531002262649542;0.09762802728011918;0.1123630234020994
2022-04-09 14:00:00;0.11401785989170915;0.09547953083329226;0.110928138381973
2022-04-09 15:00:00;0.11703727971961811;0.09663053699660983;0.11363615593245009
2022-04-09 16:00:00;0.06061455341506108;0.052548185270010365;0.059270158724219306
2022-04-09 17:00:00;0.030807732112174406;0.028545188214529112;0.030430641462566858
2022-04-09 18:00:00;0.015711365236706618;0.015428936175341267;0.01566429372647906
2022-04-09 19:00:00;0.018094427837795177;0.018094427837795177;0.018094427837795177
2022-04-09 20:00:00;0.015626682076737546;0.015626682076737546;0.015626682076737546
2022-04-09 21:00:00;0.015807451559915735;0.015807451559915735;0.015807451559915735
2022-04-09 22:00:00;0.016664937753038456;0.016664937753038456;0.016664937753038456
2022-04-09 23:00:00;0.01660582840166133;0.01660582840166133;0.01660582840166133
2022-04-10 00:00:00;0.015117545978922644;0.015117545978922644;0.015117545978922644
2022-04-10 01:00:00;0.015181512885832195;0.015181512885832195;0.015181512885832195
2022-04-10 02:00:00;0.015735364019583833;0.015735364019583833;0.015735364019583833
2022-04-10 03:00:00;0.014858558729077603;0.014858558729077603;0.014858558729077603
2022-04-10 04:00:00;0.013978664087234291;0.013978664087234291;0.013978664087234291
2022-04-10 05:00:00;0.009024024986902272;0.007440176141846174;0.008760050179392923
2022-04-10 06:00:00;0.06666310109682917;0.04962530732241818;0.06382346880109402
2022-04-10 07:00:00;0.1209751349651947;0.09904979931976522;0.11732091235762312
2022-04-10 08:00:00;0.22123821710240008;0.18097540307182128;0.21452774809730363
2022-04-10 09:00:00;0.301680586510224;0.24624965360150397;0.292442097692104
2022-04-10 10:00:00;0.3783435008974963;0.3119938411359221;0.36728522427056726
2022-04-10 11:00:00;0.254078438275095;0.21917477444981623;0.24826116097088197
2022-04-10 12:00:00;0.23801906644320503;0.21018696300786238;0.23338038253731463
2022-04-10 13:00:00;0.19112929713723337;0.1702306006566976;0.18764618105714406
2022-04-10 14:00:00;0.226461328508344;0.20048683806609005;0.22213224676796836
2022-04-10 15:00:00;0.24793384221422082;0.21827861573860882;0.24299130446828549
2022-04-10 16:00:00;0.20793692712023784;0.18464826727552672;0.20405548381278601
2022-04-10 17:00:00;0.13022859313711127;0.11994955582736958;0.12851542025215432
2022-04-10 18:00:00;0.10418225458027404;0.10377628845288865;0.10411459355904315
2022-04-10 19:00:00;0.0896746873976889;0.0896746873976889;0.0896746873976889
2022-04-10 20:00:00;0.0647357127265585;0.0647357127265585;0.0647357127265585
2022-04-10 21:00:00;0.061836575817440634;0.061836575817440634;0.061836575817440634
2022-04-10 22:00:00;0.07030987382415906;0.07030987382415906;0.07030987382415906
2022-04-10 23:00:00;0.07291792635945818;0.07291792635945818;0.07291792635945818
2022-04-11 00:00:00;0.06045593387202523;0.06045593387202523;0.06045593387202523
2022-04-11 01:00:00;0.05516661746332412;0.05516661746332412;0.05516661746332412
2022-04-11 02:00:00;0.04791226843575901;0.04791226843575901;0.04791226843575901
2022-04-11 03:00:00;0.03848731117433027;0.03848731117433027;0.03848731117433027
2022-04-11 04:00:00;0.03367626391371;0.03367626391371;0.03367626391371
2022-04-11 05:00:00;0.02500323476993738;0.022281986863572342;0.02454969345220987
2022-04-11 06:00:00;0.08676134134135934;0.07313489927051901;0.08449026766288596
2022-04-11 07:00:00;0.15923604317348536;0.1329869198137939;0.15486118928020343
2022-04-11 08:00:00;0.23601591759047505;0.19647301848622062;0.22942543440643268
2022-04-11 09:00:00;0.342731011544291;0.27699475540501034;0.33177496885441093
2022-04-11 10:00:00;;;
2022-04-11 11:00:00;;;
2022-04-11 12:00:00;;;
2022-04-11 13:00:00;0.3524406268812656;0.2965372420694184;0.34312339607929104
2022-04-11 14:00:00;0.303224040786642;0.2588306582901428;0.2958251437038922
2022-04-11 15:00:00;0.24979528357804165;0.21516009144276146;0.244022751555495
2022-04-11 16:00:00;0.17998913541412123;0.1565662583085944;0.1760853225632001
2022-04-11 17:00:00;0.11546422983510453;0.10217144519558376;0.11324876572851773
2022-04-11 18:00:00;0.061596214397249396;0.06078899484603933;0.06146167780538105
2022-04-11 19:00:00;0.06624508838340001;0.06624508838340001;0.06624508838340001
2022-04-11 20:00:00;0.05152506553158819;0.05152506553158819;0.05152506553158819
2022-04-11 21:00:00;0.032983093678278855;0.032983093678278855;0.032983093678278855
2022-04-11 22:00:00;0.03298045750167455;0.03298045750167455;0.03298045750167455
2022-04-11 23:00:00;0.03271590040105968;0.03271590040105968;0.03271590040105968
2022-04-12 00:00:00;0.03483841994598224;0.03483841994598224;0.03483841994598224
2022-04-12 01:00:00;0.030599457179270186;0.030599457179270186;0.030599457179270186
2022-04-12 02:00:00;0.021991457719571134;0.021991457719571134;0.021991457719571134
2022-04-12 03:00:00;0.019600568960370445;0.019600568960370445;0.019600568960370445
2022-04-12 04:00:00;0.016421542789958;0.016421542789958;0.016421542789958
2022-04-12 05:00:00;0.014772419277995335;0.014203866015788423;0.014677660400960852
2022-04-12 06:00:00;0.024162054166130705;0.021685359257735286;0.02374927168139814
2022-04-12 07:00:00;0.05814141602377639;0.04782807581853224;0.05642252598956904
2022-04-12 08:00:00;0.12196421982968368;0.09902272494121937;0.11814063734827297
2022-04-12 09:00:00;0.2905053503744104;0.23210139587062595;0.280771357957113
2022-04-12 10:00:00;0.44931595900717625;0.35926086136864044;0.4343067760674203
2022-04-12 11:00:00;;;
2022-04-12 12:00:00;;;
2022-04-12 13:00:00;0.5290821281176724;0.454727572908983;0.5166897022495576
2022-04-12 14:00:00;0.47582170488786;0.41324352135340464;0.4653920076321175
2022-04-12 15:00:00;0.39068806443782017;0.33937625792347487;0.38213609668542936
2022-04-12 16:00:00;0.30714930818185454;0.27057803185477014;0.3010540954606738
2022-04-12 17:00:00;0.196534956068588;0.18038513751045232;0.1938433196422321
2022-04-12 18:00:00;0.13181600411034927;0.13090136998651244;0.1316635650897098
2022-04-12 19:00:00;0.08075208929306368;0.08075208929306368;0.08075208929306368
2022-04-12 20:00:00;0.05036574190605095;0.05036574190605095;0.05036574190605095
2022-04-12 21:00:00;0.04681723118509799;0.04681723118509799;0.04681723118509799
2022-04-12 22:00:00;0.054623357534300046;0.054623357534300046;0.054623357534300046
2022-04-12 23:00:00;0.043876380071496926;0.043876380071496926;0.043876380071496926
2022-04-13 00:00:00;0.027516296024559486;0.027516296024559486;0.027516296024559486
2022-04-13 01:00:00;0.02108644838137058;0.02108644838137058;0.02108644838137058
2022-04-13 02:00:00;0.028512219765000294;0.028512219765000294;0.028512219765000294
2022-04-13 03:00:00;0.028834310850601126;0.028834310850601126;0.028834310850601126
2022-04-13 04:00:00;0.027225698724524048;0.027225698724524048;0.027225698724524048
2022-04-13 05:00:00;0.012508758734690158;0.007632816773571447;0.011696101741170374
2022-04-13 06:00:00;0.08157475939288285;0.06184840264166297;0.07828703326767956
2022-04-13 07:00:00;0.12866469558442306;0.10028168974967716;0.12393419461196543
2022-04-13 08:00:00;0.09866620427625086;0.07995370085341595;0.09554745370577841
2022-04-13 09:00:00;0.15250381913595823;0.13005600768306663;0.14876251722714295
2022-04-13 10:00:00;0.17009107869846976;0.14107567971428311;0.165255178867772
2022-04-13 11:00:00;0.13382709131385798;0.11796500765839604;0.1311834107046143
2022-04-13 12:00:00;0.16723878682049514;0.1405377264760962;0.16278861009642867
2022-04-13 13:00:00;0.0920424090443175;0.07887358920291933;0.0898476057374178
2022-04-13 14:00:00;0.11247454524798144;0.09914133165620885;0.11025234298268602
2022-04-13 15:00:00;0.08625581365082204;0.0744087310259642;0.0842812998800124
2022-04-13 16:00:00;0.0562864952339329;0.05143141691754212;0.05547731551453444
2022-04-13 17:00:00;0.03170205815343171;0.028510609893083887;0.031170150110040408
2022-04-13 18:00:00;0.02185268146289331;0.02157844008209551;0.02180697456609368
2022-04-13 19:00:00;0.018638574243009753;0.018638574243009753;0.018638574243009753
2022-04-13 20:00:00;0.02334241710244847;0.02334241710244847;0.02334241710244847
2022-04-13 21:00:00;0.01785927959475968;0.01785927959475968;0.01785927959475968
2022-04-13 22:00:00;0.015826892044860638;0.015826892044860638;0.015826892044860638
2022-04-13 23:00:00;0.020119403112256507;0.020119403112256507;0.020119403112256507
2022-04-14 00:00:00;0.01807875568806427;0.01807875568806427;0.01807875568806427
2022-04-14 01:00:00;0.018047032916962937;0.018047032916962937;0.018047032916962937
2022-04-14 02:00:00;0.01814944321879868;0.01814944321879868;0.01814944321879868
2022-04-14 03:00:00;0.018001535433799325;0.018001535433799325;0.018001535433799325
2022-04-14 04:00:00;0.02129642750342182;0.02129642750342182;0.02129642750342182
2022-04-14 05:00:00;0.021031072544136;0.02081593660426753;0.02099521655415792
2022-04-14 06:00:00;0.026018357886874736;0.02524929065371128;0.025890180014680825
2022-04-14 07:00:00;0.029323685804148975;0.026979960297828696;0.028933064886428928
2022-04-14 08:00:00;0.0317149847824877;0.028656410019567292;0.031205222322000965
2022-04-14 09:00:00;0.02981199196963139;0.02725166282565732;0.02938527044563571
2022-04-14 10:00:00;0.041872166552862196;0.036761982373784995;0.04102046918968266
2022-04-14 11:00:00;0.038827113501864276;0.03439808614889705;0.03808894227636974
2022-04-14 12:00:00;0.03529510311540656;0.031250308179686596;0.0346209706261199
2022-04-14 13:00:00;0.029969224286147005;0.02707185038945956;0.029486328636699095
2022-04-14 14:00:00;0.04028423647025351;0.03502916647552937;0.03940839147113282
2022-04-14 15:00:00;0.04474402728791484;0.03822420440534148;0.0436573901408193
2022-04-14 16:00:00;0.023452913339679905;0.02123054402553488;0.02308251845398907
2022-04-14 17:00:00;0.018377985172355917;0.017409615353374118;0.01821659020252562
2022-04-14 18:00:00;0.012325750267264622;0.012094125823481827;0.012287146193300822
2022-04-14 19:00:00;0.016949693567591146;0.016949693567591146;0.016949693567591146
2022-04-14 20:00:00;0.016360510699185295;0.016360510699185295;0.016360510699185295
2022-04-14 21:00:00;0.017067052648029074;0.017067052648029074;0.017067052648029074
2022-04-14 22:00:00;0.016418201981453474;0.016418201981453474;0.016418201981453474
2022-04-14 23:00:00;0.015381748163859553;0.015381748163859553;0.015381748163859553
2022-04-15 00:00:00;0.01628897425259611;0.01628897425259611;0.01628897425259611
2022-04-15 01:00:00;0.014549022887327966;0.014549022887327966;0.014549022887327966
2022-04-15 02:00:00;0.012182730331166113;0.012182730331166113;0.012182730331166113
2022-04-15 03:00:00;0.014493044596427654;0.014493044596427654;0.014493044596427654
2022-04-15 04:00:00;0.015077830269883238;0.015077830269883238;0.015077830269883238
2022-04-15 05:00:00;0.012302577363433003;0.010187009841632073;0.011949982776466181
2022-04-15 06:00:00;0.056360823708134736;0.04373042534501667;0.05425575731428172
2022-04-15 07:00:00;0.13275313110930828;0.10305909886179637;0.127804125734723
2022-04-15 08:00:00;0.2787787775868153;0.21863712104475813;0.2687551681631391
2022-04-15 09:00:00;0.29278982983783236;0.23250427075639746;0.28274223665759324
2022-04-15 10:00:00;0.3760929711600063;0.30542345329224047;0.3643147181820453
2022-04-15 11:00:00;0.3419703863872526;0.2884131935799367;0.33304418758603327
2022-04-15 12:00:00;0.3236628793360387;0.27731270350628984;0.3159378500310806
2022-04-15 13:00:00;0.4237782538517231;0.35831086145929486;0.41286702178631846
2022-04-15 14:00:00;0.3215696713485296;0.2826391010261533;0.3150812429614669
2022-04-15 15:00:00;0.3000673375679004;0.2643365522983002;0.29411220668963367
2022-04-15 16:00:00;0.2226370105389708;0.20854001904914768;0.22028751195733362
2022-04-15 17:00:00;0.1221826566986375;0.11882340771506457;0.12162278186804201
2022-04-15 18:00:00;0.047089267087565785;0.04642393412356628;0.046978378260232545
2022-04-15 19:00:00;0.12258831138079407;0.12258831138079407;0.12258831138079407
2022-04-15 20:00:00;0.09317367004838105;0.09317367004838105;0.09317367004838105
2022-04-15 21:00:00;0.08050292757866007;0.08050292757866007;0.08050292757866007
2022-04-15 22:00:00;0.028369182107593444;0.028369182107593444;0.028369182107593444
2022-04-15 23:00:00;0.027120600875388187;0.027120600875388187;0.027120600875388187
2022-04-16 00:00:00;0.028273436623082536;0.028273436623082536;0.028273436623082536
2022-04-16 01:00:00;0.02735868219956227;0.02735868219956227;0.02735868219956227
2022-04-16 02:00:00;0.026127560310409435;0.026127560310409435;0.026127560310409435
2022-04-16 03:00:00;0.03189505226571995;0.03189505226571995;0.03189505226571995
2022-04-16 04:00:00;0.04201459992242611;0.04201459992242611;0.04201459992242611
2022-04-16 05:00:00;0.04603544511942177;0.04434072720274908;0.045752992133309654
2022-04-16 06:00:00;0.06944186405299366;0.06339335131724166;0.06843377859703499
2022-04-16 07:00:00;0.12420983148104903;0.1096596803437121;0.12178480629149285
2022-04-16 08:00:00;0.22792387538784176;0.19391962302402002;0.22225649999387148
2022-04-16 09:00:00;0.30835926006496905;0.2536606462416828;0.29924282442775474
2022-04-16 10:00:00;0.26892617523356704;0.22625614304168007;0.2618145032015859
2022-04-16 11:00:00;0.20305540497355784;0.1809296434632324;0.19936777805517025
2022-04-16 12:00:00;0.23352517275865797;0.20143699447147048;0.22817714304412673
2022-04-16 13:00:00;0.1900355450044659;0.16919076025749058;0.18656141421330336
2022-04-16 14:00:00;0.1736011099559793;0.1543326600016702;0.17038970163026113
2022-04-16 15:00:00;0.12518929067030637;0.11532360233329315;0.12354500928080417
2022-04-16 16:00:00;0.11369662307379141;0.10585214458923839;0.11238920999303258
2022-04-16 17:00:00;0.0947669350974801;0.09278887577507838;0.0944372585437465
2022-04-16 18:00:00;0.07206109176152643;0.07160884156362991;0.07198571672854367
2022-04-16 19:00:00;0.06873565735629403;0.06873565735629403;0.06873565735629403
2022-04-16 20:00:00;0.044670086252238596;0.044670086252238596;0.044670086252238596
2022-04-16 21:00:00;0.036946516555880674;0.036946516555880674;0.036946516555880674
2022-04-16 22:00:00;0.04225162309663069;0.04225162309663069;0.04225162309663069
2022-04-16 23:00:00;0.044693341245416934;0.044693341245416934;0.044693341245416934
2022-04-17 00:00:00;0.04216267812750489;0.04216267812750489;0.04216267812750489
2022-04-17 01:00:00;0.03693245572831025;0.03693245572831025;0.03693245572831025
2022-04-17 02:00:00;0.035972758943821286;0.035972758943821286;0.035972758943821286
2022-04-17 03:00:00;0.039175572784959596;0.039175572784959596;0.039175572784959596
2022-04-17 04:00:00;0.04256917921117553;0.04256917921117553;0.04256917921117553
2022-04-17 05:00:00;0.039862906955339075;0.03836387079571545;0.039613067595401806
2022-04-17 06:00:00;0.06396100213961867;0.055180719555063866;0.06249762170885954
2022-04-17 07:00:00;0.10037958125722855;0.08674883002474496;0.09810778938514796
2022-04-17 08:00:00;0.1801215251411752;0.15328981723612153;0.17564957382366625
2022-04-17 09:00:00;0.17296575641989156;0.1492377871798188;0.16901109487987942
2022-04-17 10:00:00;0.18684004808984703;0.1604888038893519;0.18244817405643118
2022-04-17 11:00:00;0.19942901680309935;0.1732809250081156;0.19507100150393544
2022-04-17 12:00:00;0.19511149264793645;0.16913317890377144;0.1907817736905756
2022-04-17 13:00:00;0.1787793612851311;0.15691476932613235;0.17513526262529797
2022-04-17 14:00:00;0.17094141385261144;0.15339234717496467;0.16801656940633697
2022-04-17 15:00:00;0.1482972301812281;0.13386463648314512;0.14589179789821427
2022-04-17 16:00:00;0.14570850758267065;0.13234203452142435;0.14348076207246294
2022-04-17 17:00:00;0.1269341016246849;0.11752927956444255;0.1253666312813112
2022-04-17 18:00:00;0.09994562046286484;0.0991492259208767;0.09981288803920015
2022-04-17 19:00:00;0.0836107123857871;0.0836107123857871;0.0836107123857871
2022-04-17 20:00:00;0.05039302046815964;0.05039302046815964;0.05039302046815964
2022-04-17 21:00:00;0.06805121265257795;0.06805121265257795;0.06805121265257795
2022-04-17 22:00:00;0.0636352268088524;0.0636352268088524;0.0636352268088524
2022-04-17 23:00:00;0.05246283988856553;0.05246283988856553;0.05246283988856553
2022-04-18 00:00:00;0.048657296672052465;0.048657296672052465;0.048657296672052465
2022-04-18 01:00:00;0.04327350235563188;0.04327350235563188;0.04327350235563188
2022-04-18 02:00:00;0.031209457803894957;0.031209457803894957;0.031209457803894957
2022-04-18 03:00:00;0.046723758216804724;0.046723758216804724;0.046723758216804724
2022-04-18 04:00:00;0.03941407995676079;0.03941407995676079;0.03941407995676079
2022-04-18 05:00:00;0.04207216943151517;0.04069351137909554;0.041842393089445234
2022-04-18 06:00:00;0.0653195963820082;0.05711981793734344;0.06395296664123075
2022-04-18 07:00:00;0.1249458286191796;0.10558542183927022;0.12171909415586138
2022-04-18 08:00:00;0.22767012770571826;0.18466384489864401;0.22050241390453929
2022-04-18 09:00:00;0.30609834251264734;0.24682449271106258;0.29621936754571654
2022-04-18 10:00:00;;;
2022-04-18 11:00:00;;;
2022-04-18 12:00:00;;;
2022-04-18 13:00:00;;;
2022-04-18 14:00:00;0.3840311426724323;0.31189851074681535;0.37200903735149615
2022-04-18 15:00:00;0.26786842085234164;0.2187598751997359;0.2596836632435741
2022-04-18 16:00:00;0.19485777568436666;0.17240673065669568;0.19111593484642148
2022-04-18 17:00:00;0.13296321076076298;0.12488216807787952;0.13161637031361575
2022-04-18 18:00:00;0.06592498709239522;0.06481618998130867;0.0657401875738808
2022-04-18 19:00:00;0.07121606826017356;0.07121606826017356;0.07121606826017356
2022-04-18 20:00:00;0.06945256059053713;0.06945256059053713;0.06945256059053713
2022-04-18 21:00:00;0.09487708870691039;0.09487708870691039;0.09487708870691039
2022-04-18 22:00:00;0.08144088452557803;0.08144088452557803;0.08144088452557803
2022-04-18 23:00:00;0.07176059973901895;0.07176059973901895;0.07176059973901895
2022-04-19 00:00:00;0.0690567506452691;0.0690567506452691;0.0690567506452691
2022-04-19 01:00:00;0.07918385803924514;0.07918385803924514;0.07918385803924514
2022-04-19 02:00:00;0.043263928592011724;0.043263928592011724;0.043263928592011724
2022-04-19 03:00:00;0.02193139652762695;0.02193139652762695;0.02193139652762695
2022-04-19 04:00:00;0.013600890576784942;0.013600890576784942;0.013600890576784942
2022-04-19 05:00:00;0.011390688838069495;0.011390688838069495;0.011390688838069495
2022-04-19 06:00:00;0.013853088089869799;0.013475088292369666;0.013790088123619777
2022-04-19 07:00:00;0.025631934389853558;0.022268198682511023;0.025071311771963138
2022-04-19 08:00:00;0.029498937391656748;0.024854671019895313;0.028724892996363174
2022-04-19 09:00:00;0.032701417810633286;0.028057796405483084;0.031927480909774916
2022-04-19 10:00:00;0.032180228708769666;0.028627637034610402;0.031588130096409796
2022-04-19 11:00:00;0.03405896948543175;0.03013622230795079;0.03340517828918493
2022-04-19 12:00:00;0.04152105739044137;0.036487987219136334;0.04068221236189054
2022-04-19 13:00:00;0.051145973211772014;0.044466994074435814;0.05003281002221598
2022-04-19 14:00:00;0.03905916040768367;0.03493557904205861;0.038371896846746155
2022-04-19 15:00:00;0.03353182854151002;0.030399944254016917;0.03300984782692784
2022-04-19 16:00:00;0.04457144779488958;0.03773775255819419;0.04343249858877368
2022-04-19 17:00:00;0.023843328363633776;0.021780789411479734;0.023499571871608102
2022-04-19 18:00:00;0.014286307208641616;0.01377329538527606;0.014200805238080691
2022-04-19 19:00:00;0.017930109882076637;0.017930109882076637;0.017930109882076637
2022-04-19 20:00:00;0.01798328370185631;0.01798328370185631;0.01798328370185631
2022-04-19 21:00:00;0.022048606155023347;0.022048606155023347;0.022048606155023347
2022-04-19 22:00:00;0.019932871770108353;0.019932871770108353;0.019932871770108353
2022-04-19 23:00:00;0.017879584411476517;0.017879584411476517;0.017879584411476517
2022-04-20 00:00:00;0.019806672675182223;0.019806672675182223;0.019806672675182223
2022-04-20 01:00:00;0.01939798981632952;0.01939798981632952;0.01939798981632952
2022-04-20 02:00:00;0.017373367603808088;0.017373367603808088;0.017373367603808088
2022-04-20 03:00:00;0.02876823279133753;0.02876823279133753;0.02876823279133753
2022-04-20 04:00:00;0.0333387633190019;0.03317602233204906;0.03331163982117643
2022-04-20 05:00:00;0.043029071674629146;0.0389714052817065;0.042352793942475375
2022-04-20 06:00:00;0.07613291913261255;0.06869838898160427;0.07489383077411116
2022-04-20 07:00:00;0.11409077142537102;0.09811014816043968;0.11142733421454915
2022-04-20 08:00:00;0.18638632189749924;0.1570793500046871;0.18150182658203057
2022-04-20 09:00:00;0.21721691667423676;0.1828872388523343;0.21149530370391975
2022-04-20 10:00:00;0.2116143496877441;0.17999159946161525;0.2063438913167226
2022-04-20 11:00:00;0.1951043566540266;0.167013472353911;0.19042254260400734
2022-04-20 12:00:00;0.19663355604464894;0.16782907880187697;0.19183280983752024
2022-04-20 13:00:00;0.21139231779560572;0.178780760329053;0.20595705821784693
2022-04-20 14:00:00;0.21309567807186736;0.18184559084128427;0.20788733020010353
2022-04-20 15:00:00;0.13017821084052766;0.11474091083346674;0.1276053275060175
2022-04-20 16:00:00;0.10618070496425328;0.09403110128401877;0.10415577101754751
2022-04-20 17:00:00;0.09599664784551783;0.083556155123179;0.0939232323917947
2022-04-20 18:00:00;0.04597666747626802;0.04410894246239816;0.045665379973956366
2022-04-20 19:00:00;0.030393379117937512;0.030393379117937512;0.030393379117937512
2022-04-20 20:00:00;0.016183895149500718;0.016183895149500718;0.016183895149500718
2022-04-20 21:00:00;0.017385806719967443;0.017385806719967443;0.017385806719967443
2022-04-20 22:00:00;0.014843843220241824;0.014843843220241824;0.014843843220241824
2022-04-20 23:00:00;0.01463562630415071;0.01463562630415071;0.01463562630415071
2022-04-21 00:00:00;0.014990338486504417;0.014990338486504417;0.014990338486504417
2022-04-21 01:00:00;0.0131496984017624;0.0131496984017624;0.0131496984017624
2022-04-21 02:00:00;0.01293473035357061;0.01293473035357061;0.01293473035357061
2022-04-21 03:00:00;0.012625407926371077;0.012625407926371077;0.012625407926371077
2022-04-21 04:00:00;0.009026996835274052;0.008816612544787604;0.008991932786859643
2022-04-21 05:00:00;0.01670627237090606;0.011027091649743926;0.015759742250712378
2022-04-21 06:00:00;0.0814771144513868;0.06194680677036401;0.07822206317121633
2022-04-21 07:00:00;0.1221078980398945;0.09702496542351086;0.11792740927049725
2022-04-21 08:00:00;0.18381138100506753;0.15092483880391258;0.1783302906382084
2022-04-21 09:00:00;0.14318019317767727;0.12261982851236022;0.1397534657334578
2022-04-21 10:00:00;0.18627941895933295;0.16063266295364803;0.18200495962505214
2022-04-21 11:00:00;0.26723042390044077;0.2288877308644214;0.26083997506110423
2022-04-21 12:00:00;0.2629767533476272;0.22720828369258703;0.2570153417384539
2022-04-21 13:00:00;0.23974276193981267;0.21951064807544696;0.2363707429624184
2022-04-21 14:00:00;0.1802021313272184;0.17502413912547796;0.17933913262692833
2022-04-21 15:00:00;0.13541034184962394;0.13132219928109684;0.1347289847548694
2022-04-21 16:00:00;0.10746698043139924;0.10504286357789278;0.10706296095581486
2022-04-21 17:00:00;0.04280114572410365;0.042048317958138376;0.0426756744297761
2022-04-21 18:00:00;0.029400338848706475;0.029400338848706475;0.029400338848706475
2022-04-21 19:00:00;0.025493404079540642;0.025493404079540642;0.025493404079540642
2022-04-21 20:00:00;0.021745463664289946;0.021745463664289946;0.021745463664289946
2022-04-21 21:00:00;0.019054443217124805;0.019054443217124805;0.019054443217124805
2022-04-21 22:00:00;0.017556299239707487;0.017556299239707487;0.017556299239707487
2022-04-21 23:00:00;0.036785887703328274;0.036785887703328274;0.036785887703328274
2022-04-22 00:00:00;0.03163868209112873;0.03163868209112873;0.03163868209112873
2022-04-22 01:00:00;0.024001243321034243;0.024001243321034243;0.024001243321034243
2022-04-22 02:00:00;0.021259661515067297;0.021259661515067297;0.021259661515067297
2022-04-22 03:00:00;0.023153964431196786;0.023153964431196786;0.023153964431196786
2022-04-22 04:00:00;0.02738943769244973;0.02738943769244973;0.02738943769244973
2022-04-22 05:00:00;0.02646705307409143;0.02172748192924783;0.025677124549950834
2022-04-22 06:00:00;0.06160508151689925;0.05222349760695439;0.06004148419857511
2022-04-22 07:00:00;0.14419907014981143;0.11850523520351165;0.13991676432542813
2022-04-22 08:00:00;0.2286020407933806;0.19119250357571088;0.222367117923769
2022-04-22 09:00:00;0.31208001387501255;0.2588017771317518;0.30320030775113577
2022-04-22 10:00:00;0.32039893535853564;0.2699905471621679;0.3119975373258077
2022-04-22 11:00:00;0.3531158905578095;0.29868723111514106;0.3440444473173648
2022-04-22 12:00:00;0.33959751292504115;0.2966921144997597;0.33244661318749424
2022-04-22 13:00:00;0.36238833997280345;0.3114227724952548;0.3538940787265454
2022-04-22 14:00:00;0.3481758945665204;0.3011806331548383;0.3403433509979068
2022-04-22 15:00:00;0.3075410827936699;0.26524527721635344;0.3004917818641172
2022-04-22 16:00:00;0.23108558896699957;0.20540295875298736;0.22680515059799755
2022-04-22 17:00:00;0.16046641745320064;0.1455401264316151;0.15797870228293642
2022-04-22 18:00:00;0.07627447122986754;0.07352483439549269;0.07581619842413839
2022-04-22 19:00:00;0.0808749906422717;0.0808749906422717;0.0808749906422717
2022-04-22 20:00:00;0.04030281942140749;0.04030281942140749;0.04030281942140749
2022-04-22 21:00:00;0.055037295212117726;0.055037295212117726;0.055037295212117726
2022-04-22 22:00:00;0.07395992171282802;0.07395992171282802;0.07395992171282802
2022-04-22 23:00:00;0.07011939969779048;0.07011939969779048;0.07011939969779048
2022-04-23 00:00:00;0.051318940104867324;0.051318940104867324;0.051318940104867324
2022-04-23 01:00:00;0.04347233237459753;0.04347233237459753;0.04347233237459753
2022-04-23 02:00:00;0.045794831237382864;0.045794831237382864;0.045794831237382864
2022-04-23 03:00:00;0.03333540250793744;0.03333540250793744;0.03333540250793744
2022-04-23 04:00:00;0.02163356374274686;0.0213922917527105;0.021593351744407466
2022-04-23 05:00:00;0.03412014716216399;0.02645063089750272;0.03284189445138711
2022-04-23 06:00:00;0.10044994075018339;0.08435037526885647;0.09776667983662891
2022-04-23 07:00:00;0.15791225553533234;0.1358027292267047;0.15422733448389436
2022-04-23 08:00:00;0.25204916698478663;0.20739156749007107;0.24460623373566742
2022-04-23 09:00:00;0.2986328650313972;0.24621413452286392;0.2898964099466417
2022-04-23 10:00:00;;;
2022-04-23 11:00:00;0.4038234361750003;0.3389201134295245;0.393006215717421
2022-04-23 12:00:00;0.3800046480776767;0.3253187769508319;0.3708903362232026
2022-04-23 13:00:00;0.307303202325108;0.2659393231933755;0.30040922246981927
2022-04-23 14:00:00;0.2986413672145905;0.26105766043473516;0.2923774160846147
2022-04-23 15:00:00;0.3033051573149938;0.2562509857918563;0.2954627953944709
2022-04-23 16:00:00;0.20628775622462997;0.18299690100046284;0.20240594702060208
2022-04-23 17:00:00;0.1882932830030526;0.1701840679979682;0.1852750805022052
2022-04-23 18:00:00;0.10750065151064804;0.10486815964948958;0.10706190286712164
2022-04-23 19:00:00;0.07446545653063691;0.07446545653063691;0.07446545653063691
2022-04-23 20:00:00;0.07553929411341999;0.07553929411341999;0.07553929411341999
2022-04-23 21:00:00;0.08680314862468248;0.08680314862468248;0.08680314862468248
2022-04-23 22:00:00;0.09874069731591867;0.09874069731591867;0.09874069731591867
2022-04-23 23:00:00;0.07973702473710269;0.07973702473710269;0.07973702473710269
2022-04-24 00:00:00;0.06498362191338879;0.06498362191338879;0.06498362191338879
2022-04-24 01:00:00;0.03171138743091203;0.03171138743091203;0.03171138743091203
2022-04-24 02:00:00;0.04173585415477918;0.04173585415477918;0.04173585415477918
2022-04-24 03:00:00;0.028131869328827594;0.028131869328827594;0.028131869328827594
2022-04-24 04:00:00;0.024664947378792615;0.024405634831041953;0.02462172862083417
2022-04-24 05:00:00;0.037214897039969656;0.03455350728076323;0.036771332080101915
2022-04-24 06:00:00;0.07458044356478745;0.0692518005101341;0.07369233638901189
2022-04-24 07:00:00;0.1305712294116145;0.11416996012765808;0.12783768453095512
2022-04-24 08:00:00;0.17777733442357133;0.15448688006162467;0.17389559202991356
2022-04-24 09:00:00;0.27734292977360714;0.23155184644644797;0.26971108255241394
2022-04-24 10:00:00;0.18958057164059144;0.165937615011362;0.1856400788690532
2022-04-24 11:00:00;0.23452603345852138;0.19854522969599747;0.2285292328314341
2022-04-24 12:00:00;0.18333141478076753;0.16317447647010436;0.17997192506232368
2022-04-24 13:00:00;0.2040659728657458;0.1749507137075646;0.1992134296727156
2022-04-24 14:00:00;0.2021626585265386;0.1779159998437276;0.19812154874607016
2022-04-24 15:00:00;0.18756150316900824;0.1650803070075918;0.1838146371421055
2022-04-24 16:00:00;0.11908104439387714;0.108627181479338;0.11733873390812061
2022-04-24 17:00:00;0.09468431753240451;0.08504869057239485;0.09307837970573624
2022-04-24 18:00:00;0.11041580574992325;0.10910623584566558;0.11019754409921366
2022-04-24 19:00:00;0.10799177399315436;0.10799177399315436;0.10799177399315436
2022-04-24 20:00:00;0.0960384063709625;0.0960384063709625;0.0960384063709625
2022-04-24 21:00:00;0.07734843305528961;0.07734843305528961;0.07734843305528961
2022-04-24 22:00:00;0.08001119382264571;0.08001119382264571;0.08001119382264571
2022-04-24 23:00:00;0.06936178234404891;0.06936178234404891;0.06936178234404891
2022-04-25 00:00:00;0.07178444382717811;0.07178444382717811;0.07178444382717811
2022-04-25 01:00:00;0.06627868842998819;0.06627868842998819;0.06627868842998819
2022-04-25 02:00:00;0.06627600805717436;0.06627600805717436;0.06627600805717436
2022-04-25 03:00:00;0.06035836790985788;0.06035836790985788;0.06035836790985788
2022-04-25 04:00:00;0.0651925342571031;0.0651925342571031;0.0651925342571031
2022-04-25 05:00:00;0.06462959873273011;0.06299198887763481;0.0643566637568809
2022-04-25 06:00:00;0.07935673420001535;0.07173559021502626;0.0780865435358505
2022-04-25 07:00:00;0.1343431941197755;0.1179470459976051;0.13161050276608047
2022-04-25 08:00:00;0.21943099531592072;0.18722433723981752;0.21406321896990355
2022-04-25 09:00:00;0.2449087398556697;0.2116930848327908;0.23937279735185654
2022-04-25 10:00:00;0.2562313352778152;0.22388088806808742;0.25083959407619394
2022-04-25 11:00:00;0.35736336106402483;0.3000401734493132;0.3478094964615729
2022-04-25 12:00:00;0.3586329487307792;0.30434276289209555;0.34958458442433205
2022-04-25 13:00:00;0.2609412342814405;0.2286805888239686;0.25556446003852856
2022-04-25 14:00:00;0.30924188691483667;0.2611129913167113;0.30122040431514907
2022-04-25 15:00:00;0.19043838319961856;0.1634635606262989;0.18594257943739867
2022-04-25 16:00:00;0.14865970822453622;0.13981836584483887;0.14718615116125333
2022-04-25 17:00:00;0.08021465820667592;0.0783359056797843;0.07990153278552731
2022-04-25 18:00:00;0.036389456783729;0.03550030141402168;0.03624126422211111
2022-04-25 19:00:00;0.028631933741772832;0.028631933741772832;0.028631933741772832
2022-04-25 20:00:00;0.036582341228401316;0.036582341228401316;0.036582341228401316
2022-04-25 21:00:00;0.036110322298034576;0.036110322298034576;0.036110322298034576
2022-04-25 22:00:00;0.031485949901370165;0.031485949901370165;0.031485949901370165
2022-04-25 23:00:00;0.03134713691316154;0.03134713691316154;0.03134713691316154
2022-04-26 00:00:00;0.032970516693582294;0.032970516693582294;0.032970516693582294
2022-04-26 01:00:00;0.024470063016457908;0.024470063016457908;0.024470063016457908
2022-04-26 02:00:00;0.02027894088105367;0.02027894088105367;0.02027894088105367
2022-04-26 03:00:00;0.018805101176034515;0.018805101176034515;0.018805101176034515
2022-04-26 04:00:00;0.029716703686377646;0.029716703686377646;0.029716703686377646
2022-04-26 05:00:00;0.029250042967314187;0.02867082789980239;0.029153507122728888
2022-04-26 06:00:00;0.03520311199050061;0.032320485832294514;0.034722674297466255
2022-04-26 07:00:00;0.060285242649797524;0.05054300394963789;0.05866153619977092
2022-04-26 08:00:00;0.09118636943532311;0.07555808806420725;0.08858165587347049
2022-04-26 09:00:00;0.30167608687321473;0.2450140253461459;0.29223240995203664
2022-04-26 10:00:00;0.35344709441239763;0.29069911898935197;0.34298909850855674
2022-04-26 11:00:00;0.33736887574509733;0.2838037206400627;0.3284413498942582
2022-04-26 12:00:00;0.3452088594385818;0.28947242716995614;0.33591945406047763
2022-04-26 13:00:00;0.2611115714602088;0.23052679307639734;0.2560141083962403
2022-04-26 14:00:00;0.27606908450002976;0.2423950057923526;0.2704567380487502
2022-04-26 15:00:00;0.19244094556522306;0.17697966189933972;0.18986406495424252
2022-04-26 16:00:00;0.14310724579001752;0.13007366439436016;0.14093498222407463
2022-04-26 17:00:00;0.09887568642678778;0.09408290470165144;0.09807688947259839
2022-04-26 18:00:00;0.05909935387486676;0.05851422826003667;0.05900183293906174
2022-04-26 19:00:00;0.045013755022750755;0.045013755022750755;0.045013755022750755
2022-04-26 20:00:00;0.03903621572360864;0.03903621572360864;0.03903621572360864
2022-04-26 21:00:00;0.029810481941792245;0.029810481941792245;0.029810481941792245
2022-04-26 22:00:00;0.03135183005153334;0.03135183005153334;0.03135183005153334
2022-04-26 23:00:00;0.032404298824167656;0.032404298824167656;0.032404298824167656
2022-04-27 00:00:00;0.03681842848895146;0.03681842848895146;0.03681842848895146
2022-04-27 01:00:00;0.030637852257650408;0.030637852257650408;0.030637852257650408
2022-04-27 02:00:00;0.030885834953262546;0.030885834953262546;0.030885834953262546
2022-04-27 03:00:00;0.03409720629338657;0.03409720629338657;0.03409720629338657
2022-04-27 04:00:00;0.031002355886543206;0.031002355886543206;0.031002355886543206
2022-04-27 05:00:00;0.035571169755243104;0.034782392623486855;0.03543970689995039
2022-04-27 06:00:00;0.04580745758178265;0.043088898501334426;0.04535436440170795
2022-04-27 07:00:00;0.06253548965977784;0.057631062244663835;0.06171808509059218
2022-04-27 08:00:00;0.09102904318876759;0.08341898120009802;0.08976069952398934
2022-04-27 09:00:00;0.14455581219562608;0.12905431641616225;0.14197222956571542
2022-04-27 10:00:00;0.18066256084300678;0.1615199582448694;0.17747212707665055
2022-04-27 11:00:00;0.2589014525860649;0.22394999591790032;0.25307620980803747
2022-04-27 12:00:00;0.17446233054290822;0.15819747690457522;0.17175152160318605
2022-04-27 13:00:00;0.1629043979742735;0.14825901586688559;0.16046350095637554
2022-04-27 14:00:00;0.20195742537699754;0.18067736872289394;0.1984107492679803
2022-04-27 15:00:00;0.22324492997795656;0.1983109755104183;0.2190892709000335
2022-04-27 16:00:00;0.20212879725563138;0.18284398407507835;0.19891466172553918
2022-04-27 17:00:00;;;
2022-04-27 18:00:00;0.09949445888333096;0.0968858451399358;0.09905968992609843
2022-04-27 19:00:00;0.07814718730539506;0.07814718730539506;0.07814718730539506
2022-04-27 20:00:00;0.07023605922918487;0.07023605922918487;0.07023605922918487
2022-04-27 21:00:00;0.07112103402192828;0.07112103402192828;0.07112103402192828
2022-04-27 22:00:00;0.06230869648353132;0.06230869648353132;0.06230869648353132
2022-04-27 23:00:00;0.05431932374531372;0.05431932374531372;0.05431932374531372
2022-04-28 00:00:00;0.05499398340634287;0.05499398340634287;0.05499398340634287
2022-04-28 01:00:00;0.06026873159008702;0.06026873159008702;0.06026873159008702
2022-04-28 02:00:00;0.07755733620959411;0.07755733620959411;0.07755733620959411
2022-04-28 03:00:00;0.08503802377720104;0.08503802377720104;0.08503802377720104
2022-04-28 04:00:00;0.08026259892496396;0.08011953057653781;0.08023875420022628
2022-04-28 05:00:00;0.08879928717256128;0.083714518652255;0.08795182575251023
2022-04-28 06:00:00;0.14084598922986893;0.12823872013048984;0.13874477771330576
2022-04-28 07:00:00;0.195329485557292;0.1732375338650134;0.19164749360857888
2022-04-28 08:00:00;0.25644208260461504;0.22282163144060294;0.25083867407727967
2022-04-28 09:00:00;;;
2022-04-28 10:00:00;;;
2022-04-28 11:00:00;;;
2022-04-28 12:00:00;;;
2022-04-28 13:00:00;;;
2022-04-28 14:00:00;;;
2022-04-28 15:00:00;0.3318667025994871;0.29648705977170864;0.32597009546152406
2022-04-28 16:00:00;0.2763675365400248;0.2511945557094439;0.27217203973492804
2022-04-28 17:00:00;0.21043565142390838;0.19819157658063363;0.2083949722833626
2022-04-28 18:00:00;0.1259242741021767;0.12253413464058936;0.1253592508585788
2022-04-28 19:00:00;0.13222375167375305;0.13222375167375305;0.13222375167375305
2022-04-28 20:00:00;0.11841761006984267;0.11841761006984267;0.11841761006984267
2022-04-28 21:00:00;0.12055798675841174;0.12055798675841174;0.12055798675841174
2022-04-28 22:00:00;0.10935257964075558;0.10935257964075558;0.10935257964075558
2022-04-28 23:00:00;0.10852410628136928;0.10852410628136928;0.10852410628136928
2022-04-29 00:00:00;0.10813620239976338;0.10813620239976338;0.10813620239976338
2022-04-29 01:00:00;0.09127134937968386;0.09127134937968386;0.09127134937968386
2022-04-29 02:00:00;0.08790026353512193;0.08790026353512193;0.08790026353512193
2022-04-29 03:00:00;0.08447057762146618;0.08447057762146618;0.08447057762146618
2022-04-29 04:00:00;0.07113027479984503;0.07095948166793455;0.07110180927785995
2022-04-29 05:00:00;0.08559331779457806;0.08048143083455679;0.08474133663457452
2022-04-29 06:00:00;0.141249148088039;0.1259158174431935;0.13869359298056474
2022-04-29 07:00:00;0.197293127777103;0.17179564773321696;0.1930435477697887
2022-04-29 08:00:00;0.2494738877581972;0.21780570859311318;0.24419585789734985
2022-04-29 09:00:00;0.2877025489079824;0.2525141961878484;0.28183782345462677
2022-04-29 10:00:00;0.3618554676204692;0.315679940114608;0.3541595463694924
2022-04-29 11:00:00;0.4132078445834236;0.3562758166870155;0.4037191732673556
2022-04-29 12:00:00;0.4152349607103503;0.3604323308096243;0.40610118906022935
2022-04-29 13:00:00;0.3282520488784412;0.2970914600331479;0.3230586174042257
2022-04-29 14:00:00;0.3031933241001464;0.27387009596912315;0.29830611941164253
2022-04-29 15:00:00;0.28328342548534563;0.2577084005853079;0.2790209213353394
2022-04-29 16:00:00;0.24752842610362052;0.22704993261767661;0.2441153438559632
2022-04-29 17:00:00;0.1988408467309053;0.18876464398828233;0.1971614796071348
2022-04-29 18:00:00;0.11380575440572167;0.10978891826152085;0.11313628171502153
2022-04-29 19:00:00;0.12557351306196382;0.12557351306196382;0.12557351306196382
2022-04-29 20:00:00;0.08228875796135883;0.08228875796135883;0.08228875796135883
2022-04-29 21:00:00;0.06855733647205509;0.06855733647205509;0.06855733647205509
2022-04-29 22:00:00;0.07566624501650593;0.07566624501650593;0.07566624501650593
2022-04-29 23:00:00;0.10025388805779403;0.10025388805779403;0.10025388805779403
2022-04-30 00:00:00;0.09881773499506608;0.09881773499506608;0.09881773499506608
2022-04-30 01:00:00;0.0928188883933788;0.0928188883933788;0.0928188883933788
2022-04-30 02:00:00;0.08794021911569376;0.08794021911569376;0.08794021911569376
2022-04-30 03:00:00;0.02218843630766401;0.02218843630766401;0.02218843630766401
2022-04-30 04:00:00;0.012307329762019517;0.011736377897788197;0.012212171117980963
2022-04-30 05:00:00;0.03356777104663429;0.02592380350718746;0.03229377645672649
2022-04-30 06:00:00;0.14408901195521787;0.12463148748278723;0.14084609120981278
2022-04-30 07:00:00;0.22290402540642887;0.1899782678325299;0.21741639914411237
2022-04-30 08:00:00;0.28874939186528825;0.24702246238275755;0.2817949036181998
2022-04-30 09:00:00;0.36264457926150523;0.30561896144638095;0.35314030962565107
2022-04-30 10:00:00;0.43254379358041284;0.36133480913311383;0.42067562950586307
2022-04-30 11:00:00;0.530877899837613;0.43962242918646366;0.5156686547290882
2022-04-30 12:00:00;0.5210868439529968;0.43847205652100757;0.5073177127143318
2022-04-30 13:00:00;0.5243410667288276;0.4392147478218663;0.5101533469110007
2022-04-30 14:00:00;0.47654852114055324;0.40308100367244165;0.46430393489586785
2022-04-30 15:00:00;0.4111266664674859;0.35176947315432483;0.4012338009152924
2022-04-30 16:00:00;0.32308859209668717;0.2829157863131147;0.3163931244660918
2022-04-30 17:00:00;0.22698112245710153;0.20538104604331292;0.2233811097214701
2022-04-30 18:00:00;0.16335254069190927;0.15864642065269227;0.1625681873520398
2022-04-30 19:00:00;0.11436012505341193;0.11436012505341193;0.11436012505341193
2022-04-30 20:00:00;0.08865375480123266;0.08865375480123266;0.08865375480123266
2022-04-30 21:00:00;0.07455531922475513;0.07455531922475513;0.07455531922475513
2022-04-30 22:00:00;0.06260759384075557;0.06260759384075557;0.06260759384075557
2022-04-30 23:00:00;0.053443760236218996;0.053443760236218996;0.053443760236218996
2022-05-01 00:00:00;0.045320057458097675;0.045320057458097675;0.045320057458097675
2022-05-01 01:00:00;0.07285173594744573;0.07285173594744573;0.07285173594744573
2022-05-01 02:00:00;0.07221691003237646;0.07221691003237646;0.07221691003237646
2022-05-01 03:00:00;0.09191638078761659;0.09191638078761659;0.09191638078761659
2022-05-01 04:00:00;0.08487833890845065;0.08445324757090102;0.08480749035219237
2022-05-01 05:00:00;0.05941132387098778;0.048386452368165515;0.057573845287184074
2022-05-01 06:00:00;0.15863691060999727;0.13078152066790372;0.15399434561964834
2022-05-01 07:00:00;0.26087800965468394;0.2204491053299307;0.2541398589338918
2022-05-01 08:00:00;0.3786854520002346;0.3124339396188433;0.3676435332700028
2022-05-01 09:00:00;0.4792735076305059;0.3987862870763615;0.4658589708714817
2022-05-01 10:00:00;;;
2022-05-01 11:00:00;;;
2022-05-01 12:00:00;;;
2022-05-01 13:00:00;0.6414245826774088;0.535904506392548;0.6238379032965986
2022-05-01 14:00:00;0.5688451643544535;0.4646449126296471;0.5514784557336526
2022-05-01 15:00:00;0.46587107751284107;0.3868957661846469;0.45270852562480873
2022-05-01 16:00:00;0.35815271080641287;0.30740238830270183;0.349694323722461
2022-05-01 17:00:00;0.22681427303745272;0.20292861760710706;0.22283333046572842
2022-05-01 18:00:00;0.11776120490073973;0.11243580510504947;0.11687363826812469
2022-05-01 19:00:00;0.09451189041857941;0.09451189041857941;0.09451189041857941
2022-05-01 20:00:00;0.06405648178047664;0.06405648178047664;0.06405648178047664
2022-05-01 21:00:00;0.08629837005222389;0.08629837005222389;0.08629837005222389
2022-05-01 22:00:00;0.07634655106855319;0.07634655106855319;0.07634655106855319
2022-05-01 23:00:00;0.07814211537730245;0.07814211537730245;0.07814211537730245
2022-05-02 00:00:00;0.0630239437208911;0.0630239437208911;0.0630239437208911
2022-05-02 01:00:00;0.05161549705656636;0.05161549705656636;0.05161549705656636
2022-05-02 02:00:00;0.05034155272674916;0.05034155272674916;0.05034155272674916
2022-05-02 03:00:00;0.046993240979194356;0.046993240979194356;0.046993240979194356
2022-05-02 04:00:00;0.034278935011389;0.03357933884380783;0.034162335650125476
2022-05-02 05:00:00;0.05967403352072705;0.049880159674931916;0.05804172121309453
2022-05-02 06:00:00;0.1443048739244304;0.12002588890216309;0.1402583764207192
2022-05-02 07:00:00;0.2522736086661172;0.21340820319893256;0.2457960410882531
2022-05-02 08:00:00;0.34734451658787424;0.2940717117216194;0.3384657157768318
2022-05-02 09:00:00;0.4604983943659321;0.38627726079296454;0.44812820543710413
2022-05-02 10:00:00;0.5372317610763847;0.4492639600677376;0.5225704609082767
2022-05-02 11:00:00;0.6029493450020589;0.5012576393167647;0.5860007273878431
2022-05-02 12:00:00;0.661871804645898;0.5445397122239541;0.6423164559089074
2022-05-02 13:00:00;0.6327841065447701;0.5297601560131345;0.615613448122831
2022-05-02 14:00:00;0.34906137063907455;0.30856395514245466;0.3423118013896379
2022-05-02 15:00:00;0.3185837973658588;0.2853770041809134;0.3130493318350346
2022-05-02 16:00:00;0.2191029484616461;0.20286479294218324;0.2163965892084023
2022-05-02 17:00:00;0.18740200316304126;0.1827954245824065;0.18663424006626883
2022-05-02 18:00:00;0.15141118870996717;0.15051090824647984;0.1512611419660526
2022-05-02 19:00:00;0.11481982360987904;0.11481982360987904;0.11481982360987904
2022-05-02 20:00:00;0.06559243992376507;0.06559243992376507;0.06559243992376507
2022-05-02 21:00:00;0.07266911573878493;0.07266911573878493;0.07266911573878493
2022-05-02 22:00:00;0.07120877162283484;0.07120877162283484;0.07120877162283484
2022-05-02 23:00:00;0.05961563164138033;0.05961563164138033;0.05961563164138033
2022-05-03 00:00:00;0.0343376844038183;0.0343376844038183;0.0343376844038183
2022-05-03 01:00:00;0.031980559402027396;0.031980559402027396;0.031980559402027396
2022-05-03 02:00:00;0.032400120633353;0.032400120633353;0.032400120633353
2022-05-03 03:00:00;0.02717607707059449;0.02717607707059449;0.02717607707059449
2022-05-03 04:00:00;0.018483798299873386;0.018483798299873386;0.018483798299873386
2022-05-03 05:00:00;0.020207299526759034;0.019207065647687024;0.02004059388024703
2022-05-03 06:00:00;0.027447838922056395;0.024873175944868094;0.027018728425858344
2022-05-03 07:00:00;0.04055698620219361;0.03503008674363682;0.039635836292434154
2022-05-03 08:00:00;0.07066467751898049;0.05868336204378943;0.06866779160644865
2022-05-03 09:00:00;0.1022228348946049;0.08390711025586564;0.0991702141214817
2022-05-03 10:00:00;0.0895517745715162;0.0737360505812468;0.08691582057313797
2022-05-03 11:00:00;0.19377446919686406;0.1560188123774239;0.18748185972695738
2022-05-03 12:00:00;0.23822994613653845;0.19099960404371671;0.23035822245440152
2022-05-03 13:00:00;0.2152658157464476;0.17566964531218743;0.20866645400740422
2022-05-03 14:00:00;0.2927071789872162;0.23588759448096347;0.28323724823617413
2022-05-03 15:00:00;0.23864256515639007;0.19739555095693376;0.23176806278981402
2022-05-03 16:00:00;0.14039809781926;0.12157925462955363;0.13726162395430896
2022-05-03 17:00:00;0.08779870254942566;0.08232771384820062;0.0868868710992215
2022-05-03 18:00:00;0.04722955471817349;0.04601674384677982;0.04702741957294121
2022-05-03 19:00:00;0.03941502861617065;0.03941502861617065;0.03941502861617065
2022-05-03 20:00:00;0.03805167766540669;0.03805167766540669;0.03805167766540669
2022-05-03 21:00:00;0.041102273914250816;0.041102273914250816;0.041102273914250816
2022-05-03 22:00:00;0.03227991555130822;0.03227991555130822;0.03227991555130822
2022-05-03 23:00:00;0.0301118300481952;0.0301118300481952;0.0301118300481952
2022-05-04 00:00:00;0.027050335210680974;0.027050335210680974;0.027050335210680974
2022-05-04 01:00:00;0.024699906035044555;0.024699906035044555;0.024699906035044555
2022-05-04 02:00:00;0.02077061777035056;0.02077061777035056;0.02077061777035056
2022-05-04 03:00:00;0.019487295731781325;0.019487295731781325;0.019487295731781325
2022-05-04 04:00:00;0.019505494093104342;0.019505494093104342;0.019505494093104342
2022-05-04 05:00:00;0.021090729985241474;0.020107030807868166;0.020926780122345924
2022-05-04 06:00:00;0.027882312902663128;0.025511553181589586;0.027487186282484206
2022-05-04 07:00:00;0.04494705125302901;0.03900655230766818;0.043956968095468875
2022-05-04 08:00:00;0.0720001338291647;0.061442761296729355;0.07024057174042549
2022-05-04 09:00:00;0.10183822072519738;0.08609497414229036;0.0992143462947129
2022-05-04 10:00:00;0.16522996002390794;0.14018774125388023;0.16105625689557
2022-05-04 11:00:00;0.36012374040616885;0.2966572515074359;0.34954599225638006
2022-05-04 12:00:00;0.2949955661065123;0.24635118862190314;0.28688816985907745
2022-05-04 13:00:00;0.31899124190433353;0.2654603878337657;0.3100694328925723
2022-05-04 14:00:00;0.26291842313064495;0.22626781496152212;0.25680998843579117
2022-05-04 15:00:00;0.3110811783278843;0.2673265977694914;0.30378874823481883
2022-05-04 16:00:00;0.2997926681262561;0.2586730040688907;0.2929393907833619
2022-05-04 17:00:00;0.20733763039718464;0.18621278477305406;0.20381682279316288
2022-05-04 18:00:00;0.13291640627970228;0.12732077842811781;0.13198380163777154
2022-05-04 19:00:00;0.1453734816064713;0.1453734816064713;0.1453734816064713
2022-05-04 20:00:00;0.09653006180028131;0.09653006180028131;0.09653006180028131
2022-05-04 21:00:00;0.08199341606925069;0.08199341606925069;0.08199341606925069
2022-05-04 22:00:00;0.07194265973114758;0.07194265973114758;0.07194265973114758
2022-05-04 23:00:00;0.06936723957182066;0.06936723957182066;0.06936723957182066
2022-05-05 00:00:00;0.0707953684823744;0.0707953684823744;0.0707953684823744
2022-05-05 01:00:00;0.08065007206239116;0.08065007206239116;0.08065007206239116
2022-05-05 02:00:00;0.0778603592432643;0.0778603592432643;0.0778603592432643
2022-05-05 03:00:00;0.03675897896666881;0.03675897896666881;0.03675897896666881
2022-05-05 04:00:00;0.027976768252522082;0.027333846083140823;0.027869614557625207
2022-05-05 05:00:00;0.0511583495786798;0.04108567906698094;0.04947957116006333
2022-05-05 06:00:00;0.13245355172049655;0.10507604942125981;0.1278906346706238
2022-05-05 07:00:00;0.2285687889553292;0.18348017826337415;0.22105402050667
2022-05-05 08:00:00;0.3138414244205324;0.25931114665390936;0.304753044792762
2022-05-05 09:00:00;0.4005988183078323;0.3324198480807176;0.38923565660331316
2022-05-05 10:00:00;0.4894914132135203;0.40189604870721307;0.4748921857958024
2022-05-05 11:00:00;0.5314425363636334;0.44447814793689117;0.516948471625843
2022-05-05 12:00:00;0.5680250681905218;0.4776421021043942;0.5529612405095006
2022-05-05 13:00:00;0.5381414529134649;0.4628117091106333;0.5255864956129931
2022-05-05 14:00:00;0.4824772451899907;0.4214520675326018;0.4723063822470926
2022-05-05 15:00:00;0.4232117572390413;0.3716535484459683;0.4146187224401958
2022-05-05 16:00:00;0.32493292255775685;0.2809206358212201;0.3175975414350008
2022-05-05 17:00:00;0.23797616612698144;0.21461826593643057;0.23408318276188964
2022-05-05 18:00:00;0.13768818603741587;0.13197020327019754;0.13673518890954614
2022-05-05 19:00:00;0.10348789038966492;0.10348789038966492;0.10348789038966492
2022-05-05 20:00:00;0.07962645495371136;0.07962645495371136;0.07962645495371136
2022-05-05 21:00:00;0.07062851049975655;0.07062851049975655;0.07062851049975655
2022-05-05 22:00:00;0.07039320398594555;0.07039320398594555;0.07039320398594555
2022-05-05 23:00:00;0.04975326101912842;0.04975326101912842;0.04975326101912842
2022-05-06 00:00:00;0.04389492580482357;0.04389492580482357;0.04389492580482357
2022-05-06 01:00:00;0.04399419494945311;0.04399419494945311;0.04399419494945311
2022-05-06 02:00:00;0.031299509486207196;0.031299509486207196;0.031299509486207196
2022-05-06 03:00:00;0.041831253616397904;0.041831253616397904;0.041831253616397904
2022-05-06 04:00:00;0.04198362695488632;0.04122712953220001;0.04185754405110526
2022-05-06 05:00:00;0.06671430374423033;0.05759124104661019;0.06519379329462699
2022-05-06 06:00:00;0.12982402130082651;0.10842593372737876;0.12625767337191857
2022-05-06 07:00:00;0.199656082477206;0.1653860009784368;0.19394440222741116
2022-05-06 08:00:00;0.2672134714194992;0.22317590102791865;0.25987387635423576
2022-05-06 09:00:00;0.3569331786135964;0.2954909010927694;0.3466927990267919
2022-05-06 10:00:00;;;
2022-05-06 11:00:00;;;
2022-05-06 12:00:00;;;
2022-05-06 13:00:00;;;
2022-05-06 14:00:00;0.43572429785539396;0.3690145230867459;0.42460600206061927
2022-05-06 15:00:00;0.35298690196005883;0.3055191820935026;0.3450756153156328
2022-05-06 16:00:00;0.28870810778590733;0.2492628310332132;0.2821338949937916
2022-05-06 17:00:00;0.203323353914754;0.1823310804748588;0.19982464167477149
2022-05-06 18:00:00;0.14044708217455548;0.13482814593076511;0.13951059280059044
2022-05-06 19:00:00;0.09001594922268133;0.0897319522121012;0.08996861638758465
2022-05-06 20:00:00;0.08042904757883355;0.08042904757883355;0.08042904757883355
2022-05-06 21:00:00;0.06900058477475163;0.06900058477475163;0.06900058477475163
2022-05-06 22:00:00;0.08335708621641254;0.08335708621641254;0.08335708621641254
2022-05-06 23:00:00;0.0798045249189928;0.0798045249189928;0.0798045249189928
2022-05-07 00:00:00;0.043150248339716445;0.043150248339716445;0.043150248339716445
2022-05-07 01:00:00;0.06337462569368163;0.06337462569368163;0.06337462569368163
2022-05-07 02:00:00;0.06510342969244859;0.06510342969244859;0.06510342969244859
2022-05-07 03:00:00;0.06230269385162448;0.06230269385162448;0.06230269385162448
2022-05-07 04:00:00;0.036778310806862446;0.03576841146807214;0.03660999425039739
2022-05-07 05:00:00;0.08040283289701626;0.07143052714094682;0.07890744860433803
2022-05-07 06:00:00;0.1517128207342421;0.12914035760991072;0.14795074354685356
2022-05-07 07:00:00;0.24799970287695336;0.21142348591465027;0.24190366671656952
2022-05-07 08:00:00;0.33772020278268333;0.2845212982786145;0.3288537186986719
2022-05-07 09:00:00;0.4213786766924711;0.3552542424657629;0.4103579376546864
2022-05-07 10:00:00;;;
2022-05-07 11:00:00;;;
2022-05-07 12:00:00;;;
2022-05-07 13:00:00;;;
2022-05-07 14:00:00;0.521360943974308;0.4194855847475254;0.504381717436511
2022-05-07 15:00:00;0.42930770166021526;0.3633385870754045;0.4183128492294135
2022-05-07 16:00:00;0.34157908652864183;0.29404043742998176;0.33365597834553185
2022-05-07 17:00:00;0.22120294643591676;0.19434491895629993;0.21672660852264736
2022-05-07 18:00:00;0.13625078450324335;0.1285887657884474;0.1349737813841107
2022-05-07 19:00:00;0.08024448187734658;0.07989555257147456;0.08018632699303456
2022-05-07 20:00:00;0.08975007040906355;0.08975007040906355;0.08975007040906355
2022-05-07 21:00:00;0.11793716493431058;0.11793716493431058;0.11793716493431058
2022-05-07 22:00:00;0.09706874523758974;0.09706874523758974;0.09706874523758974
2022-05-07 23:00:00;0.09433409616548293;0.09433409616548293;0.09433409616548293
2022-05-08 00:00:00;0.051389864003553706;0.051389864003553706;0.051389864003553706
2022-05-08 01:00:00;0.037977512257183176;0.037977512257183176;0.037977512257183176
2022-05-08 02:00:00;0.05488719929192891;0.05488719929192891;0.05488719929192891
2022-05-08 03:00:00;0.058582572589741796;0.058582572589741796;0.058582572589741796
2022-05-08 04:00:00;0.019201884500939;0.01799044598052852;0.01899997808087059
2022-05-08 05:00:00;0.06680654275022893;0.053942746516886186;0.06466257671133849
2022-05-08 06:00:00;0.17781940196866697;0.15232745028308403;0.17357074335440315
2022-05-08 07:00:00;0.2843541385957873;0.2402538646770875;0.27700409294267064
2022-05-08 08:00:00;0.3831178343748644;0.32411358055863015;0.37328379207215867
2022-05-08 09:00:00;;;
2022-05-08 10:00:00;;;
2022-05-08 11:00:00;;;
2022-05-08 12:00:00;;;
2022-05-08 13:00:00;;;
2022-05-08 14:00:00;;;
2022-05-08 15:00:00;0.4679682700360528;0.3766020465619842;0.45274056612370805
2022-05-08 16:00:00;0.38638715337453433;0.3326939891315291;0.37743829266736684
2022-05-08 17:00:00;0.24089311226574286;0.20784909806879895;0.2353857765662522
2022-05-08 18:00:00;0.13891346046197292;0.1292771746248505;0.13730741282245254
2022-05-08 19:00:00;0.0998789003754252;0.09949731829694096;0.09981530336234451
2022-05-08 20:00:00;0.07971033321696969;0.07971033321696969;0.07971033321696969
2022-05-08 21:00:00;0.055833201720261245;0.055833201720261245;0.055833201720261245
2022-05-08 22:00:00;0.10946873638105364;0.10946873638105364;0.10946873638105364
2022-05-08 23:00:00;0.09695078518762218;0.09695078518762218;0.09695078518762218
2022-05-09 00:00:00;0.059404957008425824;0.059404957008425824;0.059404957008425824
2022-05-09 01:00:00;0.048627425764858484;0.048627425764858484;0.048627425764858484
2022-05-09 02:00:00;0.03712233846560204;0.03712233846560204;0.03712233846560204
2022-05-09 03:00:00;0.0341787649836055;0.0341787649836055;0.0341787649836055
2022-05-09 04:00:00;0.014779237085574768;0.013591277335342303;0.014581243793869358
2022-05-09 05:00:00;0.05633138323893626;0.043118701614754756;0.05412926963490602
2022-05-09 06:00:00;0.16305174039603804;0.13170022550915145;0.1578264879148903
2022-05-09 07:00:00;0.3092593665064355;0.2614902257784847;0.3012978430517771
2022-05-09 08:00:00;0.43811095898354174;0.3637004307730756;0.4257092042817973
2022-05-09 09:00:00;;;
2022-05-09 10:00:00;;;
2022-05-09 11:00:00;;;
2022-05-09 12:00:00;;;
2022-05-09 13:00:00;;;
2022-05-09 14:00:00;0.6661553469272167;0.5583951383307689;0.6481953121611421
2022-05-09 15:00:00;0.5365537086560705;0.4471860743937057;0.5216591029456764
2022-05-09 16:00:00;0.40619509717816094;0.3475325876935445;0.3964180122640582
2022-05-09 17:00:00;0.2865120582257702;0.251808794969715;0.2807281810164277
2022-05-09 18:00:00;0.1746171339802272;0.16450644901174055;0.17293201981881276
2022-05-09 19:00:00;0.11373552648240072;0.11330924933873283;0.11366448029178941
2022-05-09 20:00:00;0.10782880605537326;0.10782880605537326;0.10782880605537326
2022-05-09 21:00:00;0.11756930919935915;0.11756930919935915;0.11756930919935915
2022-05-09 22:00:00;0.11925109625607068;0.11925109625607068;0.11925109625607068
2022-05-09 23:00:00;0.11681546307187106;0.11681546307187106;0.11681546307187106
2022-05-10 00:00:00;0.10767120962071172;0.10767120962071172;0.10767120962071172
2022-05-10 01:00:00;0.08790269176187722;0.08790269176187722;0.08790269176187722
2022-05-10 02:00:00;0.08331311949060774;0.08331311949060774;0.08331311949060774
2022-05-10 03:00:00;0.07866401462810425;0.07866401462810425;0.07866401462810425
2022-05-10 04:00:00;0.025565732697853612;0.023417768973540677;0.025207738743801462
2022-05-10 05:00:00;0.08885556204500704;0.07447669762477764;0.08645908464163549
2022-05-10 06:00:00;0.1884173195736153;0.15466926466958902;0.18279264375627757
2022-05-10 07:00:00;0.3182770581764247;0.2623902436240834;0.3089625890843679
2022-05-10 08:00:00;0.4669294579968163;0.3754530146176355;0.4516833841002862
2022-05-10 09:00:00;0.6109414251265876;0.4978429525223982;0.5920916796925559
2022-05-10 10:00:00;;;
2022-05-10 11:00:00;;;
2022-05-10 12:00:00;;;
2022-05-10 13:00:00;0.7620557971509025;0.6443584525392874;0.7424395730489668
2022-05-10 14:00:00;0.6734358215950248;0.5580895390600924;0.654211441172536
2022-05-10 15:00:00;0.5624915750720367;0.4729793600458053;0.5475728725676648
2022-05-10 16:00:00;0.4378156787870687;0.3771761732653596;0.4277090945334505
2022-05-10 17:00:00;0.31014103610630883;0.2751909531902552;0.3043160222869666
2022-05-10 18:00:00;0.13936229178340556;0.12605071083751443;0.1371436949590904
2022-05-10 19:00:00;0.08002807453830418;0.07955114470679807;0.07994858623305316
2022-05-10 20:00:00;0.06368525751262219;0.06368525751262219;0.06368525751262219
2022-05-10 21:00:00;0.06945358824888269;0.06945358824888269;0.06945358824888269
2022-05-10 22:00:00;0.07293292826821728;0.07293292826821728;0.07293292826821728
2022-05-10 23:00:00;0.04674219485602816;0.04674219485602816;0.04674219485602816
2022-05-11 00:00:00;0.08841908642913883;0.08841908642913883;0.08841908642913883
2022-05-11 01:00:00;0.051286769646904026;0.051286769646904026;0.051286769646904026
2022-05-11 02:00:00;0.04522568079848545;0.04522568079848545;0.04522568079848545
2022-05-11 03:00:00;0.03720993776982602;0.03720993776982602;0.03720993776982602
2022-05-11 04:00:00;0.013917556696519416;0.012070412445572264;0.013609699321361557
2022-05-11 05:00:00;0.07108233990626059;0.05451786804740728;0.0683215945964517
2022-05-11 06:00:00;0.19123788784513077;0.14938893408520743;0.1842630622184769
2022-05-11 07:00:00;0.3416665043276777;0.27643291783777874;0.3307942399126946
2022-05-11 08:00:00;0.5046338189546806;0.40091849343008923;0.4873479313672488
2022-05-11 09:00:00;0.6167173914354294;0.5046812133387626;0.5980446950859849
2022-05-11 10:00:00;0.6800353802748113;0.5622145019965454;0.6603985672284337
2022-05-11 11:00:00;;;
2022-05-11 12:00:00;0.805958715218923;0.6758761945335796;0.7842782951046994
2022-05-11 13:00:00;0.7110222336282402;0.6102820717042129;0.6942322066409023
2022-05-11 14:00:00;0.733843275375003;0.630917420345578;0.7166889662034323
2022-05-11 15:00:00;0.5935860528672942;0.5108335816841172;0.5797939743367647
2022-05-11 16:00:00;0.40683065397045765;0.3591421649411011;0.39888257246556497
2022-05-11 17:00:00;0.35045948898882984;0.31474094799412805;0.3445063988230461
2022-05-11 18:00:00;0.16249401785891304;0.15081108651784925;0.1605468626354024
2022-05-11 19:00:00;0.10599969539131532;0.10552016057577529;0.10591977292205865
2022-05-11 20:00:00;0.0497774818488676;0.0497774818488676;0.0497774818488676
2022-05-11 21:00:00;0.060793289418156864;0.060793289418156864;0.060793289418156864
2022-05-11 22:00:00;0.0583945476492624;0.0583945476492624;0.0583945476492624
2022-05-11 23:00:00;0.05102686821133942;0.05102686821133942;0.05102686821133942
2022-05-12 00:00:00;0.05924659350628604;0.05924659350628604;0.05924659350628604
2022-05-12 01:00:00;0.044133636741777775;0.044133636741777775;0.044133636741777775
2022-05-12 02:00:00;0.06805521174372894;0.06805521174372894;0.06805521174372894
2022-05-12 03:00:00;0.08403577636080366;0.08403577636080366;0.08403577636080366
2022-05-12 04:00:00;0.03771545418213756;0.035809345608729136;0.037397769419902825
2022-05-12 05:00:00;0.08445636266011125;0.06783662301506832;0.0816864060526041
2022-05-12 06:00:00;0.19914117813531532;0.159256941551087;0.19249380537127728
2022-05-12 07:00:00;0.3550663561463021;0.2982620217165107;0.3455989670746702
2022-05-12 08:00:00;0.5158652079546816;0.4428748014442449;0.5037001402029422
2022-05-12 09:00:00;0.6451878354589313;0.5470814157631838;0.6288367655096401
2022-05-12 10:00:00;0.7416271164486516;0.6250178511511253;0.722192238899064
2022-05-12 11:00:00;0.8082781421921967;0.6695858255202661;0.7851627560802084
2022-05-12 12:00:00;0.7975110418911744;0.6628874061542792;0.7750737692683587
2022-05-12 13:00:00;0.7715942990828666;0.6323251294121771;0.7483827708044183
2022-05-12 14:00:00;0.6443117459650225;0.5346046770320709;0.6260272344761972
2022-05-12 15:00:00;0.5097659823833302;0.43681617576832105;0.4976076812808286
2022-05-12 16:00:00;0.3694277518736497;0.33202750293904276;0.36319437705121527
2022-05-12 17:00:00;0.3019858038168695;0.27482995956535095;0.2974598297749498
2022-05-12 18:00:00;0.19613664997971644;0.184063702781403;0.19412449211333088
2022-05-12 19:00:00;0.09790990344705645;0.09741736453340225;0.09782781362811409
2022-05-12 20:00:00;0.08969030834949303;0.08969030834949303;0.08969030834949303
2022-05-12 21:00:00;0.10192692745302238;0.10192692745302238;0.10192692745302238
2022-05-12 22:00:00;0.04804440309024652;0.04804440309024652;0.04804440309024652
2022-05-12 23:00:00;0.0653661831635634;0.0653661831635634;0.0653661831635634
2022-05-13 00:00:00;0.04694444676757426;0.04694444676757426;0.04694444676757426
2022-05-13 01:00:00;0.052882456790490966;0.052882456790490966;0.052882456790490966
2022-05-13 02:00:00;0.05993081004965468;0.05993081004965468;0.05993081004965468
2022-05-13 03:00:00;0.029580700389093235;0.029580700389093235;0.029580700389093235
2022-05-13 04:00:00;0.0250816714813193;0.023226513447897734;0.02477247847574904
2022-05-13 05:00:00;0.07666115472162673;0.059476658883565015;0.07379707208194977
2022-05-13 06:00:00;0.20166911375391233;0.15819447434776224;0.19442334051955398
2022-05-13 07:00:00;0.35515306337120395;0.29093870626199625;0.3444506705196693
2022-05-13 08:00:00;0.505127957786593;0.42220040235638395;0.4913066985482248
2022-05-13 09:00:00;0.6602505393780581;0.5638175087045397;0.6441783675991384
2022-05-13 10:00:00;0.7476964353501351;0.6361553695289595;0.7291062577132725
2022-05-13 11:00:00;0.8250839918326257;0.707030799282461;0.8054084597409316
2022-05-13 12:00:00;0.8853323250283648;0.7635999493195159;0.8650435957435567
2022-05-13 13:00:00;0.845374566564584;0.7332033211267781;0.8266793589916165
2022-05-13 14:00:00;0.8186042251121343;0.7124199421331082;0.80090684461563
2022-05-13 15:00:00;0.7231558554874085;0.6499929026696711;0.7109620300177856
2022-05-13 16:00:00;0.5852654411239346;0.5357603122383178;0.5770145863096653
2022-05-13 17:00:00;0.4545523663374115;0.423755239216573;0.4494195118172718
2022-05-13 18:00:00;0.29896810124083967;0.28925980073105806;0.29735005115587604
2022-05-13 19:00:00;0.21864320193082873;0.21820941137790204;0.21857090350534095
2022-05-13 20:00:00;0.17768073503812593;0.17768073503812593;0.17768073503812593
2022-05-13 21:00:00;0.14485754381620672;0.14485754381620672;0.14485754381620672
2022-05-13 22:00:00;0.12243199120430917;0.12243199120430917;0.12243199120430917
2022-05-13 23:00:00;0.07430736445862152;0.07430736445862152;0.07430736445862152
2022-05-14 00:00:00;0.05683858093934972;0.05683858093934972;0.05683858093934972
2022-05-14 01:00:00;0.08716130137794012;0.08716130137794012;0.08716130137794012
2022-05-14 02:00:00;0.04673253465088955;0.04673253465088955;0.04673253465088955
2022-05-14 03:00:00;0.030415793214375573;0.030415793214375573;0.030415793214375573
2022-05-14 04:00:00;0.03213770963799239;0.029788269278756697;0.03174613624478644
2022-05-14 05:00:00;0.09947389356873251;0.08146319497669799;0.09647211047006009
2022-05-14 06:00:00;0.20453071118071775;0.17054978261359174;0.19886722308619673
2022-05-14 07:00:00;0.3519704193769716;0.2891631357946839;0.34150253877992365
2022-05-14 08:00:00;0.3924494708345459;0.32066776470611336;0.38048585314647393
2022-05-14 09:00:00;0.5640033850892866;0.46848503280801795;0.5480836597090752
2022-05-14 10:00:00;0.7675226739535516;0.6286243502713452;0.7443729533398505
2022-05-14 11:00:00;0.8108136114408675;0.6596441721570298;0.7856187048935613
2022-05-14 12:00:00;0.8527920392765753;0.6967512602403184;0.8267852427705327
2022-05-14 13:00:00;0.8237787481418534;0.6762464626684774;0.7991900338962907
2022-05-14 14:00:00;0.7501092842686599;0.6374420922894886;0.7313314189387979
2022-05-14 15:00:00;0.6053165674800288;0.5078840153831894;0.5890778087972223
2022-05-14 16:00:00;0.461070550970613;0.39873025423642017;0.4506805015149143
2022-05-14 17:00:00;0.2815915434343325;0.24550431018576127;0.2755770045595706
2022-05-14 18:00:00;0.1130024109976315;0.0995669566797005;0.11076316861130969
2022-05-14 19:00:00;0.08900106055375559;0.08853148101912517;0.08892279729798384
2022-05-14 20:00:00;0.13095507976928658;0.13095507976928658;0.13095507976928658
2022-05-14 21:00:00;0.10936971985807634;0.10936971985807634;0.10936971985807634
2022-05-14 22:00:00;0.1096458203168025;0.1096458203168025;0.1096458203168025
2022-05-14 23:00:00;0.09151802288885469;0.09151802288885469;0.09151802288885469
2022-05-15 00:00:00;0.0859087357088695;0.0859087357088695;0.0859087357088695
2022-05-15 01:00:00;0.09099379866488123;0.09099379866488123;0.09099379866488123
2022-05-15 02:00:00;0.0782258269362372;0.0782258269362372;0.0782258269362372
2022-05-15 03:00:00;0.09217884233636565;0.09217884233636565;0.09217884233636565
2022-05-15 04:00:00;0.024341581702783915;0.024341581702783915;0.024341581702783915
2022-05-15 05:00:00;0.0326392605843616;0.030293385815802824;0.03224828145626847
2022-05-15 06:00:00;0.06343862915013321;0.0570949021519969;0.062381341317110484
2022-05-15 07:00:00;0.11726224870440606;0.09811451392083766;0.11407095957381133
2022-05-15 08:00:00;0.15506042113742408;0.12709935716312898;0.1504002438083749
2022-05-15 09:00:00;0.18193471736744904;0.14884521377275386;0.17641980010166655
2022-05-15 10:00:00;0.14082399811047186;0.11745783496162884;0.1369296375856647
2022-05-15 11:00:00;0.23068258416964443;0.18992380755440857;0.2238894547337718
2022-05-15 12:00:00;0.4418246643975259;0.35840245360478457;0.4279209625987357
2022-05-15 13:00:00;0.41346484595640093;0.34138174329739823;0.4014509955132339
2022-05-15 14:00:00;0.3453925332633054;0.2840485408587484;0.3351685345292126
2022-05-15 15:00:00;0.29713967331828844;0.24676473405316202;0.2887438501074341
2022-05-15 16:00:00;0.14426166166886212;0.12575583138542543;0.1411773566216227
2022-05-15 17:00:00;0.09079696242092677;0.0827177004505655;0.08945041875919989
2022-05-15 18:00:00;0.055939868430687836;0.0537928095471429;0.05558202528343035
2022-05-15 19:00:00;0.03751527278425877;0.03751527278425877;0.03751527278425877
2022-05-15 20:00:00;0.02257582311098578;0.02257582311098578;0.02257582311098578
2022-05-15 21:00:00;0.024480406286307377;0.024480406286307377;0.024480406286307377
2022-05-15 22:00:00;0.02061593608293458;0.02061593608293458;0.02061593608293458
2022-05-15 23:00:00;0.020321925656602763;0.020321925656602763;0.020321925656602763
2022-05-16 00:00:00;0.020324117078565858;0.020324117078565858;0.020324117078565858
2022-05-16 01:00:00;0.01969592726632556;0.01969592726632556;0.01969592726632556
2022-05-16 02:00:00;0.019464943229376724;0.019464943229376724;0.019464943229376724
2022-05-16 03:00:00;0.018957949890443294;0.018957949890443294;0.018957949890443294
2022-05-16 04:00:00;0.010570446054589542;0.0086532215580977;0.01025090863850757
2022-05-16 05:00:00;0.03333866783473278;0.028278178916067792;0.03249525301495528
2022-05-16 06:00:00;0.05741317540923873;0.04770428263208651;0.05579502661304669
2022-05-16 07:00:00;0.11415357091121922;0.09240527971539604;0.11052885571191536
2022-05-16 08:00:00;0.15722015799394978;0.12695215382553476;0.1521754906325473
2022-05-16 09:00:00;0.24214768104418077;0.19464921753974831;0.2342312704601087
2022-05-16 10:00:00;0.20203091905388418;0.16375195237200693;0.19565109127357133
2022-05-16 11:00:00;0.3640810732373523;0.2926146640928319;0.35217000504659896
2022-05-16 12:00:00;0.5264765734592638;0.4211563028722536;0.5089231950280955
2022-05-16 13:00:00;0.3897774037170644;0.31391418886879746;0.3771335345756866
2022-05-16 14:00:00;0.38436915099447594;0.31336404577625937;0.3725349667914398
2022-05-16 15:00:00;0.25022014256103187;0.209435365971134;0.2434226797960489
2022-05-16 16:00:00;0.07878630084817283;0.07585317362526157;0.07829744631102095
2022-05-16 17:00:00;0.05604387910243348;0.05264787351750072;0.05547787817161136
2022-05-16 18:00:00;0.03290588242681887;0.03290588242681887;0.03290588242681887
2022-05-16 19:00:00;0.03089731034713307;0.03089731034713307;0.03089731034713307
2022-05-16 20:00:00;0.020742659779540918;0.020742659779540918;0.020742659779540918
2022-05-16 21:00:00;0.019762446933284394;0.019762446933284394;0.019762446933284394
2022-05-16 22:00:00;0.023816442960749508;0.023816442960749508;0.023816442960749508
2022-05-16 23:00:00;0.018492667048423197;0.018492667048423197;0.018492667048423197
2022-05-17 00:00:00;0.018182070526021388;0.018182070526021388;0.018182070526021388
2022-05-17 01:00:00;0.028539236472577834;0.028539236472577834;0.028539236472577834
2022-05-17 02:00:00;0.038853072277421095;0.038853072277421095;0.038853072277421095
2022-05-17 03:00:00;0.034546886730546685;0.034546886730546685;0.034546886730546685
2022-05-17 04:00:00;0.03423886294820966;0.033979479386416024;0.034195632354577385
2022-05-17 05:00:00;0.0436898860255348;0.04086134119991615;0.04321846188793169
2022-05-17 06:00:00;0.0558273018090195;0.04982076613049008;0.054826212529264604
2022-05-17 07:00:00;0.08672423335249534;0.07270392765921063;0.0843875157369479
2022-05-17 08:00:00;0.15948930532456201;0.13462642761179355;0.15534549237243395
2022-05-17 09:00:00;0.19882492350485886;0.1730482940403164;0.19452881859410182
2022-05-17 10:00:00;0.21786537690016908;0.19108342877742193;0.21340171887971124
2022-05-17 11:00:00;0.23782481240330255;0.20174901248963373;0.23181217908435775
2022-05-17 12:00:00;0.2501282476269175;0.2124011721813108;0.24384040171931634
2022-05-17 13:00:00;0.19861760532084757;0.17093475530311233;0.1940037969845584
2022-05-17 14:00:00;0.18066150177604975;0.16125676630220526;0.17742737919707566
2022-05-17 15:00:00;0.13758490867104722;0.1274898637894432;0.1359024011907799
2022-05-17 16:00:00;0.11103991561446781;0.10449114571075033;0.10994845396384823
2022-05-17 17:00:00;0.09683507394341948;0.09377737041521624;0.09632545668871895
2022-05-17 18:00:00;0.06758557300285414;0.06622158618797026;0.06735824186704016
2022-05-17 19:00:00;0.059865839561307206;0.059865839561307206;0.059865839561307206
2022-05-17 20:00:00;0.060889219066474314;0.060889219066474314;0.060889219066474314
2022-05-17 21:00:00;0.052516202027086616;0.052516202027086616;0.052516202027086616
2022-05-17 22:00:00;0.05496060457330162;0.05496060457330162;0.05496060457330162
2022-05-17 23:00:00;0.03818028409298414;0.03818028409298414;0.03818028409298414
2022-05-18 00:00:00;0.046711086352086324;0.046711086352086324;0.046711086352086324
2022-05-18 01:00:00;0.04971948132430783;0.04971948132430783;0.04971948132430783
2022-05-18 02:00:00;0.056681649145161515;0.056681649145161515;0.056681649145161515
2022-05-18 03:00:00;0.06051085934860052;0.06051085934860052;0.06051085934860052
2022-05-18 04:00:00;0.05096403696044738;0.04967449823545081;0.05074911383961462
2022-05-18 05:00:00;0.06563968823274559;0.06161141239348673;0.06496830892620244
2022-05-18 06:00:00;0.1506997106067271;0.12356658093356648;0.14617752232786702
2022-05-18 07:00:00;0.2592174196281015;0.21843934437214504;0.2524210737521088
2022-05-18 08:00:00;0.3461972314402684;0.2927510552452572;0.3372895354077666
2022-05-18 09:00:00;;;
2022-05-18 10:00:00;;;
2022-05-18 11:00:00;;;
2022-05-18 12:00:00;;;
2022-05-18 13:00:00;0.601313637871109;0.49589052522305094;0.5837431190964327
2022-05-18 14:00:00;0.5602452446546458;0.46610609057893576;0.5445553856420275
2022-05-18 15:00:00;0.47340061233064584;0.40033639170396;0.46122324222619826
2022-05-18 16:00:00;0.36729216734028525;0.3104086235155515;0.35781157670282965
2022-05-18 17:00:00;0.26159750266228293;0.23191015378059637;0.2566496111820018
2022-05-18 18:00:00;0.13948018300101936;0.13346990404259448;0.1384784698412819
2022-05-18 19:00:00;0.10280662026916129;0.10211930572728696;0.10269206784551557
2022-05-18 20:00:00;0.06473202977748686;0.06473202977748686;0.06473202977748686
2022-05-18 21:00:00;0.09082746911343878;0.09082746911343878;0.09082746911343878
2022-05-18 22:00:00;0.07692172005852184;0.07692172005852184;0.07692172005852184
2022-05-18 23:00:00;0.04588262927002298;0.04588262927002298;0.04588262927002298
2022-05-19 00:00:00;0.030822445522579043;0.030822445522579043;0.030822445522579043
2022-05-19 01:00:00;0.03307692364240779;0.03307692364240779;0.03307692364240779
2022-05-19 02:00:00;0.02468626384251218;0.02468626384251218;0.02468626384251218
2022-05-19 03:00:00;0.02580897762138373;0.02580897762138373;0.02580897762138373
2022-05-19 04:00:00;0.012472050856692393;0.009995175213438718;0.01205923824948345
2022-05-19 05:00:00;0.06916246165695994;0.05266054385652862;0.06641214202355473
2022-05-19 06:00:00;0.14433684358198934;0.11541976101296754;0.13951732982048573
2022-05-19 07:00:00;0.2557021522638001;0.2058349040108282;0.24739094422163818
2022-05-19 08:00:00;0.32264851178663123;0.2648470952930873;0.31301494237104066
2022-05-19 09:00:00;0.4190723916087484;0.34556363247828475;0.4068209317536711
2022-05-19 10:00:00;0.45139401011164615;0.3815899330261946;0.43975999726407095
2022-05-19 11:00:00;0.4195602395442556;0.36663794717006226;0.41073985748189007
2022-05-19 12:00:00;0.3871587608584479;0.3344068286231346;0.37836677215256237
2022-05-19 13:00:00;0.320716613117648;0.28246048356972137;0.3143405915263268
2022-05-19 14:00:00;0.27321715598622176;0.24479744697942488;0.26848053781842235
2022-05-19 15:00:00;0.22818483226187883;0.20957712392580666;0.22508354753920012
2022-05-19 16:00:00;0.20917660728988272;0.1902921385208395;0.2060291958283755
2022-05-19 17:00:00;0.12361947107604802;0.1124641778918957;0.12176025554535598
2022-05-19 18:00:00;0.0822053235077728;0.07544446368027188;0.08107851353652265
2022-05-19 19:00:00;0.04504642259415498;0.044720851271952446;0.044992160707121226
2022-05-19 20:00:00;0.04087834706123344;0.04087834706123344;0.04087834706123344
2022-05-19 21:00:00;0.02675882145192788;0.02675882145192788;0.02675882145192788
2022-05-19 22:00:00;0.020787961642542045;0.020787961642542045;0.020787961642542045
2022-05-19 23:00:00;0.022139391075045332;0.022139391075045332;0.022139391075045332
2022-05-20 00:00:00;0.02131849208498742;0.02131849208498742;0.02131849208498742
2022-05-20 01:00:00;0.023665154596445394;0.023665154596445394;0.023665154596445394
2022-05-20 02:00:00;0.023675081656930344;0.023675081656930344;0.023675081656930344
2022-05-20 03:00:00;0.02151740566594084;0.02151740566594084;0.02151740566594084
2022-05-20 04:00:00;0.01560192223812948;0.014188070095492078;0.01536628021435658
2022-05-20 05:00:00;0.06733675346519045;0.05153804547548537;0.06470363546690629
2022-05-20 06:00:00;0.17706251554323005;0.13832751149604594;0.17060668153536604
2022-05-20 07:00:00;0.18271220560128687;0.14850567556240513;0.17701111726147328
2022-05-20 08:00:00;0.19568215030177125;0.15863521326603822;0.18950766079581574
2022-05-20 09:00:00;0.25471089038791755;0.21276472268365004;0.2477198624372063
2022-05-20 10:00:00;0.266127483189531;0.22396237686906262;0.259099965469453
2022-05-20 11:00:00;0.3829762395523152;0.3185906653045055;0.3722453105110136
2022-05-20 12:00:00;0.5050697338584064;0.4180913445203088;0.4905733356353901
2022-05-20 13:00:00;0.3973176724360289;0.33185077238979804;0.3864065224283237
2022-05-20 14:00:00;0.3458140075819732;0.29392212751245583;0.33716536090372035
2022-05-20 15:00:00;0.3292324999931561;0.283132352132922;0.32154914201645046
2022-05-20 16:00:00;0.3225892815182181;0.27037965774644224;0.31388767755625546
2022-05-20 17:00:00;0.2158421076930919;0.19094667004519084;0.2116928680851084
2022-05-20 18:00:00;0.11966407701893986;0.11351757973351954;0.11863966080470313
2022-05-20 19:00:00;0.07870914790362274;0.07833380762571586;0.07864659119063826
2022-05-20 20:00:00;0.06797439941231867;0.06797439941231867;0.06797439941231867
2022-05-20 21:00:00;0.05420541786761529;0.05420541786761529;0.05420541786761529
2022-05-20 22:00:00;0.03680976994464224;0.03680976994464224;0.03680976994464224
2022-05-20 23:00:00;0.040665653703593735;0.040665653703593735;0.040665653703593735
2022-05-21 00:00:00;0.03318163509756276;0.03318163509756276;0.03318163509756276
2022-05-21 01:00:00;0.034127417261982596;0.034127417261982596;0.034127417261982596
2022-05-21 02:00:00;0.06415469904595188;0.06415469904595188;0.06415469904595188
2022-05-21 03:00:00;0.07414207155551666;0.07414207155551666;0.07414207155551666
2022-05-21 04:00:00;0.07183749614825444;0.07150208836157247;0.0717815948504741
2022-05-21 05:00:00;0.08573713348932921;0.07671772146017687;0.08423389815113715
2022-05-21 06:00:00;0.07627822672773331;0.06900522956022236;0.07506606053314817
2022-05-21 07:00:00;0.15124641976785694;0.1246249275998185;0.14680950440651722
2022-05-21 08:00:00;0.24138582187319338;0.19903226046340805;0.23432689497156248
2022-05-21 09:00:00;0.4604123359365818;0.3761706761351389;0.446372059303008
2022-05-21 10:00:00;0.6153848179710536;0.505128160682809;0.5970087084230128
2022-05-21 11:00:00;0.6860487773510584;0.5739387882345743;0.6673637791649779
2022-05-21 12:00:00;0.4625859293007994;0.40130883051223265;0.45237307950270494
2022-05-21 13:00:00;0.618717075048491;0.5106806162294131;0.6007109985786449
2022-05-21 14:00:00;0.4135469751000149;0.3578419337918931;0.4042628015486613
2022-05-21 15:00:00;0.1339533627376215;0.127585681244386;0.13289208248874892
2022-05-21 16:00:00;0.05755246937376374;0.050435507707531184;0.056366309096058324
2022-05-21 17:00:00;0.03497342299579699;0.03453310851586533;0.034900037249141716
2022-05-21 18:00:00;0.030220827734731906;0.02761249367773704;0.02978610539189943
2022-05-21 19:00:00;0.020737247359626513;0.019709537406545286;0.02056596236744631
2022-05-21 20:00:00;0.020795823788855472;0.020795823788855472;0.020795823788855472
2022-05-21 21:00:00;0.02008431420400336;0.02008431420400336;0.02008431420400336
2022-05-21 22:00:00;0.01945772644412091;0.01945772644412091;0.01945772644412091
2022-05-21 23:00:00;0.01962543374276826;0.01962543374276826;0.01962543374276826
2022-05-22 00:00:00;0.019243626929391005;0.019243626929391005;0.019243626929391005
2022-05-22 01:00:00;0.019272856939521785;0.019272856939521785;0.019272856939521785
2022-05-22 02:00:00;0.019748708328945503;0.019748708328945503;0.019748708328945503
2022-05-22 03:00:00;0.018662438277272726;0.018662438277272726;0.018662438277272726
2022-05-22 04:00:00;0.016332780871420823;0.01595970771773602;0.016270602012473354
2022-05-22 05:00:00;0.026888378884379126;0.024396712877924234;0.026473101216636645
2022-05-22 06:00:00;0.041558269791238237;0.035926035088899466;0.04061956400751511
2022-05-22 07:00:00;0.06807376966619189;0.05702353489229713;0.06623206387054277
2022-05-22 08:00:00;0.16691953855104558;0.1348507305980615;0.16157473722554824
2022-05-22 09:00:00;0.38059009074551603;0.304231554760713;0.36786366808138227
2022-05-22 10:00:00;0.4657200774046342;0.3794147884428023;0.4513358625776623
2022-05-22 11:00:00;0.41810688199021245;0.345245645540343;0.4059633425819009
2022-05-22 12:00:00;0.33464627588761686;0.28601307056544006;0.3265407416672541
2022-05-22 13:00:00;0.4224427356343141;0.36895685403880296;0.4135284220350623
2022-05-22 14:00:00;0.13934218635134554;0.13425226710976576;0.13849386647774892
2022-05-22 15:00:00;0.12146094948703509;0.11912445891450568;0.12107153439161353
2022-05-22 16:00:00;0.04305768372985787;0.03915772160484654;0.042407690042355985
2022-05-22 17:00:00;0.04989225834909327;0.042230110888616806;0.04861523377234719
2022-05-22 18:00:00;0.024680714697609657;0.023467125200104952;0.02447844978135887
2022-05-22 19:00:00;0.02572444495609358;0.02504898849178455;0.025611868878708744
2022-05-22 20:00:00;0.045011663542219006;0.045011663542219006;0.045011663542219006
2022-05-22 21:00:00;0.039821772952918076;0.039821772952918076;0.039821772952918076
2022-05-22 22:00:00;0.034034722271336845;0.034034722271336845;0.034034722271336845
2022-05-22 23:00:00;0.04828277858955514;0.04828277858955514;0.04828277858955514
2022-05-23 00:00:00;0.05369856069022367;0.05369856069022367;0.05369856069022367
2022-05-23 01:00:00;0.05116084278004048;0.05116084278004048;0.05116084278004048
2022-05-23 02:00:00;0.03857530997686272;0.03857530997686272;0.03857530997686272
2022-05-23 03:00:00;0.03570001997030453;0.03570001997030453;0.03570001997030453
2022-05-23 04:00:00;0.0173565656012304;0.014635128016719822;0.016902992670478637
2022-05-23 05:00:00;0.07702059228936665;0.060137422820926954;0.07420673071129337
2022-05-23 06:00:00;0.1480984807415079;0.12247398313294833;0.14382773114008132
2022-05-23 07:00:00;0.24142330192453224;0.19738282791900405;0.2340832229236109
2022-05-23 08:00:00;0.34072038998495907;0.2792658304737033;0.3304779633997499
2022-05-23 09:00:00;0.45310894856403233;0.3690673876163231;0.43910202173941415
2022-05-23 10:00:00;0.4776608862567645;0.39516842099861965;0.46391214204707376
2022-05-23 11:00:00;;;
2022-05-23 12:00:00;0.5662867993524004;0.47108254508471326;0.5504194236411193
2022-05-23 13:00:00;0.4334523599627383;0.3714752571702898;0.4231228428306636
2022-05-23 14:00:00;0.31461984882278776;0.28097237701748096;0.30901193685523665
2022-05-23 15:00:00;0.29495829447221006;0.2590640973341467;0.2889759282825328
2022-05-23 16:00:00;0.2329927121629396;0.20626720887459174;0.22853846161488162
2022-05-23 17:00:00;0.18767107102137526;0.16601565787735648;0.18406183549737212
2022-05-23 18:00:00;0.11790865631405555;0.10346452613237556;0.11550130128377556
2022-05-23 19:00:00;0.034816942842294085;0.03364392064168151;0.03462143914219199
2022-05-23 20:00:00;0.02242528619092693;0.02242528619092693;0.02242528619092693
2022-05-23 21:00:00;0.028513256341600828;0.028513256341600828;0.028513256341600828
2022-05-23 22:00:00;0.024368881107876234;0.024368881107876234;0.024368881107876234
2022-05-23 23:00:00;0.02682690868405528;0.02682690868405528;0.02682690868405528
2022-05-24 00:00:00;0.02065688694181348;0.02065688694181348;0.02065688694181348
2022-05-24 01:00:00;0.017486232725585638;0.017486232725585638;0.017486232725585638
2022-05-24 02:00:00;0.020703069617397193;0.020703069617397193;0.020703069617397193
2022-05-24 03:00:00;0.018462942250364215;0.018462942250364215;0.018462942250364215
2022-05-24 04:00:00;0.009588524799901193;0.005880448067380332;0.008970512011147718
2022-05-24 05:00:00;0.06955887195758474;0.053369172316565704;0.06686058868408158
2022-05-24 06:00:00;0.16797149529713545;0.13140520175589052;0.16187711304026134
2022-05-24 07:00:00;0.27963242622791096;0.22662292447454793;0.27079750926901713
2022-05-24 08:00:00;0.4528820749628751;0.36236579948164843;0.4377960290493374
2022-05-24 09:00:00;0.4801996842495322;0.39786174817716696;0.4664766949041382
2022-05-24 10:00:00;0.5313124217303248;0.4398355380219288;0.516066274445592
2022-05-24 11:00:00;0.5398503113842763;0.44026412213324756;0.5232526131757715
2022-05-24 12:00:00;0.5983304256741302;0.49185249598622105;0.5805841040594788
2022-05-24 13:00:00;0.49919740919266026;0.4142052250926448;0.485032045175991
2022-05-24 14:00:00;0.516905583127371;0.4251698942927056;0.5016163016549269
2022-05-24 15:00:00;0.45667829576190133;0.37367131841638207;0.44284379953764813
2022-05-24 16:00:00;0.3355976873297802;0.27690373443281563;0.32581536184695276
2022-05-24 17:00:00;0.22677604109046184;0.1930112116731264;0.22114856952090595
2022-05-24 18:00:00;0.14855214174334097;0.13770408744039167;0.14674413269284942
2022-05-24 19:00:00;0.1124319929512729;0.11141937446289052;0.11226322320320917
2022-05-24 20:00:00;0.04939685671869388;0.04939685671869388;0.04939685671869388
2022-05-24 21:00:00;0.03418239716589271;0.03418239716589271;0.03418239716589271
2022-05-24 22:00:00;0.02665531026712818;0.02665531026712818;0.02665531026712818
2022-05-24 23:00:00;0.03259793746515441;0.03259793746515441;0.03259793746515441
2022-05-25 00:00:00;0.02952799260124592;0.02952799260124592;0.02952799260124592
2022-05-25 01:00:00;0.026855001340701113;0.026855001340701113;0.026855001340701113
2022-05-25 02:00:00;0.03526612922526419;0.03526612922526419;0.03526612922526419
2022-05-25 03:00:00;0.018959239026687107;0.018959239026687107;0.018959239026687107
2022-05-25 04:00:00;0.012128868573447606;0.008585720389398305;0.011538343876106057
2022-05-25 05:00:00;0.07591752719838299;0.05727562391742571;0.07281054331822344
2022-05-25 06:00:00;0.20201988860090178;0.15639652554247985;0.1944159947578315
2022-05-25 07:00:00;0.3301553486028112;0.26124433985914197;0.3186701804788664
2022-05-25 08:00:00;0.47373596687184777;0.37963494859792013;0.45805246382619313
2022-05-25 09:00:00;0.5852121514625682;0.47419287557869944;0.5667089388152567
2022-05-25 10:00:00;0.7019811834845645;0.5743514592825906;0.6807095627842354
2022-05-25 11:00:00;0.741326276349995;0.6147418341569636;0.7202288693178233
2022-05-25 12:00:00;0.7533594017203683;0.6252947870620353;0.7320152992773129
2022-05-25 13:00:00;0.7055668067195371;0.5882643653756278;0.6860163998288856
2022-05-25 14:00:00;0.639314097048331;0.535383525694124;0.6219923351559631
2022-05-25 15:00:00;0.5533963375445549;0.4804840584597904;0.5412442910304275
2022-05-25 16:00:00;0.42765733934067074;0.36596361497260876;0.41737505194599384
2022-05-25 17:00:00;0.3264164507259622;0.29457867576004065;0.32111015489830863
2022-05-25 18:00:00;0.22398735767172154;0.2167147458732837;0.22277525570531523
2022-05-25 19:00:00;0.11003532357059372;0.10924122326448236;0.10990297351957515
2022-05-25 20:00:00;0.08190190062916225;0.08190190062916225;0.08190190062916225
2022-05-25 21:00:00;0.0436422569039173;0.0436422569039173;0.0436422569039173
2022-05-25 22:00:00;0.03599367407932942;0.03599367407932942;0.03599367407932942
2022-05-25 23:00:00;0.03251659966371747;0.03251659966371747;0.03251659966371747
2022-05-26 00:00:00;0.030739366869867914;0.030739366869867914;0.030739366869867914
2022-05-26 01:00:00;0.02823649758817561;0.02823649758817561;0.02823649758817561
2022-05-26 02:00:00;0.03153884510688248;0.03153884510688248;0.03153884510688248
2022-05-26 03:00:00;0.03258228537319775;0.03258228537319775;0.03258228537319775
2022-05-26 04:00:00;0.026929010339898744;0.025771382624056836;0.02673607238725843
2022-05-26 05:00:00;0.0418551972575679;0.03918457761286731;0.04141009398345114
2022-05-26 06:00:00;0.05586154765671395;0.049830876814654555;0.05485643584970406
2022-05-26 07:00:00;0.05119691290778772;0.044720687406686624;0.05011754199093754
2022-05-26 08:00:00;0.10512432098478683;0.08650368221555772;0.10202088118991531
2022-05-26 09:00:00;0.09422956798913248;0.07858396459444239;0.0916219674233508
2022-05-26 10:00:00;0.08265676500497272;0.06958151280446755;0.08047755630488855
2022-05-26 11:00:00;0.15268310697355053;0.12506944382411828;0.1480808297819785
2022-05-26 12:00:00;0.22290742725743942;0.18061460310066638;0.21585862323131058
2022-05-26 13:00:00;0.306267039944971;0.24663950948772023;0.29632911820209595
2022-05-26 14:00:00;0.10102660331135711;0.08513601651589647;0.09837817217878034
2022-05-26 15:00:00;0.0650801922344557;0.05618800107233274;0.06359816037410188
2022-05-26 16:00:00;0.05143003836177663;0.045063820565044474;0.05036900206232126
2022-05-26 17:00:00;0.04663959829477901;0.040164884449991056;0.0455604793206477
2022-05-26 18:00:00;0.024415173961007276;0.023127726462027865;0.02420059937784404
2022-05-26 19:00:00;0.0219183445027722;0.0219183445027722;0.0219183445027722
2022-05-26 20:00:00;0.020152267866496376;0.020152267866496376;0.020152267866496376
2022-05-26 21:00:00;0.040041341091365916;0.040041341091365916;0.040041341091365916
2022-05-26 22:00:00;0.03966715854895448;0.03966715854895448;0.03966715854895448
2022-05-26 23:00:00;0.053253852928493176;0.053253852928493176;0.053253852928493176
2022-05-27 00:00:00;0.02980983657679018;0.02980983657679018;0.02980983657679018
2022-05-27 01:00:00;0.029134167988433393;0.029134167988433393;0.029134167988433393
2022-05-27 02:00:00;0.02691595090727964;0.02691595090727964;0.02691595090727964
2022-05-27 03:00:00;0.02742269092686664;0.02742269092686664;0.02742269092686664
2022-05-27 04:00:00;0.026461261204994063;0.025772774649149625;0.026346513445686653
2022-05-27 05:00:00;0.030018969614930228;0.028430408705275072;0.029754209463321038
2022-05-27 06:00:00;0.035104759343620444;0.03272780805208676;0.034708600795031505
2022-05-27 07:00:00;0.04567875153078575;0.04043630578910253;0.044805010573838545
2022-05-27 08:00:00;0.049140358686734394;0.04276759919993777;0.04807823210560162
2022-05-27 09:00:00;0.0772893929594364;0.06534124822374766;0.07529803550348829
2022-05-27 10:00:00;0.07874495772065304;0.06679802308867282;0.07675380194865633
2022-05-27 11:00:00;0.09799459930402195;0.08239246382195782;0.09539424339034461
2022-05-27 12:00:00;0.06883885297492531;0.0591926555650817;0.06723115340661805
2022-05-27 13:00:00;0.1318208500317167;0.10866423218143612;0.1279614137233366
2022-05-27 14:00:00;0.11069981396316257;0.09289306347968798;0.10773202221591681
2022-05-27 15:00:00;0.08615314401797275;0.0730103729287209;0.0839626821697641
2022-05-27 16:00:00;0.1419471172346676;0.11645467724773999;0.13769837723684636
2022-05-27 17:00:00;0.06704051459673108;0.05660468713951705;0.06530121002052876
2022-05-27 18:00:00;0.043487698655382705;0.039750605274260185;0.04286484975852895
2022-05-27 19:00:00;0.02799177213157938;0.027616244436295366;0.02792918418236538
2022-05-27 20:00:00;0.023989837140977827;0.023989837140977827;0.023989837140977827
2022-05-27 21:00:00;0.021430197640291047;0.021430197640291047;0.021430197640291047
2022-05-27 22:00:00;0.020281670181866548;0.020281670181866548;0.020281670181866548
2022-05-27 23:00:00;0.02015496253736363;0.02015496253736363;0.02015496253736363
2022-05-28 00:00:00;0.02303989675503214;0.02303989675503214;0.02303989675503214
2022-05-28 01:00:00;0.018691306970054923;0.018691306970054923;0.018691306970054923
2022-05-28 02:00:00;0.01863330460926132;0.01863330460926132;0.01863330460926132
2022-05-28 03:00:00;0.01900210717286804;0.01900210717286804;0.01900210717286804
2022-05-28 04:00:00;0.01754078351062775;0.016856171046663284;0.01742668143330034
2022-05-28 05:00:00;0.022701753024956358;0.021317515217128047;0.022471046723651644
2022-05-28 06:00:00;0.05401736052681532;0.045501959469498636;0.05259812701726254
2022-05-28 07:00:00;0.16174996417677995;0.1295078621938307;0.15637628051295502
2022-05-28 08:00:00;0.15818728135636217;0.1319501915924576;0.15381443306237808
2022-05-28 09:00:00;0.355007846488591;0.2967400445972063;0.3452965461733602
2022-05-28 10:00:00;0.4543495662940424;0.37673874124849205;0.4414144287864507
2022-05-28 11:00:00;0.3526926001085886;0.29930142990668657;0.343794071741605
2022-05-28 12:00:00;0.5044166512181135;0.41971083363409034;0.4902990149541097
2022-05-28 13:00:00;0.45909493926299166;0.38423297139321466;0.44661794461802884
2022-05-28 14:00:00;0.4634480877494544;0.3869354983007503;0.4506959895080038
2022-05-28 15:00:00;0.47418096743126653;0.40203363500420836;0.4621564120267569
2022-05-28 16:00:00;0.38326513149011937;0.32259176993252525;0.3731529045638537
2022-05-28 17:00:00;0.2817286662666735;0.24435946935924654;0.2755004667821023
2022-05-28 18:00:00;0.15826511659598805;0.14303052458114476;0.15572601792684748
2022-05-28 19:00:00;0.050635137207560126;0.049316009131226586;0.0504152825281712
2022-05-28 20:00:00;0.04316222706991403;0.04316222706991403;0.04316222706991403
2022-05-28 21:00:00;0.03387072782904369;0.03387072782904369;0.03387072782904369
2022-05-28 22:00:00;0.03348242159825848;0.03348242159825848;0.03348242159825848
2022-05-28 23:00:00;0.03242742284496014;0.03242742284496014;0.03242742284496014
2022-05-29 00:00:00;0.024308346470214796;0.024308346470214796;0.024308346470214796
2022-05-29 01:00:00;0.02570167954454106;0.02570167954454106;0.02570167954454106
2022-05-29 02:00:00;0.04676910406646013;0.04676910406646013;0.04676910406646013
2022-05-29 03:00:00;0.04325048102338343;0.04325048102338343;0.04325048102338343
2022-05-29 04:00:00;0.0296482854777387;0.024196763418898544;0.028739698467932014
2022-05-29 05:00:00;0.10708480848072566;0.08301701076183705;0.10307350886091092
2022-05-29 06:00:00;0.22326703236045833;0.17835286558518315;0.21578133789791248
2022-05-29 07:00:00;0.3633097558987883;0.29303774187589643;0.3515977535616397
2022-05-29 08:00:00;0.5264792994780635;0.4188726645131304;0.5085448603172414
2022-05-29 09:00:00;0.6284150907797585;0.5134685234233531;0.609257329553691
2022-05-29 10:00:00;0.7224648360198852;0.6110175408558661;0.7038902868258822
2022-05-29 11:00:00;0.6102816888265012;0.5293700614508839;0.5967964175972318
2022-05-29 12:00:00;0.45697356761191943;0.3930653456031372;0.4463221972771224
2022-05-29 13:00:00;0.6005486037078553;0.5094614590081616;0.5853674129245732
2022-05-29 14:00:00;0.44718597103307806;0.39688579676594776;0.4388026086552231
2022-05-29 15:00:00;0.4389514510651254;0.3893019179697361;0.43067652888256047
2022-05-29 16:00:00;0.3162068214171897;0.2796164948656987;0.3101084336586079
2022-05-29 17:00:00;0.2873105988501248;0.2570472366024459;0.2822667051421783
2022-05-29 18:00:00;0.15264838088664695;0.14040634080144063;0.15060804087244592
2022-05-29 19:00:00;0.07206186717957437;0.07034010566854447;0.07177490692773605
2022-05-29 20:00:00;0.0495214415156588;0.0495214415156588;0.0495214415156588
2022-05-29 21:00:00;0.04929938144129421;0.04929938144129421;0.04929938144129421
2022-05-29 22:00:00;0.037700222231661966;0.037700222231661966;0.037700222231661966
2022-05-29 23:00:00;0.03377931812890812;0.03377931812890812;0.03377931812890812
2022-05-30 00:00:00;0.039938289982629036;0.039938289982629036;0.039938289982629036
2022-05-30 01:00:00;0.029052078732537564;0.029052078732537564;0.029052078732537564
2022-05-30 02:00:00;0.024136584851664655;0.024136584851664655;0.024136584851664655
2022-05-30 03:00:00;0.027230358286817517;0.027230358286817517;0.027230358286817517
2022-05-30 04:00:00;0.031815364959876115;0.029546070292124253;0.03143714918191747
2022-05-30 05:00:00;0.04009200544923876;0.03732562325167651;0.03963094174964504
2022-05-30 06:00:00;0.06987923592848024;0.05908327653078186;0.06807990936219717
2022-05-30 07:00:00;0.0989231998312779;0.08558150981659836;0.0966995848288313
2022-05-30 08:00:00;0.09780853208317133;0.08588446554943079;0.09582118766088124
2022-05-30 09:00:00;0.19823472121988361;0.16730915702897345;0.19308046052139863
2022-05-30 10:00:00;0.13862132135622468;0.12168801343336899;0.13579910336908205
2022-05-30 11:00:00;0.3090913790879509;0.25681923690967384;0.3003793553915714
2022-05-30 12:00:00;0.19952849686787635;0.17012715141661125;0.19462827262599885
2022-05-30 13:00:00;0.4392220762193137;0.35579402392676457;0.42531740083722225
2022-05-30 14:00:00;0.45645877223938147;0.3760740025852392;0.4430613106303578
2022-05-30 15:00:00;0.2858578455177713;0.24335248106486157;0.278773618108953
2022-05-30 16:00:00;0.3095212553553859;0.2610407734592781;0.3014411750393679
2022-05-30 17:00:00;0.1781549923381278;0.15559009834572213;0.17439417667272683
2022-05-30 18:00:00;0.09797007504810094;0.09311938037525268;0.09716162593595958
2022-05-30 19:00:00;0.04272973386656542;0.041911915202648226;0.042593430755912556
2022-05-30 20:00:00;0.048020873103946385;0.048020873103946385;0.048020873103946385
2022-05-30 21:00:00;0.06938171431323287;0.06938171431323287;0.06938171431323287
2022-05-30 22:00:00;0.05090309442596842;0.05090309442596842;0.05090309442596842
2022-05-30 23:00:00;0.05275758397385431;0.05275758397385431;0.05275758397385431
2022-05-31 00:00:00;0.05611803921430212;0.05611803921430212;0.05611803921430212
2022-05-31 01:00:00;0.022562298435324465;0.022562298435324465;0.022562298435324465
2022-05-31 02:00:00;0.026015902724875434;0.026015902724875434;0.026015902724875434
2022-05-31 03:00:00;0.026045436614465463;0.026045436614465463;0.026045436614465463
2022-05-31 04:00:00;0.027196323079426234;0.026424579136010165;0.02706769908885689
2022-05-31 05:00:00;0.04546568156605011;0.043953265263957736;0.045213612182368045
2022-05-31 06:00:00;0.06130244394874084;0.05466930991935436;0.06019692161050977
2022-05-31 07:00:00;0.09482330199227937;0.08051995680082479;0.09243941112703694
2022-05-31 08:00:00;0.1035202108754214;0.08995017466755326;0.10125853817411007
2022-05-31 09:00:00;0.19308272142434885;0.1598257715553619;0.18753989644618438
2022-05-31 10:00:00;0.33966225553044926;0.279139859836161;0.32957518958140125
2022-05-31 11:00:00;0.5016369537828512;0.4077901811010035;0.48599582500254335
2022-05-31 12:00:00;0.566430945923508;0.4571952178939252;0.5482249912519109
2022-05-31 13:00:00;0.6289490908698279;0.502427400895001;0.6078621425406902
2022-05-31 14:00:00;0.5057736270021748;0.4085818347446863;0.4895749949592601
2022-05-31 15:00:00;0.43128540874323773;0.34990284732986476;0.41772164850767557
2022-05-31 16:00:00;0.32918812927735236;0.275175277852302;0.3201859873731773
2022-05-31 17:00:00;0.25342413718434936;0.2185416777450409;0.24761039394446457
2022-05-31 18:00:00;0.11638931110248046;0.10453674242733486;0.11441388298995622
2022-05-31 19:00:00;0.060572266289590955;0.05940891644791676;0.06037837464931192
2022-05-31 20:00:00;0.044931511748550416;0.044931511748550416;0.044931511748550416
2022-05-31 21:00:00;0.035647919348979075;0.035647919348979075;0.035647919348979075
2022-05-31 22:00:00;0.031044253351992564;0.031044253351992564;0.031044253351992564
2022-05-31 23:00:00;0.02368445745717533;0.02368445745717533;0.02368445745717533
2022-06-01 00:00:00;0.027867561476754454;0.027867561476754454;0.027867561476754454
2022-06-01 01:00:00;0.025470880361526713;0.025470880361526713;0.025470880361526713
2022-06-01 02:00:00;0.03050536815203761;0.03050536815203761;0.03050536815203761
2022-06-01 03:00:00;0.03273959726630317;0.03247499109777772;0.03269549623821559
2022-06-01 04:00:00;0.028267490514466767;0.02456420694820342;0.027650276586756214
2022-06-01 05:00:00;0.07868219138290025;0.06538826327324311;0.0764665366979574
2022-06-01 06:00:00;0.12714355448502618;0.10665198081652252;0.12372829220694224
2022-06-01 07:00:00;0.22322272932122936;0.18578336907971005;0.2169828359476428
2022-06-01 08:00:00;0.25508238817590795;0.21841222357169848;0.2489706940752064
2022-06-01 09:00:00;0.25968408954818045;0.22089950061238048;0.25321999139221374
2022-06-01 10:00:00;0.3652949237777396;0.3082327007685373;0.3557845532762059
2022-06-01 11:00:00;0.4201018216988095;0.3510469326023383;0.4085926735160643
2022-06-01 12:00:00;0.19510927269578124;0.17250493176887796;0.1913418825412974
2022-06-01 13:00:00;0.19579764585814372;0.17397982217495753;0.19216134191094603
2022-06-01 14:00:00;0.17853185038878902;0.1534854868024169;0.174357456457727
2022-06-01 15:00:00;0.1614940200321208;0.142469300169554;0.15832323338835969
2022-06-01 16:00:00;0.125928137900605;0.11475149355097373;0.12406536384233312
2022-06-01 17:00:00;0.07714462356295104;0.07211812071367614;0.0763068730880719
2022-06-01 18:00:00;0.047157410602547085;0.045924372003002575;0.04695190416928967
2022-06-01 19:00:00;0.0402812662130445;0.0402812662130445;0.0402812662130445
2022-06-01 20:00:00;0.026123901310562237;0.026123901310562237;0.026123901310562237
2022-06-01 21:00:00;0.025492711505246162;0.025492711505246162;0.025492711505246162
2022-06-01 22:00:00;0.027136434265153365;0.027136434265153365;0.027136434265153365
2022-06-01 23:00:00;0.023161612281047846;0.023161612281047846;0.023161612281047846
2022-06-02 00:00:00;0.020727567735157063;0.020727567735157063;0.020727567735157063
2022-06-02 01:00:00;0.021253556681561307;0.021253556681561307;0.021253556681561307
2022-06-02 02:00:00;0.020438021850039817;0.020438021850039817;0.020438021850039817
2022-06-02 03:00:00;0.02187468023404687;0.02187468023404687;0.02187468023404687
2022-06-02 04:00:00;0.019489913771793016;0.01529976612872732;0.018791555831282065
2022-06-02 05:00:00;0.05361725128191805;0.04364620050170535;0.05195540948521594
2022-06-02 06:00:00;0.2036680743886288;0.15866654373600061;0.19616781927985746
2022-06-02 07:00:00;0.3383341189120468;0.2712540529744436;0.3271541079224463
2022-06-02 08:00:00;0.4420159205387915;0.3617096315007003;0.42863153903244294
2022-06-02 09:00:00;0.5289977154776306;0.4373656139486988;0.513725698556142
2022-06-02 10:00:00;0.6032351146675963;0.4996357595392168;0.585968555479533
2022-06-02 11:00:00;0.6773309374269593;0.5562771791176885;0.6571553110420808
2022-06-02 12:00:00;0.71008536075923;0.5835292872630969;0.6889926818432078
2022-06-02 13:00:00;0.6853906454420868;0.5667935360762723;0.6656244605477846
2022-06-02 14:00:00;0.6426972603567754;0.5206296872595405;0.6223526648405696
2022-06-02 15:00:00;0.5370033234070174;0.43870928879578125;0.5206209843051448
2022-06-02 16:00:00;0.37616037494120574;0.3124476836444712;0.36554159305841666
2022-06-02 17:00:00;0.24874903516403665;0.20851924314619671;0.24204406982773002
2022-06-02 18:00:00;0.09112067730319308;0.08106002464545581;0.08944390186023685
2022-06-02 19:00:00;0.06537369407596956;0.06492829944481127;0.06529946163744317
2022-06-02 20:00:00;0.04724884904722911;0.04724884904722911;0.04724884904722911
2022-06-02 21:00:00;0.06699361145981045;0.06699361145981045;0.06699361145981045
2022-06-02 22:00:00;0.08065524380531941;0.08065524380531941;0.08065524380531941
2022-06-02 23:00:00;0.06968929460811682;0.06968929460811682;0.06968929460811682
2022-06-03 00:00:00;0.07261470820536221;0.07261470820536221;0.07261470820536221
2022-06-03 01:00:00;0.07816700114198732;0.07816700114198732;0.07816700114198732
2022-06-03 02:00:00;0.06932089793015549;0.06932089793015549;0.06932089793015549
2022-06-03 03:00:00;0.061246308791015024;0.061246308791015024;0.061246308791015024
2022-06-03 04:00:00;0.05555732019581261;0.05449859740099763;0.055380866396676776
2022-06-03 05:00:00;0.07341806475931882;0.06903097974069738;0.07268688392288192
2022-06-03 06:00:00;0.10651203965512131;0.0928440068936712;0.10423403419487963
2022-06-03 07:00:00;0.14005384307884752;0.11853122111159692;0.13646673941763912
2022-06-03 08:00:00;0.24463593264169756;0.20199036780849902;0.23752833850283114
2022-06-03 09:00:00;0.3834481000935465;0.31039781420493917;0.37127305244544534
2022-06-03 10:00:00;0.5545666115470864;0.44678156552882686;0.5366024372107099
2022-06-03 11:00:00;;;
2022-06-03 12:00:00;0.49707285923707323;0.4106710385961912;0.48267255579692625
2022-06-03 13:00:00;0.4541736462921851;0.36681589806331316;0.4396140215873731
2022-06-03 14:00:00;0.27567367628009004;0.23047145171734665;0.26813997218629954
2022-06-03 15:00:00;0.27850882161625423;0.23470163538858835;0.2712076239116433
2022-06-03 16:00:00;0.21639117300090752;0.17889226442754064;0.21014135490534638
2022-06-03 17:00:00;0.20792087614693963;0.17130993226318683;0.20181905216631418
2022-06-03 18:00:00;0.09670233309162252;0.08124682748748019;0.09412641549093213
2022-06-03 19:00:00;0.020920213241211964;0.02017469530054056;0.020795960251100067
2022-06-03 20:00:00;0.023671843993655323;0.023671843993655323;0.023671843993655323
2022-06-03 21:00:00;0.023143850602635144;0.023143850602635144;0.023143850602635144
2022-06-03 22:00:00;0.022918686381329177;0.022918686381329177;0.022918686381329177
2022-06-03 23:00:00;0.021461682606148506;0.021461682606148506;0.021461682606148506
2022-06-04 00:00:00;0.02354405528595381;0.02354405528595381;0.02354405528595381
2022-06-04 01:00:00;0.021182420034527277;0.021182420034527277;0.021182420034527277
2022-06-04 02:00:00;0.02054772714711013;0.02054772714711013;0.02054772714711013
2022-06-04 03:00:00;0.021483621137295256;0.021483621137295256;0.021483621137295256
2022-06-04 04:00:00;0.018029533483952857;0.01608688517625844;0.017705758766003787
2022-06-04 05:00:00;0.03900747352712423;0.032600879370857;0.03793970783441302
2022-06-04 06:00:00;0.06132535747681615;0.050291975541118944;0.05948646048753329
2022-06-04 07:00:00;0.12653989890143805;0.10181157921250356;0.12241851228661565
2022-06-04 08:00:00;0.21080761160807365;0.1687136714900226;0.20379195492173185
2022-06-04 09:00:00;0.5296248723397318;0.42053183788901544;0.5114426999312791
2022-06-04 10:00:00;0.5877162771991602;0.47012989208181066;0.5681185463462687
2022-06-04 11:00:00;0.7055186588403302;0.5650698033745631;0.6821105162627022
2022-06-04 12:00:00;0.6825255703570292;0.5537861279218704;0.6610689966178361
2022-06-04 13:00:00;0.6774935617758044;0.564645586321273;0.658685565866716
2022-06-04 14:00:00;0.6109995050044219;0.5280116751828833;0.5971682000341655
2022-06-04 15:00:00;0.5730802777580101;0.5043163120432104;0.5616196168055435
2022-06-04 16:00:00;0.4596390893272111;0.4059926561124272;0.45069801712474716
2022-06-04 17:00:00;0.3366306487522192;0.30507775881829907;0.3313718337632325
2022-06-04 18:00:00;0.18056467720863714;0.17602840553877358;0.17980863193032653
2022-06-04 19:00:00;0.10095515723837482;0.1006155894206626;0.10089856260208947
2022-06-04 20:00:00;0.07484522288367548;0.07484522288367548;0.07484522288367548
2022-06-04 21:00:00;0.0749865556158656;0.0749865556158656;0.0749865556158656
2022-06-04 22:00:00;0.06116204359577605;0.06116204359577605;0.06116204359577605
2022-06-04 23:00:00;0.043861433786972076;0.043861433786972076;0.043861433786972076
2022-06-05 00:00:00;0.05618477156051808;0.05618477156051808;0.05618477156051808
2022-06-05 01:00:00;0.0502822949644468;0.0502822949644468;0.0502822949644468
2022-06-05 02:00:00;0.04532871389647393;0.04532871389647393;0.04532871389647393
2022-06-05 03:00:00;0.041933925712423964;0.041933925712423964;0.041933925712423964
2022-06-05 04:00:00;0.043521104348662826;0.04190937182151909;0.04325248226080554
2022-06-05 05:00:00;0.08705011146128772;0.07220359162495812;0.08457569148856613
2022-06-05 06:00:00;0.1239760908518873;0.1068745812969957;0.12112583925940537
2022-06-05 07:00:00;0.1403653882014585;0.12071750629923703;0.13709074121775497
2022-06-05 08:00:00;0.292368304195626;0.2464437686497885;0.2847142149379865
2022-06-05 09:00:00;0.28098101536284814;0.24067288869186979;0.2742629942510184
2022-06-05 10:00:00;0.40890797952617236;0.34214647215815314;0.39778106163150256
2022-06-05 11:00:00;0.2538542098501498;0.21878306528817473;0.24800901908982062
2022-06-05 12:00:00;0.2912630892359297;0.2436005987415014;0.2833193408201916
2022-06-05 13:00:00;0.28327822647675555;0.24023133395604915;0.27610374438997115
2022-06-05 14:00:00;0.1723078646100101;0.14970058210487613;0.16853998419248784
2022-06-05 15:00:00;0.2701434160974592;0.23149074519313317;0.2637013042800715
2022-06-05 16:00:00;0.17458513115854182;0.15744329773223556;0.1717281589208241
2022-06-05 17:00:00;0.17412939091082358;0.15783182460270628;0.17141312985947071
2022-06-05 18:00:00;0.08513644890664185;0.08053620787989903;0.08436974206885138
2022-06-05 19:00:00;0.03482004766758748;0.033970280103294524;0.03467841974020532
2022-06-05 20:00:00;0.05041593119083905;0.05041593119083905;0.05041593119083905
2022-06-05 21:00:00;0.044118908993216896;0.044118908993216896;0.044118908993216896
2022-06-05 22:00:00;0.03660839631709351;0.03660839631709351;0.03660839631709351
2022-06-05 23:00:00;0.03795357206206511;0.03795357206206511;0.03795357206206511
2022-06-06 00:00:00;0.029610225865841694;0.029610225865841694;0.029610225865841694
2022-06-06 01:00:00;0.02940015936032974;0.02940015936032974;0.02940015936032974
2022-06-06 02:00:00;0.028163876853095605;0.028163876853095605;0.028163876853095605
2022-06-06 03:00:00;0.02430061971550767;0.02430061971550767;0.02430061971550767
2022-06-06 04:00:00;0.018806701370023018;0.013350334326234805;0.017897306862724983
2022-06-06 05:00:00;0.10168776673773226;0.07695989035052567;0.09756645400653119
2022-06-06 06:00:00;0.2123798812657715;0.16770462652880824;0.20493400547627766
2022-06-06 07:00:00;0.3301785262619741;0.2646013840498853;0.31924900255995936
2022-06-06 08:00:00;0.4574182894594643;0.36750529265887744;0.44243278999269986
2022-06-06 09:00:00;0.5777146407401204;0.4664394216212672;0.5591687708869784
2022-06-06 10:00:00;;;
2022-06-06 11:00:00;;;
2022-06-06 12:00:00;;;
2022-06-06 13:00:00;;;
2022-06-06 14:00:00;0.5015416615542782;0.40379607042217247;0.4852507296989273
2022-06-06 15:00:00;0.3575827992649306;0.30006528024661955;0.34799654609521213
2022-06-06 16:00:00;0.34574337698389757;0.28321086880918706;0.33532129228811247
2022-06-06 17:00:00;0.2347115082877996;0.19483239552080237;0.22806498949330012
2022-06-06 18:00:00;0.10521880458768876;0.09410904107274065;0.10336717733519742
2022-06-06 19:00:00;0.03577232436554407;0.034028245762812;0.03548164459842206
2022-06-06 20:00:00;0.03972259129997094;0.03972259129997094;0.03972259129997094
2022-06-06 21:00:00;0.03220123753890893;0.03220123753890893;0.03220123753890893
2022-06-06 22:00:00;0.021697545645490375;0.021697545645490375;0.021697545645490375
2022-06-06 23:00:00;0.030246958169878525;0.030246958169878525;0.030246958169878525
2022-06-07 00:00:00;0.030155303482406033;0.030155303482406033;0.030155303482406033
2022-06-07 01:00:00;0.04077928694497747;0.04077928694497747;0.04077928694497747
2022-06-07 02:00:00;0.03299464916889556;0.03299464916889556;0.03299464916889556
2022-06-07 03:00:00;0.0411445721957611;0.0411445721957611;0.0411445721957611
2022-06-07 04:00:00;0.04880594030935907;0.04783670263185456;0.04864440069644165
2022-06-07 05:00:00;0.06345492675197578;0.05599617942322286;0.062211802197183634
2022-06-07 06:00:00;0.09449695145940565;0.08072410015037038;0.09220147624123311
2022-06-07 07:00:00;0.16093320993251103;0.13427230132426346;0.1564897251644698
2022-06-07 08:00:00;0.1859802373475898;0.15668681722173058;0.18109800065994658
2022-06-07 09:00:00;0.2455281694570251;0.20213805356165118;0.23829648347446278
2022-06-07 10:00:00;0.29203871198199804;0.24148420504436702;0.2836129608257263
2022-06-07 11:00:00;0.2136133149883653;0.17980182277003093;0.20797806628530952
2022-06-07 12:00:00;0.23434634963326267;0.19448752644233497;0.22770321243477473
2022-06-07 13:00:00;0.1567740012185884;0.13219036839026102;0.1526767290805338
2022-06-07 14:00:00;0.11727494678444961;0.10028207927189672;0.11444280219902413
2022-06-07 15:00:00;0.14537417496283986;0.12271548848114318;0.1415977272158904
2022-06-07 16:00:00;0.1056607853538153;0.0899422626869915;0.10304103157601134
2022-06-07 17:00:00;0.07899466390616841;0.06971056409387505;0.07744731393745286
2022-06-07 18:00:00;0.051828584141932955;0.04667081068156983;0.050968955231872434
2022-06-07 19:00:00;0.15158520024802705;0.1512494027721183;0.15152923400204227
2022-06-07 20:00:00;0.06903658637789882;0.06903658637789882;0.06903658637789882
2022-06-07 21:00:00;;;
2022-06-07 22:00:00;0.02201973300436594;0.02201973300436594;0.02201973300436594
2022-06-07 23:00:00;0.025899347440781758;0.025899347440781758;0.025899347440781758
2022-06-08 00:00:00;0.02740345435971429;0.02740345435971429;0.02740345435971429
2022-06-08 01:00:00;0.02539837936512694;0.02539837936512694;0.02539837936512694
2022-06-08 02:00:00;0.027810118143897188;0.027810118143897188;0.027810118143897188
2022-06-08 03:00:00;0.024135209456372788;0.024135209456372788;0.024135209456372788
2022-06-08 04:00:00;0.020023485241745468;0.01933555500683687;0.019908830202594034
2022-06-08 05:00:00;0.02977734944755034;0.02713087084652815;0.029336269680713314
2022-06-08 06:00:00;0.08695251503185013;0.07179619243870117;0.08442646126632529
2022-06-08 07:00:00;0.1387059168433458;0.11469213880173701;0.13470362050307771
2022-06-08 08:00:00;0.18190832030488543;0.15099379114348302;0.17675589877798503
2022-06-08 09:00:00;;;
2022-06-08 10:00:00;;;
2022-06-08 11:00:00;0.21580901762315777;0.18149821262217283;0.21009055012299363
2022-06-08 12:00:00;;;
2022-06-08 13:00:00;0.24152420874866837;0.2069577624240641;0.23576313436123436
2022-06-08 14:00:00;0.2463092500545338;0.21016942371296932;0.24028594566427303
2022-06-08 15:00:00;0.28136026993861946;0.24284914344425176;0.27494174885622485
2022-06-08 16:00:00;0.31515907531188225;0.2618358979890047;0.30627187909140274
2022-06-08 17:00:00;0.2369616928630147;0.19833062018648506;0.23052318075025982
2022-06-08 18:00:00;0.14074939992871138;0.12309112292659313;0.13780635376169167
2022-06-08 19:00:00;0.06705176671133543;0.06589615084316577;0.06685916406664048
2022-06-08 20:00:00;0.03415545617258068;0.03415545617258068;0.03415545617258068
2022-06-08 21:00:00;0.030942525031900696;0.030942525031900696;0.030942525031900696
2022-06-08 22:00:00;0.028236157797946842;0.028236157797946842;0.028236157797946842
2022-06-08 23:00:00;0.022741944733713416;0.022741944733713416;0.022741944733713416
2022-06-09 00:00:00;0.02597764816199074;0.02597764816199074;0.02597764816199074
2022-06-09 01:00:00;0.024952930956146212;0.024952930956146212;0.024952930956146212
2022-06-09 02:00:00;0.021982712849337473;0.021982712849337473;0.021982712849337473
2022-06-09 03:00:00;0.015166637396525169;0.014802409289103563;0.0151059327119549
2022-06-09 04:00:00;0.019366631293848236;0.01702286181295865;0.018976003047033306
2022-06-09 05:00:00;0.03796566904911464;0.03279213992758103;0.037103414195525715
2022-06-09 06:00:00;0.04938576155449569;0.04209621651463502;0.048170837381185584
2022-06-09 07:00:00;0.07627231374343973;0.06536261090231146;0.07445402993658504
2022-06-09 08:00:00;0.09423032568455293;0.07920387443174097;0.09172591714241761
2022-06-09 09:00:00;0.08527180061035448;0.07325135899600582;0.0832683936746297
2022-06-09 10:00:00;0.11574553333239657;0.09768099319575135;0.11273477664295571
2022-06-09 11:00:00;0.117423454701057;0.0981382424683753;0.1142092526622767
2022-06-09 12:00:00;0.25448281087655283;0.2052034684229707;0.2462695871342893
2022-06-09 13:00:00;0.16490861599340717;0.13613961571139707;0.16011378261307213
2022-06-09 14:00:00;0.21869210182743773;0.1775139967753867;0.2118290843187626
2022-06-09 15:00:00;0.20036970861816406;0.16531169720911704;0.19452670671665626
2022-06-09 16:00:00;0.16059187183909446;0.13344435750871245;0.1560672861173641
2022-06-09 17:00:00;0.08928540139794174;0.07910403249616993;0.08758850658097977
2022-06-09 18:00:00;0.06797675995902334;0.060984384435455785;0.06681136403842876
2022-06-09 19:00:00;0.023657685622814843;0.02283482699961879;0.023520542518948834
2022-06-09 20:00:00;0.026501944321195313;0.026501944321195313;0.026501944321195313
2022-06-09 21:00:00;0.031287019808821495;0.031287019808821495;0.031287019808821495
2022-06-09 22:00:00;0.03373474140074824;0.03373474140074824;0.03373474140074824
2022-06-09 23:00:00;0.0316745500251565;0.0316745500251565;0.0316745500251565
2022-06-10 00:00:00;0.031731325622299085;0.031731325622299085;0.031731325622299085
2022-06-10 01:00:00;0.03264491347458642;0.03264491347458642;0.03264491347458642
2022-06-10 02:00:00;0.024830352905311107;0.024830352905311107;0.024830352905311107
2022-06-10 03:00:00;0.03432537734718729;0.03432537734718729;0.03432537734718729
2022-06-10 04:00:00;0.03159580930442454;0.028704341738686457;0.031113898043468195
2022-06-10 05:00:00;0.06046675045825432;0.05171101304197364;0.05900746088887421
2022-06-10 06:00:00;0.07729158537232621;0.06642357875566264;0.07548025093621562
2022-06-10 07:00:00;0.13838609143031758;0.11346081317644988;0.1342318783880063
2022-06-10 08:00:00;0.21354265954700247;0.1724611870706074;0.20669574746760327
2022-06-10 09:00:00;0.35439864735176785;0.2878554046903379;0.34330810690819624
2022-06-10 10:00:00;0.29272505700160817;0.24658166516049382;0.28503449169475575
2022-06-10 11:00:00;0.3921185744513764;0.3286430518437406;0.3815393206834371
2022-06-10 12:00:00;0.3353563812016284;0.274206016084142;0.3251646536820474
2022-06-10 13:00:00;0.13023966014052912;0.11736451879517969;0.12809380324963757
2022-06-10 14:00:00;0.3999651942003784;0.3374442070042888;0.3895450296676968
2022-06-10 15:00:00;0.4433597067483791;0.37313164950632816;0.4316550305413706
2022-06-10 16:00:00;0.35964119839524517;0.30848997708009607;0.3511159948427203
2022-06-10 17:00:00;0.2634046801543725;0.2301538758070825;0.2578628794298242
2022-06-10 18:00:00;0.15931501378824134;0.1476548896295126;0.15737165976178655
2022-06-10 19:00:00;0.06588436512274722;0.06465272414410869;0.06567909162630746
2022-06-10 20:00:00;0.07091711877386919;0.07091711877386919;0.07091711877386919
2022-06-10 21:00:00;0.06040502830507234;0.06040502830507234;0.06040502830507234
2022-06-10 22:00:00;0.050339304206383245;0.050339304206383245;0.050339304206383245
2022-06-10 23:00:00;0.03180165834078343;0.03180165834078343;0.03180165834078343
2022-06-11 00:00:00;0.02772877302553497;0.02772877302553497;0.02772877302553497
2022-06-11 01:00:00;0.02205168535341345;0.02205168535341345;0.02205168535341345
2022-06-11 02:00:00;0.022596696673195766;0.022596696673195766;0.022596696673195766
2022-06-11 03:00:00;0.021611625684358947;0.021611625684358947;0.021611625684358947
2022-06-11 04:00:00;0.02194263834203781;0.01974888832889298;0.02157701333984701
2022-06-11 05:00:00;0.08843251436055331;0.06825016994772859;0.0850687902917492
2022-06-11 06:00:00;0.144295271246469;0.11495925240095785;0.13940593477221716
2022-06-11 07:00:00;0.3511336778125253;0.28064629550920195;0.33938578076197146
2022-06-11 08:00:00;0.48576015817319507;0.39257004323883865;0.4702284723508024
2022-06-11 09:00:00;0.5696267263426658;0.46353711216301413;0.5519451239793904
2022-06-11 10:00:00;0.6680119551885925;0.5469509360012899;0.6478351186573754
2022-06-11 11:00:00;0.6923814495173292;0.5667303251895296;0.6714395954626958
2022-06-11 12:00:00;0.5040613407737513;0.41415186082242184;0.4890764274485297
2022-06-11 13:00:00;0.28068039960887786;0.22601568836240463;0.2715696144011323
2022-06-11 14:00:00;0.2965502728050095;0.2468087438521201;0.2882600179795279
2022-06-11 15:00:00;0.5354168758615455;0.4510957775158607;0.5213633594705981
2022-06-11 16:00:00;0.2994297000412718;0.26622869894750906;0.293896199858978
2022-06-11 17:00:00;0.23564747395449268;0.21062240089331452;0.23147662844429637
2022-06-11 18:00:00;0.1597837474108467;0.1428324418782972;0.15695852982208844
2022-06-11 19:00:00;0.08296182167292052;0.08218489575922495;0.08283233402063793
2022-06-11 20:00:00;0.05595099595422455;0.05595099595422455;0.05595099595422455
2022-06-11 21:00:00;0.04314923513237526;0.04314923513237526;0.04314923513237526
2022-06-11 22:00:00;0.04640992646725553;0.04640992646725553;0.04640992646725553
2022-06-11 23:00:00;0.0297145188901178;0.0297145188901178;0.0297145188901178
2022-06-12 00:00:00;0.023087357415640428;0.023087357415640428;0.023087357415640428
2022-06-12 01:00:00;0.020692062704092774;0.020692062704092774;0.020692062704092774
2022-06-12 02:00:00;0.019701547521391128;0.019701547521391128;0.019701547521391128
2022-06-12 03:00:00;0.014352832840889734;0.013981241672636887;0.014290900979514258
2022-06-12 04:00:00;0.01905195751258665;0.011923878756540378;0.017863944386578942
2022-06-12 05:00:00;0.08348138526999074;0.06445105813279021;0.08030966408045732
2022-06-12 06:00:00;0.19671946822005926;0.15566244849886027;0.18987663159985943
2022-06-12 07:00:00;0.3182191589179292;0.25257098072530587;0.3072777958858252
2022-06-12 08:00:00;0.3644679455937064;0.2938843884062371;0.3527040193957949
2022-06-12 09:00:00;0.3671410060546281;0.2971407747596524;0.35547430083879883
2022-06-12 10:00:00;0.38488493094435616;0.32014414858648116;0.374094800551377
2022-06-12 11:00:00;0.6173178136212277;0.5047843311003135;0.5985622332010755
2022-06-12 12:00:00;0.6611696304295646;0.5499737885319178;0.6426369901132902
2022-06-12 13:00:00;0.3266634412450101;0.28267038626878876;0.3193312654156399
2022-06-12 14:00:00;0.30738110343320046;0.26207174160744473;0.29982954312890786
2022-06-12 15:00:00;0.2537869504932227;0.22283990572345974;0.2486291096982622
2022-06-12 16:00:00;0.20709697741253655;0.18130816463638325;0.20279884194984438
2022-06-12 17:00:00;0.06076945670051132;0.05112045379269055;0.05916128954920786
2022-06-12 18:00:00;0.06897305794742842;0.06633845672749467;0.06853395774410612
2022-06-12 19:00:00;0.028638827618471377;0.028233412948765125;0.028571258506853665
2022-06-12 20:00:00;0.029161144034369427;0.029161144034369427;0.029161144034369427
2022-06-12 21:00:00;0.026835800886285042;0.026835800886285042;0.026835800886285042
2022-06-12 22:00:00;0.02509578780433154;0.02509578780433154;0.02509578780433154
2022-06-12 23:00:00;0.025323172317167877;0.025323172317167877;0.025323172317167877
2022-06-13 00:00:00;0.025258961549035494;0.025258961549035494;0.025258961549035494
2022-06-13 01:00:00;0.02030981446297158;0.02030981446297158;0.02030981446297158
2022-06-13 02:00:00;0.019943165244814577;0.019943165244814577;0.019943165244814577
2022-06-13 03:00:00;0.02035919896372233;0.02035919896372233;0.02035919896372233
2022-06-13 04:00:00;0.021313188776191372;0.01814242666105278;0.020784728423668276
2022-06-13 05:00:00;0.05352237469076474;0.04393596258253711;0.05192463933939348
2022-06-13 06:00:00;0.1073455367969888;0.08768069878539747;0.10406806379505691
2022-06-13 07:00:00;0.15748428413772395;0.12825743547732704;0.1526131426943245
2022-06-13 08:00:00;0.4092478952319913;0.32847078558505777;0.39578504362416905
2022-06-13 09:00:00;0.5246528893756351;0.42593468937376233;0.5081998560419897
2022-06-13 10:00:00;0.39450404404304856;0.3270896020027632;0.3832683037030011
2022-06-13 11:00:00;0.4844466073345072;0.40833947063304876;0.47176208455093077
2022-06-13 12:00:00;0.7193062749733956;0.5921166114763712;0.6981079977238915
2022-06-13 13:00:00;0.6339832458502508;0.5296515302840741;0.6165946265892214
2022-06-13 14:00:00;0.45266093243985134;0.3876659156577893;0.441828429642841
2022-06-13 15:00:00;0.41636683184230816;0.3511465466443013;0.4054967843093071
2022-06-13 16:00:00;0.362680534303681;0.30705169063137755;0.35340906035829717
2022-06-13 17:00:00;0.29235724180068645;0.25449157263315225;0.28604629693943073
2022-06-13 18:00:00;0.18510182657580349;0.1640752699510141;0.18159740047167192
2022-06-13 19:00:00;0.07381431056351848;0.0713536258000866;0.07340419643627982
2022-06-13 20:00:00;0.07611821635050557;0.07611821635050557;0.07611821635050557
2022-06-13 21:00:00;0.06188477254544312;0.06188477254544312;0.06188477254544312
2022-06-13 22:00:00;0.044038893815971945;0.044038893815971945;0.044038893815971945
2022-06-13 23:00:00;0.042124613893586245;0.042124613893586245;0.042124613893586245
2022-06-14 00:00:00;0.03327712457368099;0.03327712457368099;0.03327712457368099
2022-06-14 01:00:00;0.03592970669773326;0.03592970669773326;0.03592970669773326
2022-06-14 02:00:00;0.04041835987740267;0.04041835987740267;0.04041835987740267
2022-06-14 03:00:00;0.04617995470155927;0.04617995470155927;0.04617995470155927
2022-06-14 04:00:00;0.04406410791114194;0.03914828633985855;0.04324480431592804
2022-06-14 05:00:00;0.12301392776945175;0.10159505060608032;0.11944411490888987
2022-06-14 06:00:00;0.23802041336606136;0.19511816623933118;0.2308700388449397
2022-06-14 07:00:00;0.38718724876979244;0.3133624031645271;0.3748831078355816
2022-06-14 08:00:00;0.5032771598508289;0.40980467314523106;0.4876984120665626
2022-06-14 09:00:00;0.5095379760634761;0.4230161496443005;0.49511767166028015
2022-06-14 10:00:00;0.6679969584264807;0.5516608044669068;0.6486075994332184
2022-06-14 11:00:00;0.49975819575000785;0.41769076416246037;0.48608029048541673
2022-06-14 12:00:00;0.5697391002776808;0.4860303280354385;0.5557876382373071
2022-06-14 13:00:00;0.5494903035917527;0.46562284513989377;0.5355123938497762
2022-06-14 14:00:00;0.6102139068299869;0.5153632273730112;0.5944054602538243
2022-06-14 15:00:00;0.5110743179227871;0.4329195495818881;0.498048523199304
2022-06-14 16:00:00;0.2762034454805072;0.24292074112560028;0.2706563280880227
2022-06-14 17:00:00;0.2467139571556469;0.21370223475069755;0.24121200342148869
2022-06-14 18:00:00;0.1929376582107837;0.1761839751393047;0.19014537769887055
2022-06-14 19:00:00;0.11488236138437077;0.1130848952236472;0.11458278369091686
2022-06-14 20:00:00;0.10212803276695541;0.10212803276695541;0.10212803276695541
2022-06-14 21:00:00;0.06991483554349553;0.06991483554349553;0.06991483554349553
2022-06-14 22:00:00;0.0367704747259263;0.0367704747259263;0.0367704747259263
2022-06-14 23:00:00;0.024257536974873904;0.024257536974873904;0.024257536974873904
2022-06-15 00:00:00;0.022048384287420567;0.022048384287420567;0.022048384287420567
2022-06-15 01:00:00;0.02158999837224903;0.02158999837224903;0.02158999837224903
2022-06-15 02:00:00;0.020544377443034716;0.020544377443034716;0.020544377443034716
2022-06-15 03:00:00;0.020315436583269533;0.020315436583269533;0.020315436583269533
2022-06-15 04:00:00;0.02128579249415375;0.01678947495661249;0.020536406237896876
2022-06-15 05:00:00;0.04789477350533366;0.039195239720617316;0.04644485120788095
2022-06-15 06:00:00;0.08819551308141749;0.07178619291381413;0.08546062638681694
2022-06-15 07:00:00;0.11316331287400602;0.0940801083515171;0.10998277878692454
2022-06-15 08:00:00;0.17258324281614784;0.14305166707313854;0.1676613135256463
2022-06-15 09:00:00;0.30658688541096957;0.25146545561797745;0.2973999804454709
2022-06-15 10:00:00;0.6593431590957818;0.5275763783044247;0.6373820289638891
2022-06-15 11:00:00;0.709151697108614;0.5684382690795112;0.6856994591037635
2022-06-15 12:00:00;0.7348496041766734;0.5915667921970412;0.7109691355134015
2022-06-15 13:00:00;0.6889070109247161;0.5631461918881094;0.6679468744186149
2022-06-15 14:00:00;0.6423660617293893;0.5178137999201231;0.621607351427845
2022-06-15 15:00:00;0.5426744575512026;0.44553798913434595;0.5264850461483933
2022-06-15 16:00:00;0.3874177720464776;0.327076690187557;0.3773609250699909
2022-06-15 17:00:00;0.2937315905795395;0.2523772111717261;0.2868391940115706
2022-06-15 18:00:00;0.12358549372142139;0.11255061898798027;0.12174634793251454
2022-06-15 19:00:00;0.0640734400405556;0.061864145957273305;0.06370522436000854
2022-06-15 20:00:00;0.05467619998470804;0.05467619998470804;0.05467619998470804
2022-06-15 21:00:00;0.03202770703790729;0.03202770703790729;0.03202770703790729
2022-06-15 22:00:00;0.03377899656353122;0.03377899656353122;0.03377899656353122
2022-06-15 23:00:00;0.03158767302377265;0.03158767302377265;0.03158767302377265
2022-06-16 00:00:00;0.03333935471616835;0.03333935471616835;0.03333935471616835
2022-06-16 01:00:00;0.0212825488875585;0.0212825488875585;0.0212825488875585
2022-06-16 02:00:00;0.03162145685430426;0.03162145685430426;0.03162145685430426
2022-06-16 03:00:00;0.022418615607932475;0.022418615607932475;0.022418615607932475
2022-06-16 04:00:00;0.02520768285004918;0.02400679919245564;0.025007535573783587
2022-06-16 05:00:00;0.05640439467006035;0.04674908043704117;0.054795175631223825
2022-06-16 06:00:00;0.11945343111218469;0.09903548774804048;0.11605044055149401
2022-06-16 07:00:00;0.3067116022636274;0.24659163839629347;0.29669160828573843
2022-06-16 08:00:00;0.4156200786007636;0.34000458538238015;0.40301749639769974
2022-06-16 09:00:00;0.4891368729482865;0.40226624004788336;0.47465843413155273
2022-06-16 10:00:00;0.38936136181982417;0.33151101192093313;0.3797196368366757
2022-06-16 11:00:00;0.29468491462132135;0.2581049798639976;0.2885882588284341
2022-06-16 12:00:00;0.23138358437770642;0.20563433154998734;0.2270920422397532
2022-06-16 13:00:00;0.2180869993049433;0.19919552496530593;0.21493842024833706
2022-06-16 14:00:00;0.15390264501302772;0.13803719541511247;0.1512584034133752
2022-06-16 15:00:00;0.20030872674209427;0.16535757082783412;0.1944835340897176
2022-06-16 16:00:00;0.08016273590874137;0.07286745626903349;0.07894685596879006
2022-06-16 17:00:00;0.07411245421825308;0.06476268891049868;0.07255416000029404
2022-06-16 18:00:00;0.06238198832651652;0.059197579354317346;0.06185125349781665
2022-06-16 19:00:00;0.04663146498345325;0.04329348259242646;0.04607513458494878
2022-06-16 20:00:00;0.049129906486234186;0.049129906486234186;0.049129906486234186
2022-06-16 21:00:00;0.051665714700637334;0.051665714700637334;0.051665714700637334
2022-06-16 22:00:00;0.04448655164075788;0.04448655164075788;0.04448655164075788
2022-06-16 23:00:00;0.03934397396537184;0.03934397396537184;0.03934397396537184
2022-06-17 00:00:00;0.041121821597407626;0.041121821597407626;0.041121821597407626
2022-06-17 01:00:00;0.03954009265578545;0.03954009265578545;0.03954009265578545
2022-06-17 02:00:00;0.0371586703597527;0.0371586703597527;0.0371586703597527
2022-06-17 03:00:00;0.030845333714137696;0.030845333714137696;0.030845333714137696
2022-06-17 04:00:00;0.04035718926841971;0.03934887642675815;0.04018913712814279
2022-06-17 05:00:00;0.04830578781122788;0.04370833271538159;0.0475395452952535
2022-06-17 06:00:00;0.21336702060867727;0.17244393620772405;0.20654650654185178
2022-06-17 07:00:00;0.35453738236775617;0.2882772300958177;0.3434940236557665
2022-06-17 08:00:00;0.37315013122805657;0.31240936132624625;0.3630266695777549
2022-06-17 09:00:00;0.3611396993888929;0.30216079102901056;0.3513098813289125
2022-06-17 10:00:00;0.4092332932179111;0.3510468504538945;0.39953555275724173
2022-06-17 11:00:00;0.3135406561941499;0.2821442146980758;0.3083079159448042
2022-06-17 12:00:00;0.3334349961899354;0.28014182154995204;0.3245528004166049
2022-06-17 13:00:00;0.3508900322803707;0.3031414113559206;0.3429319287929623
2022-06-17 14:00:00;0.5357038821809385;0.45169635554901705;0.5217026277422849
2022-06-17 15:00:00;0.4815268759776933;0.41453674325839984;0.47036185385781104
2022-06-17 16:00:00;0.10307493645231604;0.09811546943420134;0.10224835861596358
2022-06-17 17:00:00;0.05577772548163633;0.04933284725253251;0.054703579110119034
2022-06-17 18:00:00;0.030850999153258528;0.029173947007426915;0.030571490462286587
2022-06-17 19:00:00;0.022045008105150074;0.021204966816110553;0.021905001223643483
2022-06-17 20:00:00;0.03701571114575526;0.03701571114575526;0.03701571114575526
2022-06-17 21:00:00;0.05447887819778299;0.05447887819778299;0.05447887819778299
2022-06-17 22:00:00;0.09823281253450421;0.09823281253450421;0.09823281253450421
2022-06-17 23:00:00;0.060990867861707446;0.060990867861707446;0.060990867861707446
2022-06-18 00:00:00;0.034427257451090286;0.034427257451090286;0.034427257451090286
2022-06-18 01:00:00;0.02869769600685639;0.02869769600685639;0.02869769600685639
2022-06-18 02:00:00;0.03229318020758922;0.03229318020758922;0.03229318020758922
2022-06-18 03:00:00;0.03903157362132194;0.03903157362132194;0.03903157362132194
2022-06-18 04:00:00;0.026280810915441672;0.02511717065565348;0.02608687087214364
2022-06-18 05:00:00;0.03171655004150735;0.02892381813043653;0.031251094722995545
2022-06-18 06:00:00;0.052661790888387225;0.045503282323780675;0.05146870612761947
2022-06-18 07:00:00;0.08764306328809382;0.07552038536877814;0.08562261696820789
2022-06-18 08:00:00;0.10486482653076083;0.09067031891003062;0.10249907526063913
2022-06-18 09:00:00;0.14318030507765778;0.12324813591386333;0.13985827688369204
2022-06-18 10:00:00;0.14377159217147853;0.13065834826811287;0.14158605152091758
2022-06-18 11:00:00;0.16423929440984264;0.1500478964338328;0.161874061413841
2022-06-18 12:00:00;0.16312781084426725;0.14787066006323374;0.1605849523807617
2022-06-18 13:00:00;0.16057403056846603;0.13864841591765717;0.1569197614599979
2022-06-18 14:00:00;0.1613120897502113;0.13949669941857337;0.157676191361605
2022-06-18 15:00:00;0.1461403214466632;0.1289345638752223;0.14327269518475635
2022-06-18 16:00:00;0.18586750934156718;0.17026394464524058;0.18326691522551275
2022-06-18 17:00:00;0.1304879488811271;0.12176767249640782;0.1290345694836739
2022-06-18 18:00:00;0.11224667735300978;0.10591887009722908;0.11119204281037966
2022-06-18 19:00:00;0.06330109126894157;0.061489977789333614;0.06299923902234025
2022-06-18 20:00:00;0.07552321097745755;0.07552321097745755;0.07552321097745755
2022-06-18 21:00:00;0.09393414211033205;0.09393414211033205;0.09393414211033205
2022-06-18 22:00:00;0.12014575179862781;0.12014575179862781;0.12014575179862781
2022-06-18 23:00:00;0.13348270651844676;0.13348270651844676;0.13348270651844676
2022-06-19 00:00:00;0.12761349329803245;0.12761349329803245;0.12761349329803245
2022-06-19 01:00:00;0.11310275436292108;0.11310275436292108;0.11310275436292108
2022-06-19 02:00:00;0.09117379769551316;0.09117379769551316;0.09117379769551316
2022-06-19 03:00:00;0.08591608970797154;0.08591608970797154;0.08591608970797154
2022-06-19 04:00:00;0.08948202036793244;0.08590726659053181;0.088886228071699
2022-06-19 05:00:00;0.1408716511095264;0.12192282866088419;0.1377135140347527
2022-06-19 06:00:00;0.2333559671086335;0.20060852489424558;0.22789806007290217
2022-06-19 07:00:00;0.33676044760822355;0.28563689692951444;0.32823985582843873
2022-06-19 08:00:00;0.4096955947071386;0.35243219334220965;0.4001516944796505
2022-06-19 09:00:00;0.5025266203691842;0.4314342935309449;0.4906778992294776
2022-06-19 10:00:00;;;
2022-06-19 11:00:00;;;
2022-06-19 12:00:00;0.6520976146444684;0.5598059807543012;0.636715675662774
2022-06-19 13:00:00;;;
2022-06-19 14:00:00;0.6418738869192347;0.5528667402591171;0.6270393624758818
2022-06-19 15:00:00;0.5720017761723539;0.49869520001214107;0.5597840134789852
2022-06-19 16:00:00;0.47437908277365914;0.41592559848325156;0.4646368353919245
2022-06-19 17:00:00;0.36927384582131395;0.3326564332485874;0.36317094372585956
2022-06-19 18:00:00;0.2664057199758703;0.24908579255083999;0.263519065405032
2022-06-19 19:00:00;0.09793792177404129;0.09506877169091858;0.09745973009352084
2022-06-19 20:00:00;0.08314621024444413;0.08314621024444413;0.08314621024444413
2022-06-19 21:00:00;0.04946826513693785;0.04946826513693785;0.04946826513693785
2022-06-19 22:00:00;0.05455326113820986;0.05455326113820986;0.05455326113820986
2022-06-19 23:00:00;0.08911715560290244;0.08911715560290244;0.08911715560290244
2022-06-20 00:00:00;0.040091855561343905;0.040091855561343905;0.040091855561343905
2022-06-20 01:00:00;0.023511571381889106;0.023511571381889106;0.023511571381889106
2022-06-20 02:00:00;0.022894192548914345;0.022894192548914345;0.022894192548914345
2022-06-20 03:00:00;0.015027928978225323;0.014701046457777044;0.014973448558150613
2022-06-20 04:00:00;0.016554813280982888;0.010020748605556308;0.015465802501745132
2022-06-20 05:00:00;0.09991869826325266;0.07497562365336954;0.09576151916160548
2022-06-20 06:00:00;0.22777969850027183;0.1768946681028549;0.2192988601007024
2022-06-20 07:00:00;0.3710878980439835;0.2933722231911322;0.35813528556850827
2022-06-20 08:00:00;0.4854004957381204;0.3987010616166526;0.4709505900512091
2022-06-20 09:00:00;0.6461158800379542;0.5169084156802908;0.6245813026450102
2022-06-20 10:00:00;0.7212623811208876;0.5973748706702271;0.7006144627124441
2022-06-20 11:00:00;0.7841493918392679;0.6423939856711736;0.7605234908112523
2022-06-20 12:00:00;0.7850077105751088;0.6554228731638186;0.7634102376732271
2022-06-20 13:00:00;0.7628103664882834;0.6304999511327952;0.740758630595702
2022-06-20 14:00:00;0.7004362333457422;0.5782133376590948;0.680065750731301
2022-06-20 15:00:00;0.5924111099022641;0.491532923934009;0.575598078907555
2022-06-20 16:00:00;0.460510944733265;0.3827049478405002;0.4475432785844709
2022-06-20 17:00:00;0.28951127584713704;0.23826122908454933;0.28096960138670574
2022-06-20 18:00:00;0.20172875114963879;0.17941013977125134;0.1980089825865742
2022-06-20 19:00:00;0.09042588031907776;0.0875643611089481;0.08994896045072281
2022-06-20 20:00:00;0.07771326007053363;0.07771326007053363;0.07771326007053363
2022-06-20 21:00:00;0.040983802192434984;0.040983802192434984;0.040983802192434984
2022-06-20 22:00:00;0.03634224443476867;0.03634224443476867;0.03634224443476867
2022-06-20 23:00:00;0.06659538560069815;0.06659538560069815;0.06659538560069815
2022-06-21 00:00:00;0.059770455298741726;0.059770455298741726;0.059770455298741726
2022-06-21 01:00:00;0.0557950138010572;0.0557950138010572;0.0557950138010572
2022-06-21 02:00:00;0.05037172937918132;0.05037172937918132;0.05037172937918132
2022-06-21 03:00:00;0.04784630977632406;0.04784630977632406;0.04784630977632406
2022-06-21 04:00:00;0.03957288221517185;0.03472737668047897;0.03876529795938971
2022-06-21 05:00:00;0.09804521941259738;0.0824751265276481;0.0954502039317725
2022-06-21 06:00:00;0.1287490584635336;0.10988546408273925;0.12560512606673455
2022-06-21 07:00:00;0.20378317385787478;0.1697008316556903;0.19810278349084412
2022-06-21 08:00:00;0.37548577733644567;0.3090859515812554;0.36441913971058065
2022-06-21 09:00:00;0.542076119942166;0.4345122593164933;0.5241488098378871
2022-06-21 10:00:00;0.47917303603054623;0.38889438566054235;0.4641265943022123
2022-06-21 11:00:00;0.32510596082670196;0.2748693630888623;0.31673319453706206
2022-06-21 12:00:00;0.3460063426288374;0.29328230252271903;0.337219002611151
2022-06-21 13:00:00;0.2571866631126466;0.22515415886261586;0.25184791240430815
2022-06-21 14:00:00;0.1564971861279018;0.13924114866328405;0.15362117988379884
2022-06-21 15:00:00;0.1902760307409425;0.16591876368133868;0.18621648623100853
2022-06-21 16:00:00;0.15438000694587126;0.1396601285390846;0.1519266938780735
2022-06-21 17:00:00;0.07284845809271302;0.067496898152752;0.07195653143605286
2022-06-21 18:00:00;0.09742061281554067;0.09508022693231427;0.09703054850166959
2022-06-21 19:00:00;0.05811507353207711;0.057725665023812274;0.058050172114032975
2022-06-21 20:00:00;0.031202289877887732;0.031202289877887732;0.031202289877887732
2022-06-21 21:00:00;0.03422454572226583;0.03422454572226583;0.03422454572226583
2022-06-21 22:00:00;0.0889567552629239;0.0889567552629239;0.0889567552629239
2022-06-21 23:00:00;0.048046618368552285;0.048046618368552285;0.048046618368552285
2022-06-22 00:00:00;0.06422906380554604;0.06422906380554604;0.06422906380554604
2022-06-22 01:00:00;0.04586034411711422;0.04586034411711422;0.04586034411711422
2022-06-22 02:00:00;0.02654165197841207;0.02654165197841207;0.02654165197841207
2022-06-22 03:00:00;0.04007274050131696;0.04007274050131696;0.04007274050131696
2022-06-22 04:00:00;0.0270967778442093;0.02503629832664916;0.026753364591282615
2022-06-22 05:00:00;0.04953147291579743;0.04391767607580336;0.04859584010913176
2022-06-22 06:00:00;0.05694783518912848;0.051101321282294464;0.05597341620465615
2022-06-22 07:00:00;0.1215256846242449;0.10001847775324539;0.117941150145745
2022-06-22 08:00:00;0.1889703886554595;0.1577352074473545;0.18376452512077537
2022-06-22 09:00:00;0.17762460945213496;0.1495393751810739;0.17294373707362481
2022-06-22 10:00:00;0.1512649731717464;0.1307850590186842;0.14785165414623602
2022-06-22 11:00:00;0.2012735668885421;0.17188987875479717;0.19637628553291794
2022-06-22 12:00:00;0.25651368546657904;0.2149458252453434;0.24958570876303976
2022-06-22 13:00:00;0.3088803009987994;0.2586812723599791;0.30051379622566265
2022-06-22 14:00:00;0.2588192147713514;0.2182582431520244;0.2520590528347969
2022-06-22 15:00:00;0.2365187186247185;0.20172793516299928;0.230720254714432
2022-06-22 16:00:00;0.16598702297297924;0.14680117911239515;0.1627893823295486
2022-06-22 17:00:00;0.1316900545750852;0.12247691744321099;0.13015453171977284
2022-06-22 18:00:00;0.13534070763590908;0.13007018564772188;0.13446228730454457
2022-06-22 19:00:00;0.09521435255080452;0.09448012391834537;0.09509198111206134
2022-06-22 20:00:00;0.08832599499949663;0.08832599499949663;0.08832599499949663
2022-06-22 21:00:00;0.08995987706759478;0.08995987706759478;0.08995987706759478
2022-06-22 22:00:00;0.0830472225900161;0.0830472225900161;0.0830472225900161
2022-06-22 23:00:00;0.08216855796468504;0.08216855796468504;0.08216855796468504
2022-06-23 00:00:00;0.06283568587920452;0.06283568587920452;0.06283568587920452
2022-06-23 01:00:00;0.061680460845072727;0.061680460845072727;0.061680460845072727
2022-06-23 02:00:00;0.05810315081096005;0.05810315081096005;0.05810315081096005
2022-06-23 03:00:00;0.042669443287433904;0.042669443287433904;0.042669443287433904
2022-06-23 04:00:00;0.02398182493796289;0.023643729061744313;0.023925475625259797
2022-06-23 05:00:00;0.023830649602467235;0.022671787402754266;0.023637505902515073
2022-06-23 06:00:00;0.03221234895264928;0.029228351094749423;0.03171501597633264
2022-06-23 07:00:00;0.04401615353097204;0.039961630910922;0.0433403997609637
2022-06-23 08:00:00;0.04206965002279114;0.038022433937998895;0.04139511400865909
2022-06-23 09:00:00;0.04748303144234436;0.042157226362810385;0.046595397262422025
2022-06-23 10:00:00;0.04674654609259029;0.04172381384857222;0.04590942405192062
2022-06-23 11:00:00;0.04949486068468266;0.04360580782082435;0.048513351874039615
2022-06-23 12:00:00;0.04201414168917095;0.03771935338921529;0.041298343639178337
2022-06-23 13:00:00;0.05962181798088783;0.052180907454231186;0.05838166622644505
2022-06-23 14:00:00;0.08234923140372036;0.0698054616798874;0.08025860311641486
2022-06-23 15:00:00;0.0850165568770883;0.07167060144725046;0.08279223097211534
2022-06-23 16:00:00;0.06239778346549414;0.05341361847634772;0.060900422633969734
2022-06-23 17:00:00;0.04151935998956644;0.03644240858967706;0.040673201422918207
2022-06-23 18:00:00;0.027848440791056518;0.02539341845766988;0.027439270402158746
2022-06-23 19:00:00;0.01882230351824982;0.018413205474120727;0.018754120510894968
2022-06-23 20:00:00;0.02045132521055867;0.02045132521055867;0.02045132521055867
2022-06-23 21:00:00;0.02049650924715759;0.02049650924715759;0.02049650924715759
2022-06-23 22:00:00;0.020609686948663285;0.020609686948663285;0.020609686948663285
2022-06-23 23:00:00;0.020169557604290244;0.020169557604290244;0.020169557604290244
2022-06-24 00:00:00;0.018789203038399725;0.018789203038399725;0.018789203038399725
2022-06-24 01:00:00;0.01951823647524313;0.01951823647524313;0.01951823647524313
2022-06-24 02:00:00;0.019230888559320865;0.019230888559320865;0.019230888559320865
2022-06-24 03:00:00;0.018793926272722892;0.018793926272722892;0.018793926272722892
2022-06-24 04:00:00;0.01971715283179567;0.018429381025390688;0.01950252419739484
2022-06-24 05:00:00;0.04717395747161943;0.0392968169934213;0.04586110072525307
2022-06-24 06:00:00;0.08623714313484385;0.07052570333007607;0.08361856983404922
2022-06-24 07:00:00;0.1982904573814651;0.1587113307807876;0.1916939362813522
2022-06-24 08:00:00;0.28724274829082336;0.2305811903062705;0.2777991552933979
2022-06-24 09:00:00;0.3947105058062734;0.31807657132857575;0.3819381833933238
2022-06-24 10:00:00;0.42580114907508476;0.3461013354826238;0.4125178468096746
2022-06-24 11:00:00;0.7398730529056345;0.5964202702636204;0.7159642557986322
2022-06-24 12:00:00;;;
2022-06-24 13:00:00;0.6964902876501817;0.5671609554659167;0.6749353989528043
2022-06-24 14:00:00;0.6073126207302288;0.5004750253772555;0.5895063548380667
2022-06-24 15:00:00;0.5141033052494645;0.42248469935207056;0.49883353759989874
2022-06-24 16:00:00;0.40851799291421587;0.33941864867336374;0.3970014355407405
2022-06-24 17:00:00;0.26329767321246217;0.22826583330783015;0.25745903322835684
2022-06-24 18:00:00;0.15781620117010356;0.14017476727877848;0.15487596218821603
2022-06-24 19:00:00;0.0751160384868469;0.07260293089188616;0.07469718722102012
2022-06-24 20:00:00;0.044813848505548065;0.044813848505548065;0.044813848505548065
2022-06-24 21:00:00;0.020606044482536244;0.020606044482536244;0.020606044482536244
2022-06-24 22:00:00;0.020664387214574982;0.020664387214574982;0.020664387214574982
2022-06-24 23:00:00;0.020071371062482964;0.020071371062482964;0.020071371062482964
2022-06-25 00:00:00;0.020146253323023017;0.020146253323023017;0.020146253323023017
2022-06-25 01:00:00;0.019768404714885356;0.019768404714885356;0.019768404714885356
2022-06-25 02:00:00;0.023127583504106774;0.023127583504106774;0.023127583504106774
2022-06-25 03:00:00;0.033351217678609074;0.0329583642527194;0.03328574210762746
2022-06-25 04:00:00;0.023635650321682713;0.016002285475397657;0.02236342284730187
2022-06-25 05:00:00;0.0785910621416842;0.06248526715469426;0.07590676297718588
2022-06-25 06:00:00;0.2474676881004426;0.2006417248509838;0.23966336089219953
2022-06-25 07:00:00;0.38773966326919934;0.3246706871440811;0.3772281672483463
2022-06-25 08:00:00;0.5306010350274111;0.4395335745058161;0.5154231249404787
2022-06-25 09:00:00;0.6635693746367167;0.5471115342672825;0.6441597345751444
2022-06-25 10:00:00;0.7513779046122822;0.6238403100990668;0.7301216388600795
2022-06-25 11:00:00;0.8266171034633424;0.6706827566807464;0.800628045666243
2022-06-25 12:00:00;0.76442715260428;0.6321844780269834;0.7423867068413973
2022-06-25 13:00:00;0.7694501182400653;0.631320173698698;0.7464284608165042
2022-06-25 14:00:00;0.6628028233409432;0.5485201439219101;0.6437557101044379
2022-06-25 15:00:00;0.5963320538438074;0.49123869940001064;0.5788164947698412
2022-06-25 16:00:00;0.48059352097874164;0.41209381869827033;0.4691769039319964
2022-06-25 17:00:00;0.3340463273379147;0.28987572574812687;0.3266845604062834
2022-06-25 18:00:00;0.21775185461980817;0.19637677549116545;0.21418934143170104
2022-06-25 19:00:00;0.09308646589550178;0.08989715018978062;0.09255491327788158
2022-06-25 20:00:00;0.023835325745509634;0.023835325745509634;0.023835325745509634
2022-06-25 21:00:00;0.03193476732638516;0.03193476732638516;0.03193476732638516
2022-06-25 22:00:00;0.035903300955630435;0.035903300955630435;0.035903300955630435
2022-06-25 23:00:00;0.028005046630635362;0.028005046630635362;0.028005046630635362
2022-06-26 00:00:00;0.029984375212132867;0.029984375212132867;0.029984375212132867
2022-06-26 01:00:00;0.026915022621551758;0.026915022621551758;0.026915022621551758
2022-06-26 02:00:00;0.03257108275163777;0.03257108275163777;0.03257108275163777
2022-06-26 03:00:00;0.037379418153510036;0.037379418153510036;0.037379418153510036
2022-06-26 04:00:00;0.03922503466208144;0.03402804553485042;0.03835886980754293
2022-06-26 05:00:00;0.10453357024258965;0.0869745201467333;0.10160706189328027
2022-06-26 06:00:00;0.23967510033557057;0.1940130994739327;0.23206476685863098
2022-06-26 07:00:00;0.35999255733390934;0.2933686979556258;0.3488885807708621
2022-06-26 08:00:00;0.5096002052549736;0.41262535882502244;0.4934377308499818
2022-06-26 09:00:00;0.6714440409229243;0.5425316890534896;0.6499586489446854
2022-06-26 10:00:00;0.7451390004930134;0.6117136152130032;0.7229014362796784
2022-06-26 11:00:00;0.805513331180457;0.6660444855753416;0.7822685235796043
2022-06-26 12:00:00;0.846787466728285;0.7013940837722838;0.8225552362356182
2022-06-26 13:00:00;0.7931219788933486;0.6673690987147485;0.7721631655302486
2022-06-26 14:00:00;0.7514108917791337;0.6363037645544974;0.7322263705750277
2022-06-26 15:00:00;0.5475149727069573;0.48229605326808034;0.5366451528004779
2022-06-26 16:00:00;0.42141064684775653;0.37598789012687983;0.4138401873942771
2022-06-26 17:00:00;0.22932330410038443;0.2100294733846973;0.2261076656477699
2022-06-26 18:00:00;0.14161166826579052;0.13703948022560067;0.1408496369257589
2022-06-26 19:00:00;0.06774589950188867;0.06725295572695582;0.06766374220606652
2022-06-26 20:00:00;0.07946309066603024;0.07946309066603024;0.07946309066603024
2022-06-26 21:00:00;0.06823503681741344;0.06823503681741344;0.06823503681741344
2022-06-26 22:00:00;0.09439011371314544;0.09439011371314544;0.09439011371314544
2022-06-26 23:00:00;0.14158865410999869;0.14158865410999869;0.14158865410999869
2022-06-27 00:00:00;0.040799438395750016;0.040799438395750016;0.040799438395750016
2022-06-27 01:00:00;0.028419993232643975;0.028419993232643975;0.028419993232643975
2022-06-27 02:00:00;0.02271898650945977;0.02271898650945977;0.02271898650945977
2022-06-27 03:00:00;0.02317853754270614;0.02317853754270614;0.02317853754270614
2022-06-27 04:00:00;0.02370318452034927;0.0232778314763639;0.02363229234635171
2022-06-27 05:00:00;0.046968944884013694;0.03987425622270468;0.04578649677379552
2022-06-27 06:00:00;0.059596829642456745;0.05130451806284853;0.05821477771252205
2022-06-27 07:00:00;0.10747545974182837;0.08941766367705743;0.10446582706436655
2022-06-27 08:00:00;0.22754076159628364;0.18740337740567495;0.22085119756451554
2022-06-27 09:00:00;0.43075742493840274;0.354268198711348;0.418009220567227
2022-06-27 10:00:00;0.5412112157329566;0.4477060483893962;0.5256270211756966
2022-06-27 11:00:00;0.7430831468493567;0.6184405448251928;0.7223093798453294
2022-06-27 12:00:00;0.7778489654218426;0.6568264979899378;0.7576785541831919
2022-06-27 13:00:00;0.7500433927049652;0.642014902064262;0.732038644264848
2022-06-27 14:00:00;0.48358386711424034;0.42076537458143953;0.4731141183587736
2022-06-27 15:00:00;0.5499990179024663;0.470700589194382;0.5367826131177856
2022-06-27 16:00:00;0.4717365522309884;0.40959074124011435;0.4613789170658428
2022-06-27 17:00:00;0.3532116702788192;0.3119901387069752;0.3463414150168452
2022-06-27 18:00:00;0.19214384854521083;0.1703126931200298;0.188505322641014
2022-06-27 19:00:00;0.10250753736200949;0.09871830687704491;0.10187599894784874
2022-06-27 20:00:00;0.09622485239204895;0.09622485239204895;0.09622485239204895
2022-06-27 21:00:00;0.06952791669935433;0.06952791669935433;0.06952791669935433
2022-06-27 22:00:00;0.06088401402234696;0.06088401402234696;0.06088401402234696
2022-06-27 23:00:00;0.05962886170487605;0.05962886170487605;0.05962886170487605
2022-06-28 00:00:00;0.05061519464505118;0.05061519464505118;0.05061519464505118
2022-06-28 01:00:00;0.04064169529283915;0.04064169529283915;0.04064169529283915
2022-06-28 02:00:00;0.0358450978222981;0.0358450978222981;0.0358450978222981
2022-06-28 03:00:00;0.03355212057696179;0.03355212057696179;0.03355212057696179
2022-06-28 04:00:00;0.02953627267603488;0.024390686518579383;0.028678674983125634
2022-06-28 05:00:00;0.10767991471093957;0.08599502310741075;0.10406576611035144
2022-06-28 06:00:00;0.2244876589427893;0.18074780674018925;0.2171976835756893
2022-06-28 07:00:00;0.35339551475403924;0.28880292554932535;0.3426300832199203
2022-06-28 08:00:00;0.4781051382276256;0.38985935012641987;0.4633975068774247
2022-06-28 09:00:00;0.5532836411090093;0.4577926716051897;0.5373684795250394
2022-06-28 10:00:00;0.5050348504180997;0.41195059972398546;0.48952080863574743
2022-06-28 11:00:00;0.5482080178752928;0.4546808701901023;0.5326201599277612
2022-06-28 12:00:00;0.6010382067022324;0.5071448360945204;0.5853893116009472
2022-06-28 13:00:00;0.6941412429934172;0.5788376639591516;0.6749239798210397
2022-06-28 14:00:00;0.6364243118108747;0.5264772835064144;0.6180998070934647
2022-06-28 15:00:00;0.6001094685699808;0.515084974086255;0.5859387194893598
2022-06-28 16:00:00;0.47302913423048004;0.4054764170846846;0.46177034803951417
2022-06-28 17:00:00;0.36277260652975535;0.32049812310581355;0.3557268592924318
2022-06-28 18:00:00;0.2339582982572981;0.21485892032954687;0.2307750686026729
2022-06-28 19:00:00;0.1674478947718171;0.16500067245015274;0.16704002438487306
2022-06-28 20:00:00;0.11135645214075952;0.11135645214075952;0.11135645214075952
2022-06-28 21:00:00;0.08841111702768269;0.08841111702768269;0.08841111702768269
2022-06-28 22:00:00;0.06391629276821895;0.06391629276821895;0.06391629276821895
2022-06-28 23:00:00;0.04827105894669713;0.04827105894669713;0.04827105894669713
2022-06-29 00:00:00;0.03923423285835732;0.03923423285835732;0.03923423285835732
2022-06-29 01:00:00;0.040055118209429565;0.040055118209429565;0.040055118209429565
2022-06-29 02:00:00;0.05153897492740123;0.05153897492740123;0.05153897492740123
2022-06-29 03:00:00;0.033306649824543726;0.033306649824543726;0.033306649824543726
2022-06-29 04:00:00;0.022595409244311603;0.01742862703007873;0.02173427887527279
2022-06-29 05:00:00;0.1070941286106372;0.08747155702864857;0.1038237000136391
2022-06-29 06:00:00;0.2215463388904479;0.1839998652462525;0.21528859328308203
2022-06-29 07:00:00;0.27715812687829955;0.23268997162898725;0.2697467676700809
2022-06-29 08:00:00;0.4490061290149234;0.37042109698357284;0.43590862367636507
2022-06-29 09:00:00;0.5361746810427003;0.4447526716621104;0.5209376794792687
2022-06-29 10:00:00;0.6343305674875084;0.5272107863353711;0.6164772706288189
2022-06-29 11:00:00;0.7093682123404552;0.5925295946710866;0.6898951093955605
2022-06-29 12:00:00;0.6442467238319926;0.5485249738500457;0.6282930988350014
2022-06-29 13:00:00;0.703268551398278;0.5964650133168558;0.6854679617180411
2022-06-29 14:00:00;0.3958375356070596;0.3575591099651243;0.38945779800007047
2022-06-29 15:00:00;0.05739566831905852;0.05650652644283907;0.057247478006355275
2022-06-29 16:00:00;0.052706836076006874;0.04658896350916818;0.05168719064820043
2022-06-29 17:00:00;0.04873854061670577;0.042340860897152575;0.04767226066344691
2022-06-29 18:00:00;0.03676336954174753;0.03241308832302401;0.036038322671960284
2022-06-29 19:00:00;0.021313900742165767;0.02088320970876732;0.021242118903266025
2022-06-29 20:00:00;0.024891868056470326;0.024891868056470326;0.024891868056470326
2022-06-29 21:00:00;0.025899337725641014;0.025899337725641014;0.025899337725641014
2022-06-29 22:00:00;0.02556773027326978;0.02556773027326978;0.02556773027326978
2022-06-29 23:00:00;0.029307555074373437;0.029307555074373437;0.029307555074373437
2022-06-30 00:00:00;0.029444505655073075;0.029444505655073075;0.029444505655073075
2022-06-30 01:00:00;0.023825745238691104;0.023825745238691104;0.023825745238691104
2022-06-30 02:00:00;0.021501538809696078;0.021501538809696078;0.021501538809696078
2022-06-30 03:00:00;0.020048974773827714;0.020048974773827714;0.020048974773827714
2022-06-30 04:00:00;0.018080745719476442;0.012637620794426721;0.01717355823196816
2022-06-30 05:00:00;0.09471002585076223;0.07418674802777099;0.09128947954693037
2022-06-30 06:00:00;0.20937736482327435;0.16568836545433027;0.20209586492845036
2022-06-30 07:00:00;0.3458686944977306;0.27741288120856944;0.33445939228287047
2022-06-30 08:00:00;0.48210108364363197;0.3913982168728635;0.4669839391818373
2022-06-30 09:00:00;0.592569535417897;0.4833885487332057;0.574372704303782
2022-06-30 10:00:00;0.6175148724218193;0.5057133927312654;0.5988812924733937
2022-06-30 11:00:00;0.6985477671301282;0.5663435567351124;0.6765137320642922
2022-06-30 12:00:00;0.5987268889257776;0.48599366279155537;0.5799380179034073
2022-06-30 13:00:00;0.7186632396695823;0.5861190828788193;0.6965725468711219
2022-06-30 14:00:00;0.5623719393818445;0.4707820616657146;0.5471069597624897
2022-06-30 15:00:00;0.37494717129150484;0.32498941151813904;0.3666208779959439
2022-06-30 16:00:00;0.2519795428556757;0.22321733362876703;0.24718584131785765
2022-06-30 17:00:00;0.17778374207583253;0.16555750637916508;0.17574603612638798
2022-06-30 18:00:00;0.09661439944255323;0.09089847736848697;0.0956617457635422
2022-06-30 19:00:00;0.056856732391695995;0.05643817167246644;0.05678697227182441
2022-06-30 20:00:00;0.049840890258160304;0.049840890258160304;0.049840890258160304
2022-06-30 21:00:00;0.037312587325291524;0.037312587325291524;0.037312587325291524
2022-06-30 22:00:00;0.03237328967999314;0.03237328967999314;0.03237328967999314
2022-06-30 23:00:00;0.030977594337420155;0.030977594337420155;0.030977594337420155
2022-07-01 00:00:00;0.044717643139441675;0.044717643139441675;0.044717643139441675
2022-07-01 01:00:00;0.03405217932955074;0.03405217932955074;0.03405217932955074
2022-07-01 02:00:00;0.026079943912340368;0.026079943912340368;0.026079943912340368
2022-07-01 03:00:00;0.02520859436758011;0.02520859436758011;0.02520859436758011
2022-07-01 04:00:00;0.023591461068615087;0.021882872338919807;0.023306696280332544
2022-07-01 05:00:00;0.07244438529098196;0.05785938981428996;0.0700135527115333
2022-07-01 06:00:00;0.14200458919466166;0.11366539927648953;0.13728139087496632
2022-07-01 07:00:00;0.29384835450034863;0.23524314974545119;0.2840808203745324
2022-07-01 08:00:00;0.20260128498876756;0.17309231249719323;0.1976831229068385
2022-07-01 09:00:00;0.2010387084374402;0.1677368545442472;0.1954883994552414
2022-07-01 10:00:00;0.2417703402958904;0.20236963009605485;0.23520355526258452
2022-07-01 11:00:00;0.27833288955329666;0.23177824473630812;0.27057378208379856
2022-07-01 12:00:00;0.31836017714973364;0.2681191873524909;0.3099866788501932
2022-07-01 13:00:00;0.3232975307553078;0.28194905727002345;0.3164061185077604
2022-07-01 14:00:00;0.4021201821060102;0.34655806428935537;0.39285982913656775
2022-07-01 15:00:00;0.4816952714768868;0.40940463033756047;0.46964683128699913
2022-07-01 16:00:00;0.3480861378095486;0.3027251743795939;0.3405259772378894
2022-07-01 17:00:00;0.1318923554500446;0.12731992266462713;0.1311302833191417
2022-07-01 18:00:00;0.10518817166925795;0.09880070632850455;0.10412359411246572
2022-07-01 19:00:00;0.04876804636662273;0.04726116053098714;0.04851689872735013
2022-07-01 20:00:00;0.027912704243403;0.027912704243403;0.027912704243403
2022-07-01 21:00:00;0.021417834706979475;0.021417834706979475;0.021417834706979475
2022-07-01 22:00:00;0.01996646235134428;0.01996646235134428;0.01996646235134428
2022-07-01 23:00:00;0.019887460517197232;0.019887460517197232;0.019887460517197232
2022-07-02 00:00:00;0.01994832214750874;0.01994832214750874;0.01994832214750874
2022-07-02 01:00:00;0.020624622826909217;0.020624622826909217;0.020624622826909217
2022-07-02 02:00:00;0.021583652113174027;0.021583652113174027;0.021583652113174027
2022-07-02 03:00:00;0.020823485018899062;0.020823485018899062;0.020823485018899062
2022-07-02 04:00:00;0.02028790588829326;0.017866093223505446;0.01988427044416196
2022-07-02 05:00:00;0.09976300242577604;0.07633835516944341;0.09585889454972063
2022-07-02 06:00:00;0.21233942041262266;0.16841965340205634;0.20501945924419493
2022-07-02 07:00:00;0.3474944293055086;0.2810241542394695;0.3364160501278355
2022-07-02 08:00:00;0.39303813498964424;0.3231344486311566;0.38138752059656306
2022-07-02 09:00:00;0.5966258657432357;0.4915941219470183;0.5791205751105328
2022-07-02 10:00:00;0.708690376960224;0.5985860849656648;0.6903396616277975
2022-07-02 11:00:00;0.8080947772967151;0.6781526199975639;0.7864377510801901
2022-07-02 12:00:00;0.8170285039013107;0.6908584174071994;0.7960001561522921
2022-07-02 13:00:00;0.7348114755283962;0.6256167116360299;0.7166123482130019
2022-07-02 14:00:00;0.5945570991737108;0.5240039365296554;0.5827982387330348
2022-07-02 15:00:00;0.5294524307540139;0.4656533041859966;0.5188192429926777
2022-07-02 16:00:00;0.472738688430999;0.42483145139773815;0.4647541489254555
2022-07-02 17:00:00;0.42392417237183544;0.38376413004079063;0.41723083198332794
2022-07-02 18:00:00;0.23481297173833934;0.21775320666901946;0.23196967756011938
2022-07-02 19:00:00;0.14368595028897868;0.14201205471704545;0.1434069676936565
2022-07-02 20:00:00;0.1599124040041145;0.1599124040041145;0.1599124040041145
2022-07-02 21:00:00;0.09994969355348417;0.09994969355348417;0.09994969355348417
2022-07-02 22:00:00;0.0778134751488513;0.0778134751488513;0.0778134751488513
2022-07-02 23:00:00;0.057087393221013125;0.057087393221013125;0.057087393221013125
2022-07-03 00:00:00;0.04916851217455287;0.04916851217455287;0.04916851217455287
2022-07-03 01:00:00;0.04303643536459871;0.04303643536459871;0.04303643536459871
2022-07-03 02:00:00;0.04718997044674494;0.04718997044674494;0.04718997044674494
2022-07-03 03:00:00;0.032749745238428475;0.032749745238428475;0.032749745238428475
2022-07-03 04:00:00;0.04208764685758905;0.040903689854533735;0.04189032069041316
2022-07-03 05:00:00;0.07645521879531435;0.07398257416915549;0.07604311135762121
2022-07-03 06:00:00;0.12968543434577848;0.10551023840863656;0.12565623502292148
2022-07-03 07:00:00;0.24797856089866382;0.19915642086892102;0.2398415375603734
2022-07-03 08:00:00;0.5047443171861978;0.40476966789237734;0.4880818756372277
2022-07-03 09:00:00;0.6091805807896017;0.49373652025634046;0.5899399040340582
2022-07-03 10:00:00;0.6958657394369848;0.5679829974622509;0.6745519491078625
2022-07-03 11:00:00;0.6803702093663173;0.5635354060044796;0.6608977421393445
2022-07-03 12:00:00;0.638379725667856;0.5348884518136946;0.6211311800254957
2022-07-03 13:00:00;0.6729291344239715;0.5680270137515118;0.6554454476452284
2022-07-03 14:00:00;0.6499480250727411;0.5454306524841613;0.6325284629746445
2022-07-03 15:00:00;0.4661665029468397;0.4050879756196627;0.45598674839231024
2022-07-03 16:00:00;0.33720435478908733;0.2894897255754295;0.329251916586811
2022-07-03 17:00:00;0.24997056350573857;0.22698944314898425;0.2461403767796129
2022-07-03 18:00:00;0.14713693024318153;0.13209373283340203;0.14462973067488497
2022-07-03 19:00:00;0.06555857048103107;0.06296351239913969;0.06512606080071584
2022-07-03 20:00:00;0.04015237509656034;0.04015237509656034;0.04015237509656034
2022-07-03 21:00:00;0.03580477789092998;0.03580477789092998;0.03580477789092998
2022-07-03 22:00:00;0.03101607235899271;0.03101607235899271;0.03101607235899271
2022-07-03 23:00:00;0.029924678120867822;0.029924678120867822;0.029924678120867822
2022-07-04 00:00:00;0.029203108833250162;0.029203108833250162;0.029203108833250162
2022-07-04 01:00:00;0.03781016950919898;0.03781016950919898;0.03781016950919898
2022-07-04 02:00:00;0.030382401987980305;0.030382401987980305;0.030382401987980305
2022-07-04 03:00:00;0.027792873896642204;0.027792873896642204;0.027792873896642204
2022-07-04 04:00:00;0.02442252185850037;0.02022394284096521;0.023722758688911178
2022-07-04 05:00:00;0.09105526171580867;0.07144826832750484;0.08778742948442472
2022-07-04 06:00:00;0.20291571901742209;0.16263838019690283;0.19620282921400226
2022-07-04 07:00:00;0.32290448943238287;0.263327539124417;0.3129749977143886
2022-07-04 08:00:00;0.3165844648353901;0.26330282989835435;0.30770419234588414
2022-07-04 09:00:00;0.3970899257256287;0.32882040973364307;0.3857116730602978
2022-07-04 10:00:00;0.46501043882400167;0.3805082010364159;0.45092673252607074
2022-07-04 11:00:00;0.6753681121161461;0.555881757415519;0.6554537196660416
2022-07-04 12:00:00;0.6408181623913957;0.5352708999304838;0.6232269519812437
2022-07-04 13:00:00;0.6162464800760257;0.5070334027624971;0.598044300523771
2022-07-04 14:00:00;0.60995619131484;0.505599198120048;0.592563359115708
2022-07-04 15:00:00;0.5322098970719503;0.4518907188521669;0.5188233673686532
2022-07-04 16:00:00;0.3967004455785433;0.3523240809819667;0.38930438481244717
2022-07-04 17:00:00;0.14606081099997523;0.1229962723404097;0.142216721223381
2022-07-04 18:00:00;0.074180600292583;0.06496669102027126;0.07264494874719771
2022-07-04 19:00:00;0.04549573441501809;0.044650912955450574;0.0453549308384235
2022-07-04 20:00:00;0.036325147908085005;0.036325147908085005;0.036325147908085005
2022-07-04 21:00:00;0.043031085127298176;0.043031085127298176;0.043031085127298176
2022-07-04 22:00:00;0.0361158758283997;0.0361158758283997;0.0361158758283997
2022-07-04 23:00:00;0.030634459223608378;0.030634459223608378;0.030634459223608378
2022-07-05 00:00:00;0.036987267527623095;0.036987267527623095;0.036987267527623095
2022-07-05 01:00:00;0.02831420624105453;0.02831420624105453;0.02831420624105453
2022-07-05 02:00:00;0.031766452118133295;0.031766452118133295;0.031766452118133295
2022-07-05 03:00:00;0.034897487769510016;0.034897487769510016;0.034897487769510016
2022-07-05 04:00:00;0.024483636850150287;0.02150537393222057;0.023987259697162006
2022-07-05 05:00:00;0.06927169447466318;0.0558088901378885;0.0670278937518674
2022-07-05 06:00:00;0.1533298556475812;0.12072091564094559;0.14789503231314194
2022-07-05 07:00:00;0.3052094635078111;0.24269988568300774;0.2947912005370106
2022-07-05 08:00:00;0.2925169508224119;0.23826977456700302;0.2834757547798438
2022-07-05 09:00:00;0.2709687655945489;0.2239771008613532;0.2631368214723496
2022-07-05 10:00:00;0.21812777296059563;0.18856752821814698;0.21320106550352086
2022-07-05 11:00:00;0.22122130885868316;0.19244499134942586;0.2164252559404736
2022-07-05 12:00:00;0.2057598041665691;0.17939960126581045;0.20136643701644266
2022-07-05 13:00:00;0.21567647159477799;0.18852181872334905;0.21115069611620652
2022-07-05 14:00:00;0.1351004941216055;0.12056084895408876;0.1326772199270194
2022-07-05 15:00:00;0.09021588346707171;0.0784615878508706;0.08825683419770486
2022-07-05 16:00:00;0.054554647042356796;0.048430496732665716;0.053533955324074955
2022-07-05 17:00:00;0.03484183390410597;0.03176124993135655;0.034328403241981074
2022-07-05 18:00:00;0.026061020331680233;0.02479357900672067;0.025849780110853638
2022-07-05 19:00:00;0.02143293847744276;0.02143293847744276;0.02143293847744276
2022-07-05 20:00:00;0.025251570523670774;0.025251570523670774;0.025251570523670774
2022-07-05 21:00:00;0.019813793613491924;0.019813793613491924;0.019813793613491924
2022-07-05 22:00:00;0.01981692297820628;0.01981692297820628;0.01981692297820628
2022-07-05 23:00:00;0.019777845235094446;0.019777845235094446;0.019777845235094446
2022-07-06 00:00:00;0.02154424161814282;0.02154424161814282;0.02154424161814282
2022-07-06 01:00:00;0.025523961648549445;0.025523961648549445;0.025523961648549445
2022-07-06 02:00:00;0.026378547411600728;0.026378547411600728;0.026378547411600728
2022-07-06 03:00:00;0.030722645124109223;0.030722645124109223;0.030722645124109223
2022-07-06 04:00:00;0.035619009368394086;0.034695200181860536;0.0354650411706385
2022-07-06 05:00:00;0.06582056065750878;0.05992886780120499;0.06483861184812482
2022-07-06 06:00:00;0.14373899003828663;0.1198798990426541;0.13976247487234789
2022-07-06 07:00:00;0.2027861038670122;0.17230114712141698;0.19770527774274635
2022-07-06 08:00:00;0.41804167875635573;0.3430310167820818;0.40553990176064336
2022-07-06 09:00:00;0.50868256519892;0.4210843927216576;0.49408286978604293
2022-07-06 10:00:00;0.6016039721369552;0.4981127245141635;0.5843554308664899
2022-07-06 11:00:00;0.6343519173313441;0.533937449046808;0.6176161726172549
2022-07-06 12:00:00;0.6967435935478852;0.5779497016950559;0.6769446115724137
2022-07-06 13:00:00;0.7114876807847388;0.5948658464709625;0.6920507083991094
2022-07-06 14:00:00;0.6606853974110175;0.55162826390902;0.642509208494018
2022-07-06 15:00:00;0.4556334287946674;0.39112357011755206;0.44488178568181486
2022-07-06 16:00:00;0.44546762613311996;0.3799530458520645;0.43454852941961075
2022-07-06 17:00:00;0.2863761491601396;0.24746432451305952;0.27989084505229295
2022-07-06 18:00:00;0.20915237039791645;0.18876425342174533;0.20575435090188793
2022-07-06 19:00:00;0.09065141205507837;0.08813095651804098;0.09023133613223881
2022-07-06 20:00:00;0.061164882519134336;0.061164882519134336;0.061164882519134336
2022-07-06 21:00:00;0.045153695885304206;0.045153695885304206;0.045153695885304206
2022-07-06 22:00:00;0.0485727496372049;0.0485727496372049;0.0485727496372049
2022-07-06 23:00:00;0.03926804337342826;0.03926804337342826;0.03926804337342826
2022-07-07 00:00:00;0.040197577701629655;0.040197577701629655;0.040197577701629655
2022-07-07 01:00:00;0.036276450983670584;0.036276450983670584;0.036276450983670584
2022-07-07 02:00:00;0.033819463501133996;0.033819463501133996;0.033819463501133996
2022-07-07 03:00:00;0.03173932565756508;0.03173932565756508;0.03173932565756508
2022-07-07 04:00:00;0.02441559962050404;0.019984656134494027;0.023677109039502372
2022-07-07 05:00:00;0.09721757579200661;0.07640735408271607;0.09374920550712487
2022-07-07 06:00:00;0.2333108147126346;0.1851985889345348;0.22529211041628466
2022-07-07 07:00:00;0.331008139386401;0.2611417140513514;0.3193637351638927
2022-07-07 08:00:00;0.47142440656788126;0.3814493227822771;0.45642855927028064
2022-07-07 09:00:00;0.6157534994809378;0.4917125282725165;0.5950800042795341
2022-07-07 10:00:00;0.6169546268174319;0.5015916764768099;0.5977274684273283
2022-07-07 11:00:00;0.6772184234736041;0.5544298182844702;0.6567536559420818
2022-07-07 12:00:00;0.7628970832414339;0.6277419959135649;0.7403712353534558
2022-07-07 13:00:00;0.7488414436681361;0.6070136981862254;0.7252034860878177
2022-07-07 14:00:00;0.6386478374991628;0.5263857699043563;0.6199374929000284
2022-07-07 15:00:00;0.37172157055405997;0.3187514974445049;0.3628932250358008
2022-07-07 16:00:00;0.3766187680459194;0.31071293538550565;0.3656344626025172
2022-07-07 17:00:00;0.30708912991553594;0.2521859815389715;0.29793860518610854
2022-07-07 18:00:00;0.11296797332088704;0.09229565712082924;0.10952258728754408
2022-07-07 19:00:00;0.018858378298454714;0.01642667593298712;0.018453094570876787
2022-07-07 20:00:00;0.04325037866937964;0.04325037866937964;0.04325037866937964
2022-07-07 21:00:00;0.04233161622430285;0.04233161622430285;0.04233161622430285
2022-07-07 22:00:00;0.04526818614487134;0.04526818614487134;0.04526818614487134
2022-07-07 23:00:00;0.027447530915167894;0.027447530915167894;0.027447530915167894
2022-07-08 00:00:00;0.025058645554530228;0.025058645554530228;0.025058645554530228
2022-07-08 01:00:00;0.025060223785603596;0.025060223785603596;0.025060223785603596
2022-07-08 02:00:00;0.02507320411044778;0.02507320411044778;0.02507320411044778
2022-07-08 03:00:00;0.023353531639186426;0.023353531639186426;0.023353531639186426
2022-07-08 04:00:00;0.018940220689946087;0.017590647647044308;0.018715291849462457
2022-07-08 05:00:00;0.05029024483630602;0.043044258153909394;0.04908258038923992
2022-07-08 06:00:00;0.10647515004469674;0.08852565943031297;0.10348356827563278
2022-07-08 07:00:00;0.29765954034305053;0.23693794837818322;0.2875392750155726
2022-07-08 08:00:00;0.5523002758037223;0.4392347082999312;0.5334560145530906
2022-07-08 09:00:00;0.47028525660475773;0.39191983761149235;0.4572243534392136
2022-07-08 10:00:00;0.4671388421134863;0.3886849499234678;0.45406319341514984
2022-07-08 11:00:00;0.39212898026884524;0.3345841859075561;0.3825381812086304
2022-07-08 12:00:00;0.43524875726562606;0.3664633512301677;0.4237845229263831
2022-07-08 13:00:00;0.6513580250169977;0.5431594379886929;0.633324927178947
2022-07-08 14:00:00;0.6122931163641456;0.515981330995562;0.5962411521360484
2022-07-08 15:00:00;0.607056926143351;0.5154991548538412;0.5917972975950995
2022-07-08 16:00:00;0.4607221477437636;0.39143649332726355;0.4491745386743469
2022-07-08 17:00:00;0.35630509279538763;0.31674679314989374;0.34971204285447205
2022-07-08 18:00:00;0.2533212464629768;0.23596983219812256;0.25042934408550105
2022-07-08 19:00:00;0.15071860020922134;0.14862835331823696;0.15037022572739062
2022-07-08 20:00:00;0.13351374430141094;0.13351374430141094;0.13351374430141094
2022-07-08 21:00:00;0.10567405696292938;0.10567405696292938;0.10567405696292938
2022-07-08 22:00:00;0.09015149097733596;0.09015149097733596;0.09015149097733596
2022-07-08 23:00:00;0.08317741892840029;0.08317741892840029;0.08317741892840029
2022-07-09 00:00:00;0.06035631834213906;0.06035631834213906;0.06035631834213906
2022-07-09 01:00:00;0.049475975861884236;0.049475975861884236;0.049475975861884236
2022-07-09 02:00:00;0.03927780193040639;0.03927780193040639;0.03927780193040639
2022-07-09 03:00:00;0.0312807227197174;0.0312807227197174;0.0312807227197174
2022-07-09 04:00:00;0.020699103875519455;0.017207174294186323;0.020117115611963936
2022-07-09 05:00:00;0.0948532298689299;0.07655125418232081;0.09180290058782839
2022-07-09 06:00:00;0.2058187299579206;0.16590643730282295;0.199166681182071
2022-07-09 07:00:00;0.3319603330427535;0.27123267559430114;0.3218390568013448
2022-07-09 08:00:00;0.44769104279479044;0.36761344254375095;0.43434477608628397
2022-07-09 09:00:00;0.5702032524764046;0.4658141388183177;0.5528050668667235
2022-07-09 10:00:00;0.5919278956824997;0.4783181687476126;0.572992941193352
2022-07-09 11:00:00;0.6396962727634085;0.5228681936545546;0.6202249262452663
2022-07-09 12:00:00;0.686940293349406;0.5607322968872213;0.6659056272723752
2022-07-09 13:00:00;0.6417940799563735;0.5225589775936057;0.6219215628959123
2022-07-09 14:00:00;0.5374561739382349;0.44468068563541263;0.5219935925544312
2022-07-09 15:00:00;0.5039011748231454;0.4170663632714231;0.4894287062311918
2022-07-09 16:00:00;0.4239184298795355;0.3594508351451632;0.41317383075714015
2022-07-09 17:00:00;0.27765587645739503;0.23293755052242027;0.2702028221348992
2022-07-09 18:00:00;0.1599484108713902;0.1385581895760413;0.15638337398883204
2022-07-09 19:00:00;0.07019121374379265;0.06756604943592662;0.0697536863591483
2022-07-09 20:00:00;0.08231540811426323;0.08231540811426323;0.08231540811426323
2022-07-09 21:00:00;0.03789274722324743;0.03789274722324743;0.03789274722324743
2022-07-09 22:00:00;0.04313202450389737;0.04313202450389737;0.04313202450389737
2022-07-09 23:00:00;0.042438466782641154;0.042438466782641154;0.042438466782641154
2022-07-10 00:00:00;0.0360686000426126;0.0360686000426126;0.0360686000426126
2022-07-10 01:00:00;0.032275255242560946;0.032275255242560946;0.032275255242560946
2022-07-10 02:00:00;0.033554015463541;0.033554015463541;0.033554015463541
2022-07-10 03:00:00;0.030384615892760064;0.030384615892760064;0.030384615892760064
2022-07-10 04:00:00;0.026151993904437263;0.022745575654001017;0.025584257529364555
2022-07-10 05:00:00;0.0874682541509542;0.0695662953149602;0.0844845943449552
2022-07-10 06:00:00;0.2043567561736633;0.15894245915101632;0.19678770666988885
2022-07-10 07:00:00;0.326680017527402;0.2613987539018731;0.3157998069231472
2022-07-10 08:00:00;0.4549223550385436;0.3685343142306132;0.4405243482372219
2022-07-10 09:00:00;0.5888587365512453;0.4780821994086143;0.570395980360807
2022-07-10 10:00:00;0.6699486458265839;0.5493002712158922;0.6498405833914688
2022-07-10 11:00:00;0.7126715591103021;0.5942188850988643;0.6929294467750626
2022-07-10 12:00:00;0.7287172131503328;0.6096359509339421;0.7088703361142678
2022-07-10 13:00:00;0.717464895301081;0.6028404880195989;0.698360827420834
2022-07-10 14:00:00;0.6508790438647548;0.5564123128358986;0.6351345886932788
2022-07-10 15:00:00;0.5776917831732361;0.4957463853736694;0.5640342168733083
2022-07-10 16:00:00;0.4391738932743962;0.39097976925687716;0.43114153927147636
2022-07-10 17:00:00;0.3267518099327567;0.29822424987675356;0.3219972165900895
2022-07-10 18:00:00;0.23095262941087738;0.21448619201224467;0.22820822317777192
2022-07-10 19:00:00;0.13508521874187812;0.13232668947321397;0.13462546386376745
2022-07-10 20:00:00;0.1099392486429734;0.1099392486429734;0.1099392486429734
2022-07-10 21:00:00;0.07545527825133685;0.07545527825133685;0.07545527825133685
2022-07-10 22:00:00;0.0965788428851239;0.0965788428851239;0.0965788428851239
2022-07-10 23:00:00;0.06552237378402928;0.06552237378402928;0.06552237378402928
2022-07-11 00:00:00;0.06688233237588215;0.06688233237588215;0.06688233237588215
2022-07-11 01:00:00;0.031995648749159625;0.031995648749159625;0.031995648749159625
2022-07-11 02:00:00;0.027010173802844067;0.027010173802844067;0.027010173802844067
2022-07-11 03:00:00;0.027214425370773593;0.027214425370773593;0.027214425370773593
2022-07-11 04:00:00;0.03778854528511801;0.0358559579827091;0.0374664474013832
2022-07-11 05:00:00;0.09288018070200776;0.07797987301317254;0.0903967960872019
2022-07-11 06:00:00;0.08598788002283862;0.07184071363966255;0.08363001895897593
2022-07-11 07:00:00;0.14707636108067904;0.12707601309719582;0.14374296975009848
2022-07-11 08:00:00;0.18621550013155475;0.1571141391841402;0.18136527330698568
2022-07-11 09:00:00;0.2388562029034872;0.20290639687894116;0.23286456856606283
2022-07-11 10:00:00;0.3897983315675604;0.3288270711103918;0.37963645482469904
2022-07-11 11:00:00;0.6030834017971394;0.49821942828119403;0.5856060728778152
2022-07-11 12:00:00;0.6361181398457331;0.535462679442115;0.6193422297784634
2022-07-11 13:00:00;0.31983752124328707;0.275608380498348;0.3124659977857972
2022-07-11 14:00:00;0.44706456788644644;0.3878472730312863;0.43719501874391975
2022-07-11 15:00:00;0.36539028135259854;0.32603610048222076;0.3588312512075356
2022-07-11 16:00:00;0.40761466495182375;0.34328275326596014;0.3968926796708465
2022-07-11 17:00:00;0.33942691822660315;0.30757732865130116;0.3341186532973861
2022-07-11 18:00:00;0.1442096338940738;0.1327462279039066;0.14229906622904592
2022-07-11 19:00:00;0.09782355973068407;0.09697954921862753;0.09768289131200798
2022-07-11 20:00:00;0.10821737519424704;0.10821737519424704;0.10821737519424704
2022-07-11 21:00:00;0.09183211055211962;0.09183211055211962;0.09183211055211962
2022-07-11 22:00:00;0.02881650895901565;0.02881650895901565;0.02881650895901565
2022-07-11 23:00:00;0.03343413150178225;0.03343413150178225;0.03343413150178225
2022-07-12 00:00:00;0.05375141954410244;0.05375141954410244;0.05375141954410244
2022-07-12 01:00:00;0.0509236930289241;0.0509236930289241;0.0509236930289241
2022-07-12 02:00:00;0.02705342714996414;0.02705342714996414;0.02705342714996414
2022-07-12 03:00:00;0.07773296958981676;0.07773296958981676;0.07773296958981676
2022-07-12 04:00:00;0.0685675605544436;0.06773870705574203;0.06842941830466001
2022-07-12 05:00:00;0.09739157762355312;0.09566429264721557;0.09710369679416352
2022-07-12 06:00:00;0.08011686726648594;0.07831913529943998;0.07981724527197827
2022-07-12 07:00:00;0.05748450439741763;0.05491155134098921;0.057055678888012905
2022-07-12 08:00:00;0.04632100730132227;0.04153212714465586;0.04552286060854454
2022-07-12 09:00:00;0.06867197460243568;0.05849639198213253;0.06697604416571849
2022-07-12 10:00:00;0.10853554543625014;0.09158053956313804;0.1057097111240648
2022-07-12 11:00:00;0.44946685046077756;0.36579463782935123;0.4355214816888732
2022-07-12 12:00:00;0.42553753739650124;0.36052839638251133;0.4147026805608363
2022-07-12 13:00:00;0.3000815040214362;0.2635433841211977;0.2939918173713964
2022-07-12 14:00:00;0.4322257512245504;0.3681143281330845;0.4215405140426394
2022-07-12 15:00:00;0.26454870909331;0.2306084843575299;0.25889200497068005
2022-07-12 16:00:00;0.29998896214155635;0.24928898367652264;0.2915389657307173
2022-07-12 17:00:00;0.15879423267991616;0.13793297373840646;0.15531735618966458
2022-07-12 18:00:00;0.08019999578696758;0.069641811594385;0.07844029842153716
2022-07-12 19:00:00;0.03600437555876012;0.03316710477482976;0.03553149709477173
2022-07-12 20:00:00;0.03958013982950693;0.03958013982950693;0.03958013982950693
2022-07-12 21:00:00;0.03278402890810882;0.03278402890810882;0.03278402890810882
2022-07-12 22:00:00;0.03236819890786559;0.03236819890786559;0.03236819890786559
2022-07-12 23:00:00;0.03823782540431912;0.03823782540431912;0.03823782540431912
2022-07-13 00:00:00;0.04452520532884545;0.04452520532884545;0.04452520532884545
2022-07-13 01:00:00;0.04518565705731733;0.04518565705731733;0.04518565705731733
2022-07-13 02:00:00;0.03339377550537282;0.03339377550537282;0.03339377550537282
2022-07-13 03:00:00;0.0324198352940965;0.0324198352940965;0.0324198352940965
2022-07-13 04:00:00;0.0125641224509228;0.008119029798800541;0.011823273675569094
2022-07-13 05:00:00;0.07911907153733241;0.062263237808495686;0.07630976591585964
2022-07-13 06:00:00;0.14620805796574052;0.11809875580036919;0.141523174271512
2022-07-13 07:00:00;0.31325691222930857;0.25197933052038884;0.30304398194448867
2022-07-13 08:00:00;0.5212180643478475;0.41620004855822273;0.5037150617162434
2022-07-13 09:00:00;0.6412567509709782;0.5133374336888377;0.6199368647572882
2022-07-13 10:00:00;0.7193291827667782;0.5812245017977816;0.6963117359386121
2022-07-13 11:00:00;0.7709775986566032;0.6293130049133246;0.7473668330327236
2022-07-13 12:00:00;0.38118026987557785;0.32131380588205305;0.37120252587665703
2022-07-13 13:00:00;0.3485788034819168;0.3056058284242479;0.34141664097230534
2022-07-13 14:00:00;0.4502177827980072;0.37523342120005765;0.43772038919834905
2022-07-13 15:00:00;0.5823891600902498;0.47263409931644257;0.564096649961282
2022-07-13 16:00:00;0.36183911995506024;0.2892534902842967;0.34974151500993295
2022-07-13 17:00:00;0.2742679799033576;0.21808844299434912;0.2649047237518563
2022-07-13 18:00:00;0.10065293211981272;0.08778098755784428;0.09850760802615131
2022-07-13 19:00:00;0.07964449615366234;0.07741834421761991;0.0792734708309886
2022-07-13 20:00:00;0.05715908580953538;0.05715908580953538;0.05715908580953538
2022-07-13 21:00:00;0.03867446950241922;0.03867446950241922;0.03867446950241922
2022-07-13 22:00:00;0.03750373120193738;0.03750373120193738;0.03750373120193738
2022-07-13 23:00:00;0.04186098169061992;0.04186098169061992;0.04186098169061992
2022-07-14 00:00:00;0.06577505574087841;0.06577505574087841;0.06577505574087841
2022-07-14 01:00:00;0.07548871039383794;0.07548871039383794;0.07548871039383794
2022-07-14 02:00:00;0.05212616006813459;0.05212616006813459;0.05212616006813459
2022-07-14 03:00:00;0.027722223615141463;0.027722223615141463;0.027722223615141463
2022-07-14 04:00:00;0.030246204117213286;0.029887533282187014;0.030186425644708907
2022-07-14 05:00:00;0.04016190733709642;0.03753567233345027;0.03972420150315539
2022-07-14 06:00:00;0.10905762855959145;0.08790052968653339;0.10553144541408177
2022-07-14 07:00:00;0.18670545052109458;0.14965719277676698;0.18053074089704
2022-07-14 08:00:00;0.16349220077373883;0.1341360934693508;0.1585995162230075
2022-07-14 09:00:00;0.19551354956454195;0.1610714175565765;0.18977319422988112
2022-07-14 10:00:00;0.15628670966403307;0.1297008487198612;0.15185573284000442
2022-07-14 11:00:00;0.2054904247883286;0.1725507521791835;0.2000004793534711
2022-07-14 12:00:00;0.29428302701769005;0.24127268605139443;0.28544797018997414
2022-07-14 13:00:00;0.3531427646919954;0.2914160871005003;0.34285498509341295
2022-07-14 14:00:00;0.40431695594451245;0.32965458443350526;0.3918732273593446
2022-07-14 15:00:00;0.34357742120472107;0.2814111550673804;0.33321637684849764
2022-07-14 16:00:00;0.19277635556479022;0.15955124895774628;0.18723883779694958
2022-07-14 17:00:00;0.14720055092856774;0.1178395643083446;0.14230705315853054
2022-07-14 18:00:00;0.10147271470830083;0.09700356313559289;0.10072785611284951
2022-07-14 19:00:00;0.006211222116171879;0.0030674911058488127;0.0056872669477847
2022-07-14 20:00:00;0.02305236037386823;0.02305236037386823;0.02305236037386823
2022-07-14 21:00:00;0.0216262520079564;0.0216262520079564;0.0216262520079564
2022-07-14 22:00:00;0.023125565198100204;0.023125565198100204;0.023125565198100204
2022-07-14 23:00:00;0.020226821500269367;0.020226821500269367;0.020226821500269367
2022-07-15 00:00:00;0.020126708564785743;0.020126708564785743;0.020126708564785743
2022-07-15 01:00:00;0.03164565405672486;0.03164565405672486;0.03164565405672486
2022-07-15 02:00:00;0.03361989185210862;0.03361989185210862;0.03361989185210862
2022-07-15 03:00:00;0.03799430676842269;0.03799430676842269;0.03799430676842269
2022-07-15 04:00:00;0.02436090062313782;0.021344542820618245;0.023858174322717893
2022-07-15 05:00:00;0.08905604558761311;0.0706926236057217;0.08599547525729788
2022-07-15 06:00:00;0.20551681876249522;0.1655786075392867;0.1988604502252938
2022-07-15 07:00:00;0.35578796967173937;0.2825197215932606;0.343576594991993
2022-07-15 08:00:00;0.49256313709079036;0.4025898921765847;0.47756759627175627
2022-07-15 09:00:00;0.6408953179933092;0.5155268122489739;0.6200005670359201
2022-07-15 10:00:00;0.7404733054396316;0.607444984736362;0.7183019186557534
2022-07-15 11:00:00;0.8137363658298984;0.6678900448989326;0.7894286456747375
2022-07-15 12:00:00;0.8249308573356012;0.672462670508128;0.7995194928643559
2022-07-15 13:00:00;0.7942583315169547;0.6411500639519288;0.7687402869227837
2022-07-15 14:00:00;0.686815034635903;0.5630711750413369;0.6661910580368087
2022-07-15 15:00:00;0.5193921500200777;0.4336001318534932;0.505093480325647
2022-07-15 16:00:00;0.44170471414590873;0.3732254999174104;0.43029151177449243
2022-07-15 17:00:00;0.3196063677907896;0.27723324744169886;0.3125441810659412
2022-07-15 18:00:00;0.15746947990146604;0.14507107928793728;0.15540307979921125
2022-07-15 19:00:00;0.06128123516555903;0.059384380537974284;0.060965092727628234
2022-07-15 20:00:00;0.03352627529075914;0.03352627529075914;0.03352627529075914
2022-07-15 21:00:00;0.04208199391978489;0.04208199391978489;0.04208199391978489
2022-07-15 22:00:00;0.03528554362627457;0.03528554362627457;0.03528554362627457
2022-07-15 23:00:00;0.029659402429589025;0.029659402429589025;0.029659402429589025
2022-07-16 00:00:00;0.04249344397399947;0.04249344397399947;0.04249344397399947
2022-07-16 01:00:00;0.03358655593382657;0.03358655593382657;0.03358655593382657
2022-07-16 02:00:00;0.03098193585502794;0.03098193585502794;0.03098193585502794
2022-07-16 03:00:00;0.026864572415680507;0.026864572415680507;0.026864572415680507
2022-07-16 04:00:00;0.02018504035263799;0.018116139696629487;0.019840223576636572
2022-07-16 05:00:00;0.07218457293982766;0.055857046280180844;0.0694633184965532
2022-07-16 06:00:00;0.19048048892417768;0.14790039615416165;0.18338380679584168
2022-07-16 07:00:00;0.27097189361102164;0.21776163809324672;0.26210351769139256
2022-07-16 08:00:00;0.46042438596930035;0.37679809216394466;0.44648667033507444
2022-07-16 09:00:00;0.5902119556313802;0.48330872144018666;0.572394749932848
2022-07-16 10:00:00;0.6594171459348943;0.5485273978940508;0.6409355212614205
2022-07-16 11:00:00;0.7327589478354748;0.6147722616541246;0.7130945001385832
2022-07-16 12:00:00;0.7988813699441506;0.6760236478522899;0.7784050829288405
2022-07-16 13:00:00;0.8021879339988146;0.6835977834338764;0.7824229089046583
2022-07-16 14:00:00;0.7719354134247235;0.6707146861676748;0.7550652922152153
2022-07-16 15:00:00;0.6457799310170896;0.5621530531574923;0.6318421180404901
2022-07-16 16:00:00;0.5245675346679725;0.46635392478445975;0.5148652663540537
2022-07-16 17:00:00;0.3562357497886117;0.3246202364913377;0.35096649757239945
2022-07-16 18:00:00;0.18629866042689228;0.17648838933439798;0.1846636152448099
2022-07-16 19:00:00;0.08013439848697887;0.07778392413075945;0.07974265276094229
2022-07-16 20:00:00;0.08912597409091554;0.08912597409091554;0.08912597409091554
2022-07-16 21:00:00;0.06828063140900394;0.06828063140900394;0.06828063140900394
2022-07-16 22:00:00;0.049275543802650056;0.049275543802650056;0.049275543802650056
2022-07-16 23:00:00;0.022923797766661216;0.022923797766661216;0.022923797766661216
2022-07-17 00:00:00;0.08380678171404979;0.08380678171404979;0.08380678171404979
2022-07-17 01:00:00;0.02949548076564187;0.02949548076564187;0.02949548076564187
2022-07-17 02:00:00;0.03186112256496803;0.03186112256496803;0.03186112256496803
2022-07-17 03:00:00;0.03204073945210666;0.03204073945210666;0.03204073945210666
2022-07-17 04:00:00;0.019305313193111746;0.016466391214021187;0.01883215952992999
2022-07-17 05:00:00;0.08565063359084962;0.06590561799257769;0.0823597976578043
2022-07-17 06:00:00;0.2143473226050674;0.168317596952922;0.20667570166304317
2022-07-17 07:00:00;0.3677186577921825;0.2925399608306805;0.3551888749652656
2022-07-17 08:00:00;0.5302885448915677;0.42413760058614425;0.5125967208406639
2022-07-17 09:00:00;0.6589943290752308;0.5336634214434985;0.6381058444699422
2022-07-17 10:00:00;0.7398084866218759;0.6072984596362541;0.7177234821242723
2022-07-17 11:00:00;0.8231791478887142;0.673856809978409;0.79829209157033
2022-07-17 12:00:00;0.8267249083981342;0.6824405743672259;0.8026775193929829
2022-07-17 13:00:00;0.7211495809084815;0.6048583141612621;0.7017677031172784
2022-07-17 14:00:00;0.666738662473828;0.5633228648915901;0.6495026962101216
2022-07-17 15:00:00;0.4945270604624609;0.4292826369500211;0.48365298987705435
2022-07-17 16:00:00;0.46408681342287456;0.3979303258368194;0.4530607321585321
2022-07-17 17:00:00;0.3417836586010365;0.3059607707154978;0.33581317728678006
2022-07-17 18:00:00;0.1787562630026425;0.16416806112066448;0.17632489602231283
2022-07-17 19:00:00;0.08991436780062037;0.08805432417315977;0.08960436052937693
2022-07-17 20:00:00;0.0882370382867865;0.0882370382867865;0.0882370382867865
2022-07-17 21:00:00;0.07551104724321393;0.07551104724321393;0.07551104724321393
2022-07-17 22:00:00;0.03725817235382009;0.03725817235382009;0.03725817235382009
2022-07-17 23:00:00;0.0331921336180522;0.0331921336180522;0.0331921336180522
2022-07-18 00:00:00;0.03375347352513306;0.03375347352513306;0.03375347352513306
2022-07-18 01:00:00;0.027069415869959937;0.027069415869959937;0.027069415869959937
2022-07-18 02:00:00;0.021802383043774874;0.021802383043774874;0.021802383043774874
2022-07-18 03:00:00;0.022568371979547204;0.022568371979547204;0.022568371979547204
2022-07-18 04:00:00;0.011769266066400537;0.008776448332232775;0.01127046311070591
2022-07-18 05:00:00;0.09104202727637756;0.06949151942638516;0.0874502759680455
2022-07-18 06:00:00;0.22668296791296835;0.17748712022443602;0.2184836599648797
2022-07-18 07:00:00;0.3659059087469397;0.29062086437665596;0.3533584013518924
2022-07-18 08:00:00;0.438138649253543;0.35591360857984117;0.4244344758079261
2022-07-18 09:00:00;0.4771171325477247;0.39195328387586703;0.4629231577690819
2022-07-18 10:00:00;0.4765215919149122;0.3938648683543041;0.4627454713214776
2022-07-18 11:00:00;0.7032085286113253;0.5852349232120705;0.6835462610447829
2022-07-18 12:00:00;0.6450821554708078;0.5400226091245232;0.6275722310797605
2022-07-18 13:00:00;0.4094862843131636;0.34739962295132937;0.39913850741952456
2022-07-18 14:00:00;0.25145423484480073;0.22846013198243223;0.2476218843677393
2022-07-18 15:00:00;0.1558124901932174;0.14515112982053496;0.15403559679777032
2022-07-18 16:00:00;0.11374146528441327;0.1087302042416586;0.11290625511062084
2022-07-18 17:00:00;0.06925516855851707;0.06607356667459978;0.06872490157786419
2022-07-18 18:00:00;0.039724105802547836;0.034939540710806245;0.03892667828725757
2022-07-18 19:00:00;0.01632238578157794;0.01585354449668333;0.016244245567428837
2022-07-18 20:00:00;0.02060442982770085;0.02060442982770085;0.02060442982770085
2022-07-18 21:00:00;0.020069347351223874;0.020069347351223874;0.020069347351223874
2022-07-18 22:00:00;0.021848362125482856;0.021848362125482856;0.021848362125482856
2022-07-18 23:00:00;0.024617413661524624;0.024617413661524624;0.024617413661524624
2022-07-19 00:00:00;0.02635993520877883;0.02635993520877883;0.02635993520877883
2022-07-19 01:00:00;0.024663861675447783;0.024663861675447783;0.024663861675447783
2022-07-19 02:00:00;0.024454047847614308;0.024454047847614308;0.024454047847614308
2022-07-19 03:00:00;0.02020532032471436;0.02020532032471436;0.02020532032471436
2022-07-19 04:00:00;0.011734643377884733;0.0093649144276224;0.011339688552841013
2022-07-19 05:00:00;0.05001961561017155;0.04212556019232857;0.04870393970719772
2022-07-19 06:00:00;0.07167345570330473;0.060936012801259876;0.06988388188629725
2022-07-19 07:00:00;0.1609197575715724;0.13172521653050318;0.15605400073139422
2022-07-19 08:00:00;0.357120998301423;0.2916204571111347;0.346204241436375
2022-07-19 09:00:00;0.5111930109225407;0.41963821848077903;0.4959338788489138
2022-07-19 10:00:00;0.6714083632464595;0.5488285821056819;0.6509783997229966
2022-07-19 11:00:00;0.7153695365641909;0.586444898753335;0.6938820969290482
2022-07-19 12:00:00;0.7459383993125906;0.6283807441703039;0.7263454567888763
2022-07-19 13:00:00;0.781320760438335;0.653750898503989;0.7600591167826107
2022-07-19 14:00:00;0.6379928961672462;0.5376413349242514;0.6212676359600805
2022-07-19 15:00:00;0.6235960435940897;0.5212061222691634;0.606531056706602
2022-07-19 16:00:00;0.4729858279148595;0.4113893956040104;0.46271975586305125
2022-07-19 17:00:00;0.35537775805355326;0.31060575531417434;0.3479157575969901
2022-07-19 18:00:00;0.20250630455444213;0.18252933811687203;0.1991768101481804
2022-07-19 19:00:00;0.08195596050318425;0.08005318967620155;0.08163883203202046
2022-07-19 20:00:00;0.08414651699606954;0.08414651699606954;0.08414651699606954
2022-07-19 21:00:00;0.0659908052468847;0.0659908052468847;0.0659908052468847
2022-07-19 22:00:00;0.06239707195822931;0.06239707195822931;0.06239707195822931
2022-07-19 23:00:00;0.05844812520015042;0.05844812520015042;0.05844812520015042
2022-07-20 00:00:00;0.04611645608457748;0.04611645608457748;0.04611645608457748
2022-07-20 01:00:00;0.05275051476185138;0.05275051476185138;0.05275051476185138
2022-07-20 02:00:00;0.033677565829771126;0.033677565829771126;0.033677565829771126
2022-07-20 03:00:00;0.037071829088222895;0.037071829088222895;0.037071829088222895
2022-07-20 04:00:00;0.015483656528733646;0.01223377468269305;0.014942009554393546
2022-07-20 05:00:00;0.09194716696730781;0.07159362295396421;0.08855490963175057
2022-07-20 06:00:00;0.20137751842566753;0.16183927608237486;0.1947878113684521
2022-07-20 07:00:00;0.31450711073810034;0.2560198374542935;0.3047592318574659
2022-07-20 08:00:00;0.5029339926483546;0.4099191900078728;0.4874315255416076
2022-07-20 09:00:00;0.6127877819806321;0.5005614350388898;0.5940833908236752
2022-07-20 10:00:00;0.7267076310531728;0.5907348124950379;0.7040454946268171
2022-07-20 11:00:00;0.760009656600589;0.6223770982639926;0.7370708968778229
2022-07-20 12:00:00;0.789292953339496;0.6467160238096403;0.7655301317511867
2022-07-20 13:00:00;0.7729700200056435;0.6442024338349949;0.7515087556438688
2022-07-20 14:00:00;0.6787002848808472;0.572576724523945;0.6610130248213637
2022-07-20 15:00:00;0.6074239242893469;0.5099648746380131;0.5911807493474579
2022-07-20 16:00:00;0.4080773231230808;0.3519970020258681;0.39873060294021206
2022-07-20 17:00:00;0.15945212979975207;0.14288175468003053;0.15669040061313183
2022-07-20 18:00:00;0.08958847437651667;0.07754085834529431;0.08758053837131294
2022-07-20 19:00:00;0.04208369198767275;0.04064476304524391;0.04184387049726794
2022-07-20 20:00:00;0.034885929178160045;0.034885929178160045;0.034885929178160045
2022-07-20 21:00:00;0.040742005875369885;0.040742005875369885;0.040742005875369885
2022-07-20 22:00:00;0.049677445037201465;0.049677445037201465;0.049677445037201465
2022-07-20 23:00:00;0.0435641152643906;0.0435641152643906;0.0435641152643906
2022-07-21 00:00:00;0.046527155402991696;0.046527155402991696;0.046527155402991696
2022-07-21 01:00:00;0.04458447534629527;0.04458447534629527;0.04458447534629527
2022-07-21 02:00:00;0.022504826377648595;0.022504826377648595;0.022504826377648595
2022-07-21 03:00:00;0.023405213691468554;0.023405213691468554;0.023405213691468554
2022-07-21 04:00:00;0.00593367899151943;0.0021905652974067683;0.005309826709167321
2022-07-21 05:00:00;0.05771431546886337;0.04704215275607015;0.055935621683397836
2022-07-21 06:00:00;0.10341453390320678;0.0842384483339466;0.10021851964166344
2022-07-21 07:00:00;0.0725473934505743;0.06195381729324225;0.07078179742435231
2022-07-21 08:00:00;0.09784403206239566;0.08292124751381737;0.09535690130429927
2022-07-21 09:00:00;0.2487645885166565;0.20436901779662103;0.24136532672998395
2022-07-21 10:00:00;0.5417749691607566;0.44043674042581216;0.5248852643715992
2022-07-21 11:00:00;0.39167900924004234;0.33569845344765636;0.38234891660797804
2022-07-21 12:00:00;0.25049525426371205;0.22018327984836258;0.24544325852782048
2022-07-21 13:00:00;0.6646736762156957;0.5524815424025716;0.6459749872468417
2022-07-21 14:00:00;0.6001759657256962;0.5174708674240618;0.5863917826754239
2022-07-21 15:00:00;0.5538169627315378;0.4662495147626387;0.5392223880700545
2022-07-21 16:00:00;0.3128136369723468;0.28218871512483107;0.3077094833310942
2022-07-21 17:00:00;0.2246070958622653;0.20652858253109918;0.22159401030707096
2022-07-21 18:00:00;0.07699896230518037;0.07079177501073051;0.07596443108943872
2022-07-21 19:00:00;0.050543926461362694;0.049685450202107434;0.05040084708482015
2022-07-21 20:00:00;0.07912848550473219;0.07912848550473219;0.07912848550473219
2022-07-21 21:00:00;0.049748043070444885;0.049748043070444885;0.049748043070444885
2022-07-21 22:00:00;0.047420727744720115;0.047420727744720115;0.047420727744720115
2022-07-21 23:00:00;0.0361966197644386;0.0361966197644386;0.0361966197644386
2022-07-22 00:00:00;0.07062196057185129;0.07062196057185129;0.07062196057185129
2022-07-22 01:00:00;0.06816740044370595;0.06816740044370595;0.06816740044370595
2022-07-22 02:00:00;0.056567401902826754;0.056567401902826754;0.056567401902826754
2022-07-22 03:00:00;0.043662028034601244;0.043662028034601244;0.043662028034601244
2022-07-22 04:00:00;0.02542584424561154;0.02303009549942584;0.02502655278791393
2022-07-22 05:00:00;0.0897735429247298;0.07192788524676853;0.0867992666450696
2022-07-22 06:00:00;0.20310163706532405;0.16528350648059806;0.19679861530120304
2022-07-22 07:00:00;0.36953831428155276;0.29738545229542884;0.3575128372838655
2022-07-22 08:00:00;0.5448976831323977;0.4406400827169123;0.5275214163964835
2022-07-22 09:00:00;0.646949042849739;0.5275811928089317;0.627054401176271
2022-07-22 10:00:00;0.708894281333766;0.5795447042941329;0.6873360184938272
2022-07-22 11:00:00;0.7784095845325276;0.6379292477839499;0.7549961950744314
2022-07-22 12:00:00;0.47877577654292097;0.40986163797182407;0.46729008678107153
2022-07-22 13:00:00;0.5766304076121702;0.474276416395659;0.559571409076085
2022-07-22 14:00:00;0.4510119136258663;0.3669776621937311;0.43700620505384374
2022-07-22 15:00:00;0.5117911811083997;0.4240709673422689;0.49717114548071123
2022-07-22 16:00:00;0.4256420444191664;0.36157331085844047;0.41496392215904543
2022-07-22 17:00:00;0.22482176238473817;0.19835810114173613;0.22041115217757118
2022-07-22 18:00:00;0.0909430097862309;0.07852000587246873;0.08887250913393722
2022-07-22 19:00:00;0.0072085360942948755;0.0052706162167680945;0.0068855494480404116
2022-07-22 20:00:00;0.020078940034994552;0.020078940034994552;0.020078940034994552
2022-07-22 21:00:00;0.019026899920290292;0.019026899920290292;0.019026899920290292
2022-07-22 22:00:00;0.01994574964102011;0.01994574964102011;0.01994574964102011
2022-07-22 23:00:00;0.019328291079865407;0.019328291079865407;0.019328291079865407
2022-07-23 00:00:00;0.0190801081001863;0.0190801081001863;0.0190801081001863
2022-07-23 01:00:00;0.019393414639365236;0.019393414639365236;0.019393414639365236
2022-07-23 02:00:00;0.019704817683161752;0.019704817683161752;0.019704817683161752
2022-07-23 03:00:00;0.01989430188929274;0.01989430188929274;0.01989430188929274
2022-07-23 04:00:00;0.0019021646044551873;-0.0005676011168844971;0.0014905369842319073
2022-07-23 05:00:00;0.08315552848691317;0.06211824441749489;0.07964931447534347
2022-07-23 06:00:00;0.14635742641280838;0.11660229326533796;0.14139823755489667
2022-07-23 07:00:00;0.29880197884515725;0.24128349069996644;0.2892155641542921
2022-07-23 08:00:00;0.42733142734180496;0.3495628585693868;0.4143699992130686
2022-07-23 09:00:00;0.5691473307026199;0.46807713811932666;0.5523022986054045
2022-07-23 10:00:00;0.6948390257490363;0.5725166294483268;0.6744519596989181
2022-07-23 11:00:00;0.7201823127278449;0.6007190007776683;0.7002717607361489
2022-07-23 12:00:00;0.7800075564648821;0.652280466204871;0.7587197080882135
2022-07-23 13:00:00;0.7794591893888758;0.6623082046792543;0.7599340252706056
2022-07-23 14:00:00;0.7396455350546205;0.6371370971512031;0.722560795404051
2022-07-23 15:00:00;0.5223418395240856;0.46257636940929975;0.512380927838288
2022-07-23 16:00:00;0.36580841151385257;0.3343644422114362;0.3605677499634498
2022-07-23 17:00:00;0.2059231524125793;0.19330414061542145;0.2038199837797197
2022-07-23 18:00:00;0.14511236055023416;0.140978468721033;0.14442337857870063
2022-07-23 19:00:00;0.07681507223081127;0.07602972862722504;0.07668418163021357
2022-07-23 20:00:00;0.04128490656142261;0.04128490656142261;0.04128490656142261
2022-07-23 21:00:00;0.05182364236393113;0.05182364236393113;0.05182364236393113
2022-07-23 22:00:00;0.02459544990922217;0.02459544990922217;0.02459544990922217
2022-07-23 23:00:00;0.021446351701048676;0.021446351701048676;0.021446351701048676
2022-07-24 00:00:00;0.021596725372216883;0.021596725372216883;0.021596725372216883
2022-07-24 01:00:00;0.020087411195837724;0.020087411195837724;0.020087411195837724
2022-07-24 02:00:00;0.020572749097205814;0.020572749097205814;0.020572749097205814
2022-07-24 03:00:00;0.020555517150738337;0.020555517150738337;0.020555517150738337
2022-07-24 04:00:00;0.002960194507662185;0.000635423439401419;0.0025727326629520586
2022-07-24 05:00:00;0.05780951597209755;0.04535471275894751;0.05573371543657255
2022-07-24 06:00:00;0.16239179858858935;0.1277723345681231;0.15662188791851164
2022-07-24 07:00:00;0.3520346733217031;0.2807598822292962;0.3401555414729686
2022-07-24 08:00:00;0.35083455499528815;0.2837701835473134;0.33965715975395905
2022-07-24 09:00:00;0.43177018803135925;0.35555547433519724;0.4190677357486656
2022-07-24 10:00:00;0.3777438676301489;0.31379883089052707;0.3670863615068786
2022-07-24 11:00:00;0.4939426649702743;0.40778074079092724;0.4795823442737164
2022-07-24 12:00:00;0.46250846907279747;0.3842129981447755;0.44945922391812715
2022-07-24 13:00:00;0.2256955170510252;0.1984644121265802;0.2211569995636177
2022-07-24 14:00:00;0.2267756903049883;0.19202719119392084;0.2209842737864771
2022-07-24 15:00:00;0.14048616654023868;0.11957331884661863;0.13700069192463535
2022-07-24 16:00:00;0.051885965575092265;0.047893924568185794;0.05122062540727452
2022-07-24 17:00:00;0.0460448058781081;0.04118824478175046;0.04523537902871517
2022-07-24 18:00:00;0.02651318070284913;0.024130033995660573;0.026115989584984373
2022-07-24 19:00:00;0.0072105560047606345;0.005849342722914256;0.006983687124452905
2022-07-24 20:00:00;0.02050915953757075;0.02050915953757075;0.02050915953757075
2022-07-24 21:00:00;0.018658121537707743;0.018658121537707743;0.018658121537707743
2022-07-24 22:00:00;0.02272230133150683;0.02272230133150683;0.02272230133150683
2022-07-24 23:00:00;0.023395665348487357;0.023395665348487357;0.023395665348487357
2022-07-25 00:00:00;0.019986151055382283;0.019986151055382283;0.019986151055382283
2022-07-25 01:00:00;0.022685287257286458;0.022685287257286458;0.022685287257286458
2022-07-25 02:00:00;0.02219112895726263;0.02219112895726263;0.02219112895726263
2022-07-25 03:00:00;0.021903209071047106;0.021903209071047106;0.021903209071047106
2022-07-25 04:00:00;0.018741514534753416;0.018741514534753416;0.018741514534753416
2022-07-25 05:00:00;0.03387351904325703;0.03176945726667891;0.033522842080494004
2022-07-25 06:00:00;0.043236038009635866;0.03955805982848471;0.04262304164611067
2022-07-25 07:00:00;0.0758659555197052;0.06605638754994252;0.07423102752474475
2022-07-25 08:00:00;0.12400371846714284;0.10306630102735197;0.12051414889384438
2022-07-25 09:00:00;0.4033478385714562;0.32798554019528614;0.3907874555087612
2022-07-25 10:00:00;0.6109387171487602;0.5057645824387322;0.5934096946970889
2022-07-25 11:00:00;0.6762628762612259;0.5751676977340361;0.6594136798400277
2022-07-25 12:00:00;0.6302431082350359;0.5488403894447055;0.6166759884366475
2022-07-25 13:00:00;0.6445999127097432;0.5684701531848724;0.6319116194555983
2022-07-25 14:00:00;0.6123014857903553;0.53681541380596;0.5997204737929561
2022-07-25 15:00:00;0.5191740023618193;0.44661784269251115;0.5070813090836013
2022-07-25 16:00:00;0.27004200743995155;0.2383010083873308;0.2647518409311815
2022-07-25 17:00:00;0.1697151110226169;0.15474551580925883;0.16722017848705725
2022-07-25 18:00:00;0.15495941532169188;0.14380695169664978;0.15310067138418487
2022-07-25 19:00:00;0.09315839687671626;0.09200961855320237;0.09296693382279728
2022-07-25 20:00:00;0.0901178860507812;0.0901178860507812;0.0901178860507812
2022-07-25 21:00:00;0.07751242611023958;0.07751242611023958;0.07751242611023958
2022-07-25 22:00:00;0.03979673668215186;0.03979673668215186;0.03979673668215186
2022-07-25 23:00:00;0.03877979740969836;0.03877979740969836;0.03877979740969836
2022-07-26 00:00:00;0.05147372912812775;0.05147372912812775;0.05147372912812775
2022-07-26 01:00:00;0.04683990659072371;0.04683990659072371;0.04683990659072371
2022-07-26 02:00:00;0.0290487305243766;0.0290487305243766;0.0290487305243766
2022-07-26 03:00:00;0.03042603039210097;0.03042603039210097;0.03042603039210097
2022-07-26 04:00:00;0.0016210943402675817;-0.0003940244783003752;0.0012852412038395892
2022-07-26 05:00:00;0.06797722372054943;0.05094378106850448;0.06513831661187527
2022-07-26 06:00:00;0.1729778690881368;0.1408560043132142;0.16762422495898308
2022-07-26 07:00:00;0.2867604585202957;0.23286510902381946;0.27777790027088306
2022-07-26 08:00:00;0.3920422701429815;0.3222935876786431;0.3804174897322585
2022-07-26 09:00:00;0.5142831005326707;0.4272377260935106;0.49977553812614395
2022-07-26 10:00:00;0.3970110900247261;0.33587560725291765;0.3868218428960914
2022-07-26 11:00:00;0.39517972829686326;0.33334733545618583;0.3848743294900837
2022-07-26 12:00:00;0.39039728691106745;0.32902402114651336;0.3801684092836418
2022-07-26 13:00:00;0.4089502514342118;0.34880379180931365;0.39892584149672883
2022-07-26 14:00:00;0.5050118697892865;0.43212024128886484;0.49286326503921624
2022-07-26 15:00:00;0.4069290534878033;0.35039179042325;0.3975061763103777
2022-07-26 16:00:00;0.41710476887967424;0.35880876492714425;0.4073887682209193
2022-07-26 17:00:00;0.29569556711541634;0.2609150679084034;0.28989881724758093
2022-07-26 18:00:00;0.18028964136103254;0.16696034625582937;0.178068092176832
2022-07-26 19:00:00;0.08626768280499403;0.08546998640545259;0.08613473340507045
2022-07-26 20:00:00;0.08578432418180217;0.08578432418180217;0.08578432418180217
2022-07-26 21:00:00;0.05176405624284615;0.05176405624284615;0.05176405624284615
2022-07-26 22:00:00;0.042803653492560725;0.042803653492560725;0.042803653492560725
2022-07-26 23:00:00;0.03402706976850908;0.03402706976850908;0.03402706976850908
2022-07-27 00:00:00;0.03717933992813809;0.03717933992813809;0.03717933992813809
2022-07-27 01:00:00;0.025191624477872585;0.025191624477872585;0.025191624477872585
2022-07-27 02:00:00;0.02528011522797097;0.02528011522797097;0.02528011522797097
2022-07-27 03:00:00;0.03562870393134223;0.03562870393134223;0.03562870393134223
2022-07-27 04:00:00;9.82796445193492e-05;-0.0020143949404899924;-0.0002538327863155399
2022-07-27 05:00:00;0.09033231645737136;0.07129362903124632;0.08715920188635054
2022-07-27 06:00:00;0.17714324648500335;0.14170679206398226;0.17123717074816652
2022-07-27 07:00:00;0.3218808419615622;0.2599965096167093;0.31156678657075343
2022-07-27 08:00:00;0.46043108369637364;0.376014440109309;0.44636164309852955
2022-07-27 09:00:00;0.5850175356864298;0.4786114362138916;0.5672831857743401
2022-07-27 10:00:00;0.6971954939253666;0.570658328325602;0.6761059663254059
2022-07-27 11:00:00;0.6928043834264604;0.5767147462357219;0.6734561105613375
2022-07-27 12:00:00;0.6918026001461891;0.5763160257576593;0.6725548377481008
2022-07-27 13:00:00;0.592503060311399;0.5009713227459187;0.5772477707171523
2022-07-27 14:00:00;0.6520361616415249;0.5502081761120171;0.6350648307199404
2022-07-27 15:00:00;0.48927243497141515;0.4217632244967033;0.4780208998922965
2022-07-27 16:00:00;0.4489167480563517;0.39186517439314195;0.43940815244581677
2022-07-27 17:00:00;0.24787181943406025;0.22534195400905374;0.24411684186322585
2022-07-27 18:00:00;0.1661545440791413;0.15610240968549163;0.16447918834686637
2022-07-27 19:00:00;0.06803231032863385;0.0662747428011253;0.06773938240738242
2022-07-27 20:00:00;0.060115207377126376;0.060115207377126376;0.060115207377126376
2022-07-27 21:00:00;0.03095046214017218;0.03095046214017218;0.03095046214017218
2022-07-27 22:00:00;0.02081630391993302;0.02081630391993302;0.02081630391993302
2022-07-27 23:00:00;0.020756043374843033;0.020756043374843033;0.020756043374843033
2022-07-28 00:00:00;0.02507598168948615;0.02507598168948615;0.02507598168948615
2022-07-28 01:00:00;0.021385953889078487;0.021385953889078487;0.021385953889078487
2022-07-28 02:00:00;0.02274523406081059;0.02274523406081059;0.02274523406081059
2022-07-28 03:00:00;0.02363883982093205;0.02363883982093205;0.02363883982093205
2022-07-28 04:00:00;0.0064699831938879295;0.00523952256023202;0.006264906421611944
2022-07-28 05:00:00;0.0637758082045752;0.04805219421782883;0.0611552058734508
2022-07-28 06:00:00;0.17713100748387098;0.13949036946987664;0.1708575678148719
2022-07-28 07:00:00;0.3233686203870863;0.2580219270333255;0.3124775048281262
2022-07-28 08:00:00;0.48153253602644364;0.38551385122350734;0.465529421892621
2022-07-28 09:00:00;0.6363438576387285;0.5096657682662343;0.6152308427433129
2022-07-28 10:00:00;0.7159963184974115;0.58637270441014;0.6943923828161996
2022-07-28 11:00:00;0.717450100323451;0.5887345812960617;0.6959975138188863
2022-07-28 12:00:00;0.6916269187000887;0.572938789133748;0.6718455637723652
2022-07-28 13:00:00;0.6204543759473241;0.5243162114683714;0.6044313485341654
2022-07-28 14:00:00;0.3375072825307866;0.28879867140703963;0.32938918067682876
2022-07-28 15:00:00;0.06739123643521368;0.062202461416321825;0.0665264405987317
2022-07-28 16:00:00;0.06042369859399319;0.05654491423786294;0.05977723453463815
2022-07-28 17:00:00;0.1799275309658711;0.14511024387235602;0.1741246497836186
2022-07-28 18:00:00;0.06806315373873059;0.05313489385528824;0.06557511042482353
2022-07-28 19:00:00;0.019364801738836538;0.01889966391748404;0.019287278768611124
2022-07-28 20:00:00;0.020004741998840128;0.020004741998840128;0.020004741998840128
2022-07-28 21:00:00;0.019822870547063175;0.019822870547063175;0.019822870547063175
2022-07-28 22:00:00;0.022151195744100117;0.022151195744100117;0.022151195744100117
2022-07-28 23:00:00;0.02304748022934903;0.02304748022934903;0.02304748022934903
2022-07-29 00:00:00;0.024097138841452943;0.024097138841452943;0.024097138841452943
2022-07-29 01:00:00;0.02567127117284422;0.02567127117284422;0.02567127117284422
2022-07-29 02:00:00;0.022214422125392555;0.022214422125392555;0.022214422125392555
2022-07-29 03:00:00;0.022427940344018085;0.022427940344018085;0.022427940344018085
2022-07-29 04:00:00;0.010426365383793549;0.009218899705429495;0.010225121104066207
2022-07-29 05:00:00;0.05198762832284559;0.041566765429202186;0.0502508178405717
2022-07-29 06:00:00;0.12038639094309367;0.09678598836707983;0.11645299051375801
2022-07-29 07:00:00;0.23238673842806784;0.1880567863865385;0.224998413087813
2022-07-29 08:00:00;0.4274710163929201;0.34650008090134615;0.41397586047765783
2022-07-29 09:00:00;0.2587917919621466;0.23137631389111057;0.25422254561697394
2022-07-29 10:00:00;0.5296552700000196;0.446649647801327;0.5158209996335709
2022-07-29 11:00:00;0.4564007294660245;0.39658745101957854;0.44643184972495015
2022-07-29 12:00:00;0.3976147406511636;0.3467988847496066;0.3891454313342374
2022-07-29 13:00:00;0.47534168229931395;0.40627042516617967;0.4638298061104583
2022-07-29 14:00:00;0.5663081467690992;0.4899051510854231;0.5535743141551533
2022-07-29 15:00:00;0.3951501469313399;0.3535944640505632;0.3882241997845438
2022-07-29 16:00:00;0.3800361937773572;0.3344780229413104;0.3724431653046828
2022-07-29 17:00:00;0.31193455394538855;0.27948111959819677;0.30652564822085665
2022-07-29 18:00:00;0.1722647577862364;0.16008423022951207;0.17023466986011568
2022-07-29 19:00:00;0.08102048366216226;0.08060188173478147;0.08095071667426547
2022-07-29 20:00:00;0.0747474728817949;0.0747474728817949;0.0747474728817949
2022-07-29 21:00:00;0.06176267616189801;0.06176267616189801;0.06176267616189801
2022-07-29 22:00:00;0.05793587840903132;0.05793587840903132;0.05793587840903132
2022-07-29 23:00:00;0.045929603967250626;0.045929603967250626;0.045929603967250626
2022-07-30 00:00:00;0.0318911887983726;0.0318911887983726;0.0318911887983726
2022-07-30 01:00:00;0.027243953343676953;0.027243953343676953;0.027243953343676953
2022-07-30 02:00:00;0.026146671098819747;0.026146671098819747;0.026146671098819747
2022-07-30 03:00:00;0.02283982966110518;0.02283982966110518;0.02283982966110518
2022-07-30 04:00:00;0.008601959084216564;0.00742167681452196;0.008405245372600796
2022-07-30 05:00:00;0.06694080632336916;0.0529228251145793;0.0646044761219042
2022-07-30 06:00:00;0.16371194454661456;0.13122551988276798;0.1582975404359735
2022-07-30 07:00:00;0.30987131693232406;0.25235890318226106;0.3002859146406469
2022-07-30 08:00:00;0.26932001234031644;0.22834320842105255;0.26249054502043917
2022-07-30 09:00:00;0.19917155634778116;0.178069745715393;0.1956545879090498
2022-07-30 10:00:00;0.2215327321455543;0.18987177255804633;0.2162559055476363
2022-07-30 11:00:00;0.28283957285716005;0.24122704170900966;0.275904150999135
2022-07-30 12:00:00;0.301119739371441;0.2630235838979505;0.29477038012585927
2022-07-30 13:00:00;0.25868163814241196;0.2286083622178503;0.25366942548831833
2022-07-30 14:00:00;0.29134500784275175;0.2528141670182269;0.2849232010386643
2022-07-30 15:00:00;0.23580688520737914;0.2058844452310159;0.2308198118779853
2022-07-30 16:00:00;0.17557224350108241;0.15268017550364862;0.17175689883484346
2022-07-30 17:00:00;0.15528651153000156;0.1341273646565369;0.1517599870510908
2022-07-30 18:00:00;0.1121605416660146;0.10629316428433698;0.11118264543573499
2022-07-30 19:00:00;0.0759944025278928;0.07520381778271985;0.07586263840369731
2022-07-30 20:00:00;0.061082504243293936;0.061082504243293936;0.061082504243293936
2022-07-30 21:00:00;0.05102106871331213;0.05102106871331213;0.05102106871331213
2022-07-30 22:00:00;0.056275375450447924;0.056275375450447924;0.056275375450447924
2022-07-30 23:00:00;0.039001679686113906;0.039001679686113906;0.039001679686113906
2022-07-31 00:00:00;0.023209433188298434;0.023209433188298434;0.023209433188298434
2022-07-31 01:00:00;0.020329371259058798;0.020329371259058798;0.020329371259058798
2022-07-31 02:00:00;0.020330140591186714;0.020330140591186714;0.020330140591186714
2022-07-31 03:00:00;0.022024624139665484;0.022024624139665484;0.022024624139665484
2022-07-31 04:00:00;0.006079590602312135;0.004874387340642064;0.00587872339203379
2022-07-31 05:00:00;0.05811522742547561;0.044075301796721186;0.05577523982068322
2022-07-31 06:00:00;0.17283710296152757;0.13511170519406226;0.16654953666695005
2022-07-31 07:00:00;0.30182045146041003;0.2418309444149583;0.29182220028616807
2022-07-31 08:00:00;0.43425666405160646;0.35531671017048044;0.4211000050714188
2022-07-31 09:00:00;0.5758380523760107;0.47249201335657576;0.5586137125394384
2022-07-31 10:00:00;0.6905955706946718;0.570469156932553;0.6705745017343188
2022-07-31 11:00:00;0.7530622869232474;0.6293093442695421;0.7324367964809633
2022-07-31 12:00:00;0.6849442442689336;0.5721937269654678;0.6661524913850227
2022-07-31 13:00:00;0.7052218916189678;0.5948094006447937;0.6868198097899388
2022-07-31 14:00:00;0.6297805276842825;0.5351103853384572;0.614002170626645
2022-07-31 15:00:00;0.5466744788905173;0.47447984995466436;0.5346420407345419
2022-07-31 16:00:00;0.42839897143883343;0.3747628768112229;0.41945962233423173
2022-07-31 17:00:00;0.32015602052719044;0.28742762911226105;0.3147012886247022
2022-07-31 18:00:00;0.19867307278076735;0.18575019187398206;0.19651925929630315
2022-07-31 19:00:00;0.1185253804941751;0.11739196276807987;0.11833647753982589
2022-07-31 20:00:00;0.09626379602941279;0.09626379602941279;0.09626379602941279
2022-07-31 21:00:00;0.06944034522173217;0.06944034522173217;0.06944034522173217
2022-07-31 22:00:00;0.04910320538937351;0.04910320538937351;0.04910320538937351
2022-07-31 23:00:00;0.038833220044017;0.038833220044017;0.038833220044017
2022-08-01 00:00:00;0.03759243732377139;0.03759243732377139;0.03759243732377139
2022-08-01 01:00:00;0.029060568290645444;0.029060568290645444;0.029060568290645444
2022-08-01 02:00:00;0.02557545148769605;0.02557545148769605;0.02557545148769605
2022-08-01 03:00:00;0.025552722532085476;0.025552722532085476;0.025552722532085476
2022-08-01 04:00:00;0.02341173146816046;0.023022512450339136;0.023346861631856904
2022-08-01 05:00:00;0.04641984114123125;0.03822188800053973;0.04505351561778267
2022-08-01 06:00:00;0.10404358367520092;0.08440752912866158;0.10077090791744436
2022-08-01 07:00:00;0.2461506083730632;0.20033395066556137;0.23851449875514627
2022-08-01 08:00:00;0.45312225029452335;0.3660083724458257;0.43860327065307375
2022-08-01 09:00:00;0.5566717998460581;0.4545623738611525;0.5396535621819072
2022-08-01 10:00:00;0.6721510908452865;0.5502010700812054;0.6518260873846063
2022-08-01 11:00:00;0.7527547371643348;0.6229651257355168;0.7311231352595319
2022-08-01 12:00:00;0.7435560925135145;0.622812847936901;0.7234322184174123
2022-08-01 13:00:00;0.6763813893552929;0.5742416658554719;0.6593581021053228
2022-08-01 14:00:00;0.5609457391618762;0.4710851800931049;0.545968979317081
2022-08-01 15:00:00;0.5708393916686344;0.4905609415119395;0.557459649975852
2022-08-01 16:00:00;0.4578391735571287;0.39573920131691;0.447489178183759
2022-08-01 17:00:00;0.3563919418001383;0.32210217308815325;0.3506769803481408
2022-08-01 18:00:00;0.1618004203893374;0.15162343738963732;0.16010425655605406
2022-08-01 19:00:00;0.09044563333653932;0.09001430690755957;0.09037374559837603
2022-08-01 20:00:00;0.06340705528153519;0.06340705528153519;0.06340705528153519
2022-08-01 21:00:00;0.03238634469362003;0.03238634469362003;0.03238634469362003
2022-08-01 22:00:00;0.028868521859524498;0.028868521859524498;0.028868521859524498
2022-08-01 23:00:00;0.03725143981797296;0.03725143981797296;0.03725143981797296
2022-08-02 00:00:00;0.046582288212642875;0.046582288212642875;0.046582288212642875
2022-08-02 01:00:00;0.04946356291904812;0.04946356291904812;0.04946356291904812
2022-08-02 02:00:00;0.04779559854492893;0.04779559854492893;0.04779559854492893
2022-08-02 03:00:00;0.04635308415001909;0.04635308415001909;0.04635308415001909
2022-08-02 04:00:00;0.03173520279095317;0.03131799878587013;0.031665668790105996
2022-08-02 05:00:00;0.04456828742291108;0.039604150879291505;0.04374093133230782
2022-08-02 06:00:00;0.07502622655802337;0.06493518154753783;0.07334438572294244
2022-08-02 07:00:00;0.15079128683964083;0.12519436498446482;0.14652513319711147
2022-08-02 08:00:00;0.15227992066976145;0.12977227506031644;0.1485286464015206
2022-08-02 09:00:00;0.2744973422787242;0.22689287320704882;0.26656326410011166
2022-08-02 10:00:00;0.5226948915077889;0.4248246566068218;0.5063831856909612
2022-08-02 11:00:00;0.31576207082905927;0.27476825594211124;0.30892976834790126
2022-08-02 12:00:00;0.49561083743291473;0.4159390669221158;0.4823322090144483
2022-08-02 13:00:00;0.6443173571958587;0.5346803479789493;0.6260445223263739
2022-08-02 14:00:00;0.5672953397794704;0.48016883330216453;0.5527742553665862
2022-08-02 15:00:00;0.5124400999834859;0.4306626785427021;0.4988105297433553
2022-08-02 16:00:00;0.32579708685121067;0.2922984440795912;0.32021397972260746
2022-08-02 17:00:00;0.29114143908513423;0.26204122545860953;0.28629140348071347
2022-08-02 18:00:00;0.15510669420666476;0.14354292218291062;0.1531793988693724
2022-08-02 19:00:00;0.09796990182044597;0.09724500790623254;0.09784908616807707
2022-08-02 20:00:00;0.0678741869724691;0.0678741869724691;0.0678741869724691
2022-08-02 21:00:00;0.04962487452382189;0.04962487452382189;0.04962487452382189
2022-08-02 22:00:00;0.03652467898037485;0.03652467898037485;0.03652467898037485
2022-08-02 23:00:00;0.02859848842992549;0.02859848842992549;0.02859848842992549
2022-08-03 00:00:00;0.026948553809564964;0.026948553809564964;0.026948553809564964
2022-08-03 01:00:00;0.028864541451368263;0.028864541451368263;0.028864541451368263
2022-08-03 02:00:00;0.02612376480487865;0.02612376480487865;0.02612376480487865
2022-08-03 03:00:00;0.026107233960930395;0.026107233960930395;0.026107233960930395
2022-08-03 04:00:00;0.007900697178839948;0.006772940256043566;0.007712737691707218
2022-08-03 05:00:00;0.055933415165626894;0.04268628966138398;0.05372556091491974
2022-08-03 06:00:00;0.17201824054144563;0.13398951804938927;0.1656801201261029
2022-08-03 07:00:00;0.3004725624363947;0.23913430006074082;0.29024951870711907
2022-08-03 08:00:00;0.4530436066514274;0.3605569905955172;0.43762917064210916
2022-08-03 09:00:00;0.5637201717847893;0.4541994536970017;0.5454667187701581
2022-08-03 10:00:00;0.6210626521113713;0.5109754988381556;0.6027147932325021
2022-08-03 11:00:00;0.6916689539997237;0.5757284863774262;0.6723455427293408
2022-08-03 12:00:00;0.6999764892054507;0.584759564988682;0.680773668502656
2022-08-03 13:00:00;0.6041594453409247;0.5080604733714873;0.5881429500126852
2022-08-03 14:00:00;0.5846791230146466;0.4963433407481095;0.5699564926368905
2022-08-03 15:00:00;0.4677316055560881;0.40093080950586873;0.4565981395477183
2022-08-03 16:00:00;0.32175446645919786;0.28164178514730914;0.3150690195738831
2022-08-03 17:00:00;0.2058547227624582;0.19533857561686216;0.20410203157152554
2022-08-03 18:00:00;0.1033468608786911;0.09771161646752737;0.10240765347683048
2022-08-03 19:00:00;0.058217527373178965;0.058217527373178965;0.058217527373178965
2022-08-03 20:00:00;0.05027590274945126;0.05027590274945126;0.05027590274945126
2022-08-03 21:00:00;0.06071149574447578;0.06071149574447578;0.06071149574447578
2022-08-03 22:00:00;0.04617787235535887;0.04617787235535887;0.04617787235535887
2022-08-03 23:00:00;0.056977903076220415;0.056977903076220415;0.056977903076220415
2022-08-04 00:00:00;0.04743466386140742;0.04743466386140742;0.04743466386140742
2022-08-04 01:00:00;0.04800491016479663;0.04800491016479663;0.04800491016479663
2022-08-04 02:00:00;0.03590639407233225;0.03590639407233225;0.03590639407233225
2022-08-04 03:00:00;0.026216848044129278;0.026216848044129278;0.026216848044129278
2022-08-04 04:00:00;0.030343184036417083;0.02992595028026355;0.03027364507705816
2022-08-04 05:00:00;0.0397075033529825;0.037503956553742376;0.039340245553109145
2022-08-04 06:00:00;0.06406523366212057;0.05712323590307882;0.06290823403561362
2022-08-04 07:00:00;0.15424861939354287;0.13131943925475825;0.15042708937041213
2022-08-04 08:00:00;0.1743064758386029;0.15270424415657904;0.17070610389159893
2022-08-04 09:00:00;0.2514018934966294;0.214376850778392;0.2452310530435898
2022-08-04 10:00:00;0.4123864091225547;0.3449270763698351;0.40114318699710144
2022-08-04 11:00:00;0.354273679690356;0.3057183092862893;0.3461811179563449
2022-08-04 12:00:00;0.4051529065136199;0.34043327099595366;0.39436630059400896
2022-08-04 13:00:00;0.3659929989277241;0.310507927217786;0.3567454869760677
2022-08-04 14:00:00;0.185123571468719;0.1649471938264346;0.1817608418616716
2022-08-04 15:00:00;0.1993840766127632;0.17570474460842414;0.19543752127870673
2022-08-04 16:00:00;0.19820185637594914;0.16941060173118289;0.1934033139351548
2022-08-04 17:00:00;0.18262649974768339;0.15453709306809585;0.17794493196775213
2022-08-04 18:00:00;0.08139096855324371;0.07307856833017466;0.08000556851606555
2022-08-04 19:00:00;0.04054907557994912;0.04011834805845495;0.04047728765970009
2022-08-04 20:00:00;0.041514722283010716;0.041514722283010716;0.041514722283010716
2022-08-04 21:00:00;0.03265387208389057;0.03265387208389057;0.03265387208389057
2022-08-04 22:00:00;0.02623762610439751;0.02623762610439751;0.02623762610439751
2022-08-04 23:00:00;0.023661094205990135;0.023661094205990135;0.023661094205990135
2022-08-05 00:00:00;0.04342629427115594;0.04342629427115594;0.04342629427115594
2022-08-05 01:00:00;0.04909061913287957;0.04909061913287957;0.04909061913287957
2022-08-05 02:00:00;0.05682349657178616;0.05682349657178616;0.05682349657178616
2022-08-05 03:00:00;0.0525845595567774;0.0525845595567774;0.0525845595567774
2022-08-05 04:00:00;0.05458922367827583;0.05380478561756328;0.0544584840014904
2022-08-05 05:00:00;0.06370937261924865;0.05694920986545384;0.06258267882694951
2022-08-05 06:00:00;0.15616937588621188;0.1304202253675108;0.1518778507997617
2022-08-05 07:00:00;0.2641061362685021;0.2175623471209069;0.2563488380772363
2022-08-05 08:00:00;0.4363451959429374;0.3627047808372081;0.42407179342531587
2022-08-05 09:00:00;0.4935605147789063;0.4164796316009756;0.4807137009159178
2022-08-05 10:00:00;0.6679350035733461;0.5609988334723618;0.6501123085565154
2022-08-05 11:00:00;0.7146708009326519;0.6000575950794335;0.6955685999571156
2022-08-05 12:00:00;0.7342429794140297;0.6151090722610513;0.7143873282218667
2022-08-05 13:00:00;0.7124561722768981;0.5942346919947211;0.6927525922298686
2022-08-05 14:00:00;0.6492348712247561;0.5344563572538884;0.6301051188962781
2022-08-05 15:00:00;0.5225530882143602;0.421944306817402;0.5057849579815339
2022-08-05 16:00:00;0.4009890817863815;0.33272846373191034;0.38961231211063635
2022-08-05 17:00:00;0.2789914611149302;0.2410498196767219;0.2726678542085621
2022-08-05 18:00:00;0.14699137141006363;0.13416938321171712;0.14485437337700588
2022-08-05 19:00:00;0.09985692172952751;0.0994201475836075;0.09978412603854085
2022-08-05 20:00:00;0.046679234171941794;0.046679234171941794;0.046679234171941794
2022-08-05 21:00:00;0.04060373390498784;0.04060373390498784;0.04060373390498784
2022-08-05 22:00:00;0.022831967560709203;0.022831967560709203;0.022831967560709203
2022-08-05 23:00:00;0.03926554066223896;0.03926554066223896;0.03926554066223896
2022-08-06 00:00:00;0.032950077364712;0.032950077364712;0.032950077364712
2022-08-06 01:00:00;0.026855929668710983;0.026855929668710983;0.026855929668710983
2022-08-06 02:00:00;0.02726020763563845;0.02726020763563845;0.02726020763563845
2022-08-06 03:00:00;0.02723028689030461;0.02723028689030461;0.02723028689030461
2022-08-06 04:00:00;0.014639408537232147;0.013902546915436206;0.014516598266932823
2022-08-06 05:00:00;0.050475933383328175;0.03808140698291379;0.048410178983259125
2022-08-06 06:00:00;0.1717960818114888;0.13242625989085258;0.16523444482471614
2022-08-06 07:00:00;0.3025196749056156;0.24431245123070963;0.2928184709597979
2022-08-06 08:00:00;0.4607649420560292;0.36854449283607016;0.4453948671860361
2022-08-06 09:00:00;0.6158458474805137;0.4929522787935616;0.5953635860326884
2022-08-06 10:00:00;0.7083393616834285;0.5771231059186123;0.6864699857226259
2022-08-06 11:00:00;0.7635626792157367;0.6259179807285913;0.740621896134546
2022-08-06 12:00:00;0.8050393580248193;0.6685830714781056;0.7822966436003672
2022-08-06 13:00:00;0.7612641896972124;0.6393595074263457;0.7409467426520681
2022-08-06 14:00:00;0.7029730544641601;0.5999427279403563;0.6858013333768597
2022-08-06 15:00:00;0.5849465289756148;0.5022038447411192;0.571156081603199
2022-08-06 16:00:00;0.44491810522599434;0.3851955245867808;0.43496434178612553
2022-08-06 17:00:00;0.3087453658851543;0.2794275887860975;0.3038590697019781
2022-08-06 18:00:00;0.15092207231216645;0.1433512296056063;0.14966026519440642
2022-08-06 19:00:00;0.08319621711836177;0.08272824054136227;0.08311822102219518
2022-08-06 20:00:00;0.056995718110147725;0.056995718110147725;0.056995718110147725
2022-08-06 21:00:00;0.046196455516106384;0.046196455516106384;0.046196455516106384
2022-08-06 22:00:00;0.03747256834711005;0.03747256834711005;0.03747256834711005
2022-08-06 23:00:00;0.030644252965808923;0.030644252965808923;0.030644252965808923
2022-08-07 00:00:00;0.039814519361386004;0.039814519361386004;0.039814519361386004
2022-08-07 01:00:00;0.05255322450846623;0.05255322450846623;0.05255322450846623
2022-08-07 02:00:00;0.037005279336451334;0.037005279336451334;0.037005279336451334
2022-08-07 03:00:00;0.029546245343178564;0.029546245343178564;0.029546245343178564
2022-08-07 04:00:00;0.025922860068346352;0.02549907152290776;0.02585222864410659
2022-08-07 05:00:00;0.055482357360415395;0.043397479718979524;0.05346821108684275
2022-08-07 06:00:00;0.13637985523844343;0.10923170387752452;0.13185516334495695
2022-08-07 07:00:00;0.2358606199191307;0.1934490185549735;0.22879201969177118
2022-08-07 08:00:00;0.46618840918345944;0.381456697840186;0.4520664572929139
2022-08-07 09:00:00;0.6021465239450117;0.4961546436478715;0.584481210562155
2022-08-07 10:00:00;0.6965801762440228;0.5796027047345662;0.6770839309924467
2022-08-07 11:00:00;0.7425189623645945;0.6117925576618325;0.7207312282474676
2022-08-07 12:00:00;0.3330084496374369;0.2804556379044395;0.3242496476819374
2022-08-07 13:00:00;0.21371816709986127;0.18857163617507114;0.20952707861239625
2022-08-07 14:00:00;0.22213636251222244;0.17985891367013254;0.2150901210385408
2022-08-07 15:00:00;0.1551193622448146;0.13425064404435666;0.15164124254473826
2022-08-07 16:00:00;0.11860193079735411;0.10626204895724349;0.11654528382400235
2022-08-07 17:00:00;0.09685798504635801;0.08993600144371118;0.09570432111258355
2022-08-07 18:00:00;0.0567454168156832;0.05421501109243599;0.05632368252847533
2022-08-07 19:00:00;0.035636303115704974;0.035226967064072606;0.03556808044043291
2022-08-07 20:00:00;0.040298743412112335;0.040298743412112335;0.040298743412112335
2022-08-07 21:00:00;0.02999686790451308;0.02999686790451308;0.02999686790451308
2022-08-07 22:00:00;0.03196023519820724;0.03196023519820724;0.03196023519820724
2022-08-07 23:00:00;0.03444303847183064;0.03444303847183064;0.03444303847183064
2022-08-08 00:00:00;0.04288561468500533;0.04288561468500533;0.04288561468500533
2022-08-08 01:00:00;0.026995411508753252;0.026995411508753252;0.026995411508753252
2022-08-08 02:00:00;0.020944092771383153;0.020944092771383153;0.020944092771383153
2022-08-08 03:00:00;0.023122835883937893;0.023122835883937893;0.023122835883937893
2022-08-08 04:00:00;0.027035047797968066;0.027035047797968066;0.027035047797968066
2022-08-08 05:00:00;0.0344452200938032;0.02980602248342075;0.033672020492072796
2022-08-08 06:00:00;0.04928776673046582;0.04413327461310077;0.04842868471090497
2022-08-08 07:00:00;0.07411685277421523;0.06506543482995984;0.07260828311683933
2022-08-08 08:00:00;0.08773514137723691;0.07410214587579256;0.08546297546032953
2022-08-08 09:00:00;0.1425092874676454;0.12026951466685024;0.1388026586675129
2022-08-08 10:00:00;0.11878243653277357;0.10498134993907599;0.11648225543382397
2022-08-08 11:00:00;0.11633578956121164;0.09984982490950331;0.11358812878592695
2022-08-08 12:00:00;0.07873359601547816;0.06968319140113745;0.07722519524642138
2022-08-08 13:00:00;0.1202442752408742;0.10275510147612178;0.11732941294674877
2022-08-08 14:00:00;0.08677689621888424;0.07578282079754721;0.08494455031532806
2022-08-08 15:00:00;0.06939346454397675;0.06179509953359638;0.06812707037558002
2022-08-08 16:00:00;0.05057119050339207;0.04564724310016416;0.04975053260285409
2022-08-08 17:00:00;0.03409015111274337;0.03209021364963956;0.033756828202226065
2022-08-08 18:00:00;0.023920760475901418;0.023616469350436237;0.023870045288323892
2022-08-08 19:00:00;0.020827457906841096;0.020827457906841096;0.020827457906841096
2022-08-08 20:00:00;0.026322927029086153;0.026322927029086153;0.026322927029086153
2022-08-08 21:00:00;0.020920771132484802;0.020920771132484802;0.020920771132484802
2022-08-08 22:00:00;0.026092894670100623;0.026092894670100623;0.026092894670100623
2022-08-08 23:00:00;0.028303615314896776;0.028303615314896776;0.028303615314896776
2022-08-09 00:00:00;0.026063519745351427;0.026063519745351427;0.026063519745351427
2022-08-09 01:00:00;0.0336576037731441;0.0336576037731441;0.0336576037731441
2022-08-09 02:00:00;0.036305433359357;0.036305433359357;0.036305433359357
2022-08-09 03:00:00;0.03904161705006119;0.03904161705006119;0.03904161705006119
2022-08-09 04:00:00;0.04102455901510777;0.04102455901510777;0.04102455901510777
2022-08-09 05:00:00;0.038205906917276634;0.03591254661390526;0.037823680200048074
2022-08-09 06:00:00;0.049149985379188826;0.04327430673076471;0.048170705604451476
2022-08-09 07:00:00;0.07674453082961442;0.06590784505203674;0.0749384165333515
2022-08-09 08:00:00;0.10586647944474184;0.0891613136499025;0.10308228514560197
2022-08-09 09:00:00;0.11188530663437847;0.09766900621268153;0.10951592323076231
2022-08-09 10:00:00;0.18100416580542109;0.1536250095772347;0.17644097310072338
2022-08-09 11:00:00;0.2525245981067346;0.20935743607672475;0.24533007110173294
2022-08-09 12:00:00;0.32825935435176273;0.26725229636052783;0.3180915113532236
2022-08-09 13:00:00;0.2651423085135984;0.22098363398848303;0.25778252942607915
2022-08-09 14:00:00;0.2785489695754478;0.2286918433272883;0.27023944853408777
2022-08-09 15:00:00;0.24376418961262766;0.1987060757640182;0.23625450397119277
2022-08-09 16:00:00;0.12088005104954379;0.10113462140661261;0.11758914610905526
2022-08-09 17:00:00;0.09360157911722564;0.07969843922766609;0.09128438913563239
2022-08-09 18:00:00;0.04438834244215689;0.03966777179682588;0.043601580667935055
2022-08-09 19:00:00;0.03212174922350737;0.03212174922350737;0.03212174922350737
2022-08-09 20:00:00;0.026436228994197446;0.026436228994197446;0.026436228994197446
2022-08-09 21:00:00;0.037275391832356626;0.037275391832356626;0.037275391832356626
2022-08-09 22:00:00;0.038495323866394066;0.038495323866394066;0.038495323866394066
2022-08-09 23:00:00;0.035477422985780965;0.035477422985780965;0.035477422985780965
2022-08-10 00:00:00;0.03418124402951193;0.03418124402951193;0.03418124402951193
2022-08-10 01:00:00;0.0283720164683228;0.0283720164683228;0.0283720164683228
2022-08-10 02:00:00;0.03218738071647946;0.03218738071647946;0.03218738071647946
2022-08-10 03:00:00;0.025809255736386497;0.025809255736386497;0.025809255736386497
2022-08-10 04:00:00;0.02452873298779948;0.02452873298779948;0.02452873298779948
2022-08-10 05:00:00;0.029340505844828117;0.02720621147752661;0.028984790116944534
2022-08-10 06:00:00;0.05036230898830553;0.043677275040701014;0.049248136663704783
2022-08-10 07:00:00;0.1028378996719919;0.08538560310715826;0.09992918357785296
2022-08-10 08:00:00;0.17100034649713275;0.13923544024922999;0.16570619545581564
2022-08-10 09:00:00;0.39838528399102713;0.3204722544980684;0.38539977907553413
2022-08-10 10:00:00;0.5595563106913357;0.4497810953037137;0.5412604414600655
2022-08-10 11:00:00;0.5343466541571267;0.44019532642393744;0.5186547662015952
2022-08-10 12:00:00;0.5840673074712271;0.48089552302453953;0.5668720100634459
2022-08-10 13:00:00;0.603521626934994;0.5001832854325783;0.5862985700179247
2022-08-10 14:00:00;0.5719772467835894;0.47051289699795507;0.5550665218193171
2022-08-10 15:00:00;0.4696451590089322;0.39621186366280936;0.45740627645124515
2022-08-10 16:00:00;0.2682199070295443;0.23481665859059553;0.2626526989563862
2022-08-10 17:00:00;0.24568178655522266;0.21758070624411513;0.24099827317003808
2022-08-10 18:00:00;0.12940468711640454;0.12127782735309492;0.12805021048918627
2022-08-10 19:00:00;0.07963617325418997;0.07924971879398925;0.07957176417748985
2022-08-10 20:00:00;0.05107096929762759;0.05107096929762759;0.05107096929762759
2022-08-10 21:00:00;0.04672261150531758;0.04672261150531758;0.04672261150531758
2022-08-10 22:00:00;0.037028233948967045;0.037028233948967045;0.037028233948967045
2022-08-10 23:00:00;0.03388709183517406;0.03388709183517406;0.03388709183517406
2022-08-11 00:00:00;0.03135905705189048;0.03135905705189048;0.03135905705189048
2022-08-11 01:00:00;0.02672252933792406;0.02672252933792406;0.02672252933792406
2022-08-11 02:00:00;0.026723784855321835;0.026723784855321835;0.026723784855321835
2022-08-11 03:00:00;0.024671305497402714;0.024671305497402714;0.024671305497402714
2022-08-11 04:00:00;0.018155234374641064;0.017745502445041174;0.018086945719707752
2022-08-11 05:00:00;0.03360010377979096;0.02728575763080471;0.03254771275495993
2022-08-11 06:00:00;0.049213713211968234;0.04245456487838294;0.04808718848970402
2022-08-11 07:00:00;0.1404588856291201;0.11406187964264618;0.13605938463137446
2022-08-11 08:00:00;0.1259483819513466;0.1039868097187046;0.12228811991257293
2022-08-11 09:00:00;0.1663949222107311;0.13576412427601098;0.1612897892216111
2022-08-11 10:00:00;0.24349557455966228;0.19919065104072467;0.2361114206398394
2022-08-11 11:00:00;0.5414051105451092;0.4366745997877406;0.5239500254188811
2022-08-11 12:00:00;0.6459883613426513;0.5225571475276347;0.6254164923734818
2022-08-11 13:00:00;0.42327291825328095;0.3444961042576929;0.4101434492540164
2022-08-11 14:00:00;0.4858844969616511;0.3878655775700931;0.46954801039639155
2022-08-11 15:00:00;0.45254473449230176;0.36286493128817443;0.4375981006249472
2022-08-11 16:00:00;0.3203633311104672;0.2590938704720107;0.3101517543373912
2022-08-11 17:00:00;0.10252771915631471;0.09078133384630402;0.10056998827131293
2022-08-11 18:00:00;0.11303867402383702;0.1047321183344268;0.11165424807560198
2022-08-11 19:00:00;0.12524441947441312;0.12524441947441312;0.12524441947441312
2022-08-11 20:00:00;0.07293319272667916;0.07293319272667916;0.07293319272667916
2022-08-11 21:00:00;0.05071976174139656;0.05071976174139656;0.05071976174139656
2022-08-11 22:00:00;0.06437275484048312;0.06437275484048312;0.06437275484048312
2022-08-11 23:00:00;0.05370688128678541;0.05370688128678541;0.05370688128678541
2022-08-12 00:00:00;0.0353197623344202;0.0353197623344202;0.0353197623344202
2022-08-12 01:00:00;0.02955415115015298;0.02955415115015298;0.02955415115015298
2022-08-12 02:00:00;0.020585083742902317;0.020585083742902317;0.020585083742902317
2022-08-12 03:00:00;0.020322857650911352;0.020322857650911352;0.020322857650911352
2022-08-12 04:00:00;0.014932364167239748;0.014557807169445604;0.014869938000940726
2022-08-12 05:00:00;0.03411400010784121;0.02506649864086746;0.03260608319667892
2022-08-12 06:00:00;0.1342983272646743;0.10331936790659024;0.12913516737166028
2022-08-12 07:00:00;0.273336090735087;0.21774753599313887;0.264071331611429
2022-08-12 08:00:00;0.23026455490081457;0.19444461304915325;0.22429456459220437
2022-08-12 09:00:00;0.27522424365102294;0.23320030375811715;0.268220253668872
2022-08-12 10:00:00;0.4569887574258991;0.3717700323232063;0.4427856365754504
2022-08-12 11:00:00;0.34843628582330355;0.29167881724635575;0.3389767077271456
2022-08-12 12:00:00;0.42777158079711136;0.3526160227618349;0.4152456544578987
2022-08-12 13:00:00;0.3770698750960546;0.31253025227075054;0.3663132712918373
2022-08-12 14:00:00;0.25174189381079554;0.21326726799677873;0.24532945617512605
2022-08-12 15:00:00;0.2588765125102534;0.2232554919419265;0.2529396757488656
2022-08-12 16:00:00;0.19827843849138016;0.1624462303150335;0.19230640379532238
2022-08-12 17:00:00;0.10876400226296953;0.09406090289889601;0.10631348570229063
2022-08-12 18:00:00;0.04175832078727335;0.03978193841990438;0.04142892372604519
2022-08-12 19:00:00;0.044470044183192184;0.044470044183192184;0.044470044183192184
2022-08-12 20:00:00;0.03126001232017903;0.03126001232017903;0.03126001232017903
2022-08-12 21:00:00;0.03241078364120692;0.03241078364120692;0.03241078364120692
2022-08-12 22:00:00;0.037040411015265666;0.037040411015265666;0.037040411015265666
2022-08-12 23:00:00;0.02681737456187624;0.02681737456187624;0.02681737456187624
2022-08-13 00:00:00;0.02898132938421139;0.02898132938421139;0.02898132938421139
2022-08-13 01:00:00;0.030974137145568133;0.030974137145568133;0.030974137145568133
2022-08-13 02:00:00;0.029179378614855013;0.029179378614855013;0.029179378614855013
2022-08-13 03:00:00;0.026075341281938818;0.026075341281938818;0.026075341281938818
2022-08-13 04:00:00;0.01855121871757193;0.018199853334826363;0.018492657820447667
2022-08-13 05:00:00;0.03873441963232328;0.027587961151690262;0.03687667655221779
2022-08-13 06:00:00;0.14207026246380697;0.11334039495248242;0.13728195121191955
2022-08-13 07:00:00;0.2804029600660908;0.22440902412731176;0.2710706374096276
2022-08-13 08:00:00;0.40535381231627177;0.3312604690402521;0.3930049217702685
2022-08-13 09:00:00;0.5618632614931973;0.4551420003139047;0.5440763846299819
2022-08-13 10:00:00;0.6428298709056767;0.5249559716466762;0.6231842210291766
2022-08-13 11:00:00;0.4853743243477011;0.40607494573673714;0.47215776124587383
2022-08-13 12:00:00;;;
2022-08-13 13:00:00;0.313363853572827;0.2589616901742055;0.3042968263397234
2022-08-13 14:00:00;0.6374937150363695;0.5192618642736815;0.6177884065759215
2022-08-13 15:00:00;0.49438162987187956;0.39559380219022333;0.47791699192493686
2022-08-13 16:00:00;0.37060338116541075;0.3075626853276425;0.3600965985257828
2022-08-13 17:00:00;0.24658026911701025;0.21361120541669554;0.2410854251669578
2022-08-13 18:00:00;0.13232416064897573;0.12385391004695447;0.13091245221530554
2022-08-13 19:00:00;0.06859998630033598;0.06859998630033598;0.06859998630033598
2022-08-13 20:00:00;0.0273242092716712;0.0273242092716712;0.0273242092716712
2022-08-13 21:00:00;0.034897576493284746;0.034897576493284746;0.034897576493284746
2022-08-13 22:00:00;0.030466380180244317;0.030466380180244317;0.030466380180244317
2022-08-13 23:00:00;0.03357820226360675;0.03357820226360675;0.03357820226360675
2022-08-14 00:00:00;0.02903750901166336;0.02903750901166336;0.02903750901166336
2022-08-14 01:00:00;0.027360426004618913;0.027360426004618913;0.027360426004618913
2022-08-14 02:00:00;0.029338517689194817;0.029338517689194817;0.029338517689194817
2022-08-14 03:00:00;0.02740784271875195;0.02740784271875195;0.02740784271875195
2022-08-14 04:00:00;0.02061525832521789;0.020267142622370008;0.02055723904140991
2022-08-14 05:00:00;0.03746762901648059;0.02879814284633398;0.03602271465478949
2022-08-14 06:00:00;0.14334227649044137;0.1115601698474699;0.1380452587166128
2022-08-14 07:00:00;0.2869576233854915;0.22796850595769813;0.2771261038141926
2022-08-14 08:00:00;0.44437439422871583;0.3550554915531736;0.4294879104494588
2022-08-14 09:00:00;0.571830489889834;0.4610362794819366;0.5533647881551843
2022-08-14 10:00:00;0.6638443393380336;0.5409757794431416;0.6433662460222183
2022-08-14 11:00:00;0.7535638049055515;0.6143195131453502;0.7303564229455182
2022-08-14 12:00:00;0.7763091429099551;0.6227978772477888;0.7507239319662609
2022-08-14 13:00:00;0.7346258130398402;0.6129901382398573;0.7143532005731764
2022-08-14 14:00:00;0.6447220294375481;0.5290350485987525;0.6254408659644155
2022-08-14 15:00:00;0.5288162683836922;0.43886705287583977;0.5138247324657168
2022-08-14 16:00:00;0.39977883796154534;0.3416091585230772;0.3900838913884673
2022-08-14 17:00:00;0.24554075963916605;0.21460475210890673;0.24038475838412285
2022-08-14 18:00:00;0.167291992493787;0.1601337934065232;0.1660989593125764
2022-08-14 19:00:00;0.08555368646692886;0.08555368646692886;0.08555368646692886
2022-08-14 20:00:00;0.041826880355508474;0.041826880355508474;0.041826880355508474
2022-08-14 21:00:00;0.03934287165520125;0.03934287165520125;0.03934287165520125
2022-08-14 22:00:00;0.0268127626432025;0.0268127626432025;0.0268127626432025
2022-08-14 23:00:00;0.029328453280112066;0.029328453280112066;0.029328453280112066
2022-08-15 00:00:00;0.02583298324158889;0.02583298324158889;0.02583298324158889
2022-08-15 01:00:00;0.025878442216797436;0.025878442216797436;0.025878442216797436
2022-08-15 02:00:00;0.02372753949940529;0.02372753949940529;0.02372753949940529
2022-08-15 03:00:00;0.022484816509096377;0.022484816509096377;0.022484816509096377
2022-08-15 04:00:00;0.016190644175323666;0.015818791364045307;0.01612866870677727
2022-08-15 05:00:00;0.034899529703211876;0.024986210265078888;0.03324730979685638
2022-08-15 06:00:00;0.125683288872442;0.09841922072005482;0.12113927751371083
2022-08-15 07:00:00;0.26985050460288773;0.21258798262610806;0.2603067509400911
2022-08-15 08:00:00;0.40931820106852623;0.32730342720713895;0.39564907209162836
2022-08-15 09:00:00;0.5635297008706551;0.4519948844064034;0.5449405647932798
2022-08-15 10:00:00;0.6930610163889899;0.5581653352060939;0.6705784028585071
2022-08-15 11:00:00;0.7277988918820761;0.5953633724848169;0.7057263053158664
2022-08-15 12:00:00;0.7495712930861477;0.617080512052962;0.7274894962472834
2022-08-15 13:00:00;0.7170467425667063;0.5879703577095483;0.6955340117571799
2022-08-15 14:00:00;0.639926744375709;0.5198501323512499;0.6199139757049658
2022-08-15 15:00:00;0.5098189764181944;0.41197619002692754;0.49351184535298326
2022-08-15 16:00:00;0.3915594778111568;0.33345652384961405;0.38187565215089964
2022-08-15 17:00:00;0.22196841669691603;0.1908142076714249;0.21677604852600088
2022-08-15 18:00:00;0.07908189559739577;0.07295723697215407;0.0780611191598555
2022-08-15 19:00:00;0.05010134980450525;0.05010134980450525;0.05010134980450525
2022-08-15 20:00:00;0.037769815739998644;0.037769815739998644;0.037769815739998644
2022-08-15 21:00:00;0.0324785601629682;0.0324785601629682;0.0324785601629682
2022-08-15 22:00:00;0.034791703970626565;0.034791703970626565;0.034791703970626565
2022-08-15 23:00:00;0.029530279802989653;0.029530279802989653;0.029530279802989653
2022-08-16 00:00:00;0.029868995493117494;0.029868995493117494;0.029868995493117494
2022-08-16 01:00:00;0.026307485262945535;0.026307485262945535;0.026307485262945535
2022-08-16 02:00:00;0.02729248760974682;0.02729248760974682;0.02729248760974682
2022-08-16 03:00:00;0.026973998768020705;0.026973998768020705;0.026973998768020705
2022-08-16 04:00:00;0.0220721911018429;0.021710114767232603;0.022011845046074518
2022-08-16 05:00:00;0.03656917015385694;0.027007837709057233;0.03497561474639033
2022-08-16 06:00:00;0.13883920584372642;0.11053314918033405;0.13412152973316105
2022-08-16 07:00:00;0.2957503301563685;0.2343630071217179;0.28551910965059346
2022-08-16 08:00:00;0.37897846063942;0.3183060356719427;0.3688663898115071
2022-08-16 09:00:00;0.576356322764546;0.4747285221501117;0.5594183559954736
2022-08-16 10:00:00;0.6543294097238038;0.5431962044671512;0.6358072088476951
2022-08-16 11:00:00;0.7252161421021625;0.6019288127062005;0.704668253869502
2022-08-16 12:00:00;0.7404304087657516;0.6094043691777076;0.7185927355010776
2022-08-16 13:00:00;0.6916832291222773;0.5718345782607243;0.6717084539786852
2022-08-16 14:00:00;0.6250141172338667;0.5210333535700545;0.6076839899565648
2022-08-16 15:00:00;0.5126441726991242;0.43170766071674355;0.4991547540353941
2022-08-16 16:00:00;0.39826516885860175;0.3473203193816552;0.3897743606124441
2022-08-16 17:00:00;0.22395120293244022;0.20416466902389102;0.22065344728101535
2022-08-16 18:00:00;0.09976111211294554;0.0945104156526914;0.09888599603623652
2022-08-16 19:00:00;0.05961494906680276;0.05961494906680276;0.05961494906680276
2022-08-16 20:00:00;0.05891703241496468;0.05891703241496468;0.05891703241496468
2022-08-16 21:00:00;0.060051728588342485;0.060051728588342485;0.060051728588342485
2022-08-16 22:00:00;0.04115300723776162;0.04115300723776162;0.04115300723776162
2022-08-16 23:00:00;0.031568663270191887;0.031568663270191887;0.031568663270191887
2022-08-17 00:00:00;0.03329517077779478;0.03329517077779478;0.03329517077779478
2022-08-17 01:00:00;0.03127647667064171;0.03127647667064171;0.03127647667064171
2022-08-17 02:00:00;0.029402872406046214;0.029402872406046214;0.029402872406046214
2022-08-17 03:00:00;0.026219674940570495;0.026219674940570495;0.026219674940570495
2022-08-17 04:00:00;0.02669250259743297;0.02669250259743297;0.02669250259743297
2022-08-17 05:00:00;0.032446600132230434;0.026902366140610746;0.031522561133627156
2022-08-17 06:00:00;0.08739324197999906;0.07035223489095799;0.08455307413182554
2022-08-17 07:00:00;0.15746690796694635;0.12761281261500246;0.15249122540828905
2022-08-17 08:00:00;0.3151406032868831;0.2574237741834036;0.3055211317696365
2022-08-17 09:00:00;0.5397472179937094;0.4397406989930274;0.523079464826929
2022-08-17 10:00:00;0.48409129990211847;0.40104118519976173;0.47024961411839244
2022-08-17 11:00:00;0.6229999306586756;0.5143692598706281;0.6048948188606678
2022-08-17 12:00:00;0.6826827131785403;0.5591357390319117;0.6620915508207689
2022-08-17 13:00:00;0.5695918518365408;0.4762412809201911;0.5540334233504827
2022-08-17 14:00:00;0.3562716211151129;0.3001248478155612;0.34691382556518763
2022-08-17 15:00:00;0.2750024130954299;0.2379007996668092;0.26881881085732645
2022-08-17 16:00:00;0.1289379589972139;0.10812759687147898;0.1254695653095914
2022-08-17 17:00:00;0.07122846689872175;0.05906276488246283;0.06920084989601194
2022-08-17 18:00:00;0.02740753206885165;0.025131996181994735;0.02702827608770883
2022-08-17 19:00:00;0.026064459339261832;0.026064459339261832;0.026064459339261832
2022-08-17 20:00:00;0.04412333731908792;0.04412333731908792;0.04412333731908792
2022-08-17 21:00:00;0.04301402579256327;0.04301402579256327;0.04301402579256327
2022-08-17 22:00:00;0.03137743709373088;0.03137743709373088;0.03137743709373088
2022-08-17 23:00:00;0.03476767091809961;0.03476767091809961;0.03476767091809961
2022-08-18 00:00:00;0.04131851274451411;0.04131851274451411;0.04131851274451411
2022-08-18 01:00:00;0.04520341729638473;0.04520341729638473;0.04520341729638473
2022-08-18 02:00:00;0.0417568749773926;0.0417568749773926;0.0417568749773926
2022-08-18 03:00:00;0.06293383378892209;0.06293383378892209;0.06293383378892209
2022-08-18 04:00:00;0.07392137057060202;0.07392137057060202;0.07392137057060202
2022-08-18 05:00:00;0.10567135710521683;0.10436740555961355;0.10545403184761629
2022-08-18 06:00:00;0.1091955910924952;0.1025967649603199;0.10809578673713265
2022-08-18 07:00:00;0.14473341769859935;0.12986201464661284;0.14225485052326825
2022-08-18 08:00:00;0.18417484831244518;0.16087481738472045;0.18029150982449108
2022-08-18 09:00:00;0.17343301848189593;0.15055776401767512;0.16962047607119246
2022-08-18 10:00:00;0.19160885866842253;0.1631836557579618;0.18687132485001243
2022-08-18 11:00:00;0.23151973883427598;0.19350882652982404;0.22518458678353398
2022-08-18 12:00:00;0.2159775124075465;0.17894430300441375;0.20980531084035775
2022-08-18 13:00:00;0.1810009410947842;0.1503649341759804;0.17589493994165029
2022-08-18 14:00:00;0.177335197463035;0.1474405705329781;0.17235275964135885
2022-08-18 15:00:00;0.15230501942040087;0.12986775160084452;0.14856547478380813
2022-08-18 16:00:00;0.12825199435641904;0.11022384239061384;0.12524730236211817
2022-08-18 17:00:00;0.08504077712740393;0.07673887039198962;0.08365712600483488
2022-08-18 18:00:00;0.04638810146878573;0.045280902459859475;0.046203568300631354
2022-08-18 19:00:00;0.040661273672292025;0.040661273672292025;0.040661273672292025
2022-08-18 20:00:00;0.051122436893465184;0.051122436893465184;0.051122436893465184
2022-08-18 21:00:00;0.04972880468174783;0.04972880468174783;0.04972880468174783
2022-08-18 22:00:00;0.030588228842071925;0.030588228842071925;0.030588228842071925
2022-08-18 23:00:00;0.0297099599534535;0.0297099599534535;0.0297099599534535
2022-08-19 00:00:00;0.026418240073652496;0.026418240073652496;0.026418240073652496
2022-08-19 01:00:00;0.02905710021690151;0.02905710021690151;0.02905710021690151
2022-08-19 02:00:00;0.0290013734796883;0.0290013734796883;0.0290013734796883
2022-08-19 03:00:00;0.028487931855006036;0.028487931855006036;0.028487931855006036
2022-08-19 04:00:00;0.027114424605718068;0.027114424605718068;0.027114424605718068
2022-08-19 05:00:00;0.029358936467104434;0.024175585591652508;0.028495044654529116
2022-08-19 06:00:00;0.10321540527273972;0.08242985945765133;0.09975114763689165
2022-08-19 07:00:00;0.2639765445026607;0.2096492849561228;0.25492200124490444
2022-08-19 08:00:00;0.4185926351906096;0.33972903108156444;0.4054487011724354
2022-08-19 09:00:00;0.575213519282409;0.4634862403675221;0.5565923061299278
2022-08-19 10:00:00;0.6151340451528535;0.5048859882435826;0.5967593690013083
2022-08-19 11:00:00;0.6611303332876909;0.5434604217354446;0.6415186813623165
2022-08-19 12:00:00;0.6879747339104664;0.571674076296373;0.6685912909747843
2022-08-19 13:00:00;0.6668730987855436;0.555875775255353;0.6483735448638452
2022-08-19 14:00:00;0.578522102174207;0.4834486219854228;0.5626765221427429
2022-08-19 15:00:00;0.4701264431541189;0.3931183217546488;0.4572917562542072
2022-08-19 16:00:00;0.27251523404468503;0.2193728399398687;0.26365816836054895
2022-08-19 17:00:00;0.20650343909487368;0.18204364898401915;0.20242680740973126
2022-08-19 18:00:00;0.10366796178180258;0.10235729737824571;0.10344951771454308
2022-08-19 19:00:00;0.12394981244045783;0.12394981244045783;0.12394981244045783
2022-08-19 20:00:00;0.06552261956475108;0.06552261956475108;0.06552261956475108
2022-08-19 21:00:00;0.028430036698795024;0.028430036698795024;0.028430036698795024
2022-08-19 22:00:00;0.03661657508291309;0.03661657508291309;0.03661657508291309
2022-08-19 23:00:00;0.022415782015036214;0.022415782015036214;0.022415782015036214
2022-08-20 00:00:00;0.03197550928440042;0.03197550928440042;0.03197550928440042
2022-08-20 01:00:00;0.02696616393509777;0.02696616393509777;0.02696616393509777
2022-08-20 02:00:00;0.02185018467599731;0.02185018467599731;0.02185018467599731
2022-08-20 03:00:00;0.02342973953117269;0.02342973953117269;0.02342973953117269
2022-08-20 04:00:00;0.021199655584828003;0.021199655584828003;0.021199655584828003
2022-08-20 05:00:00;0.02980684189297183;0.02094318002098346;0.028329564914307107
2022-08-20 06:00:00;0.1396543533803675;0.10746517712550542;0.13428949067122384
2022-08-20 07:00:00;0.28241279725284024;0.22342706766985806;0.2725818423223433
2022-08-20 08:00:00;0.4155636906691835;0.33319814578568824;0.40183609985526775
2022-08-20 09:00:00;0.5719475705224029;0.4578549630246098;0.5529321359394374
2022-08-20 10:00:00;0.6479770912613193;0.5284697315170673;0.6280591979706106
2022-08-20 11:00:00;0.6850708215005193;0.5638976352847592;0.6648752904645593
2022-08-20 12:00:00;0.6976188513784519;0.5803511700897168;0.6780742378303294
2022-08-20 13:00:00;0.6762263044320533;0.5667729498926259;0.6579840786754821
2022-08-20 14:00:00;0.6054554043103668;0.5106514595156296;0.5896547468445773
2022-08-20 15:00:00;0.5161991704731749;0.4372906347677302;0.5030477478556008
2022-08-20 16:00:00;0.3968588972796243;0.3431225154282531;0.3879028336377292
2022-08-20 17:00:00;0.23760328637492692;0.21108519056615446;0.23318360374013156
2022-08-20 18:00:00;0.10611328142209187;0.10124910355020017;0.10530258511010993
2022-08-20 19:00:00;0.05618445941239306;0.05618445941239306;0.05618445941239306
2022-08-20 20:00:00;0.02903071624726018;0.02903071624726018;0.02903071624726018
2022-08-20 21:00:00;0.026135635582016738;0.026135635582016738;0.026135635582016738
2022-08-20 22:00:00;0.022870963670333887;0.022870963670333887;0.022870963670333887
2022-08-20 23:00:00;0.02312311842149442;0.02312311842149442;0.02312311842149442
2022-08-21 00:00:00;0.020201921656831656;0.020201921656831656;0.020201921656831656
2022-08-21 01:00:00;0.0205856124446175;0.0205856124446175;0.0205856124446175
2022-08-21 02:00:00;0.020668536197313285;0.020668536197313285;0.020668536197313285
2022-08-21 03:00:00;0.020129014878196565;0.020129014878196565;0.020129014878196565
2022-08-21 04:00:00;0.022881268499281918;0.022881268499281918;0.022881268499281918
2022-08-21 05:00:00;0.03401345416270568;0.02717122848664394;0.03287308321669539
2022-08-21 06:00:00;0.12475430780049725;0.09804614568151729;0.12030294744733394
2022-08-21 07:00:00;0.2659596724984078;0.21203697964910162;0.25697255702352345
2022-08-21 08:00:00;0.37383489128299974;0.3013911522298834;0.36176093477414695
2022-08-21 09:00:00;0.2667670652421463;0.22218107998755707;0.25933606769971473
2022-08-21 10:00:00;0.4428147912450172;0.3644008418103469;0.42974579967257226
2022-08-21 11:00:00;0.6477094770456497;0.5321762752645015;0.6284539434154585
2022-08-21 12:00:00;0.6568060989268728;0.5456617914513683;0.6382820476809555
2022-08-21 13:00:00;0.6274282374242751;0.5148162984859084;0.6086595809345472
2022-08-21 14:00:00;0.5042023214382605;0.4243048227212723;0.4908860716520958
2022-08-21 15:00:00;0.26841985034364985;0.24142957856681596;0.2639214717141775
2022-08-21 16:00:00;0.11592816579996922;0.11277231997145483;0.11540219149521681
2022-08-21 17:00:00;0.040804624493657855;0.037501275832135854;0.0402540663834042
2022-08-21 18:00:00;0.01513302458647768;0.011183097363335113;0.014474703382620588
2022-08-21 19:00:00;0.02551239299155151;0.02551239299155151;0.02551239299155151
2022-08-21 20:00:00;0.020635691422193823;0.020635691422193823;0.020635691422193823
2022-08-21 21:00:00;0.02110130003124726;0.02110130003124726;0.02110130003124726
2022-08-21 22:00:00;0.019815583386384974;0.019815583386384974;0.019815583386384974
2022-08-21 23:00:00;0.019895697148421765;0.019895697148421765;0.019895697148421765
2022-08-22 00:00:00;0.019760918528692387;0.019760918528692387;0.019760918528692387
2022-08-22 01:00:00;0.019080210132811276;0.019080210132811276;0.019080210132811276
2022-08-22 02:00:00;0.02046519821099737;0.02046519821099737;0.02046519821099737
2022-08-22 03:00:00;0.019663158653121775;0.019663158653121775;0.019663158653121775
2022-08-22 04:00:00;0.019720842568751947;0.019720842568751947;0.019720842568751947
2022-08-22 05:00:00;0.021450280786110103;0.020209339338979834;0.02124345721158839
2022-08-22 06:00:00;0.04338796706747649;0.03701438070572887;0.04232570267385189
2022-08-22 07:00:00;0.09006293562044185;0.07389176694810887;0.08736774084171968
2022-08-22 08:00:00;0.37825290462735256;0.30019575472995813;0.36524337964445347
2022-08-22 09:00:00;0.4767397518809476;0.382539002848747;0.46103962704224755
2022-08-22 10:00:00;0.4791128034007214;0.3863518139407888;0.4636526384907327
2022-08-22 11:00:00;0.5529878938733588;0.4506463528063984;0.5359309703621988
2022-08-22 12:00:00;0.51052101029441;0.4152680213954053;0.49464551214457597
2022-08-22 13:00:00;0.4114719273665228;0.33409090461085056;0.39857509024057747
2022-08-22 14:00:00;0.17343284753071606;0.14235122366805822;0.16825257688693976
2022-08-22 15:00:00;0.09167069221646751;0.07758493441026865;0.08932306591543439
2022-08-22 16:00:00;0.06402820229469033;0.055981149795827544;0.0626870268782132
2022-08-22 17:00:00;0.047600999245802134;0.0407358265213208;0.04645680379172192
2022-08-22 18:00:00;0.02164316663061607;0.020242768661323362;0.02140976696906729
2022-08-22 19:00:00;0.022836410211930246;0.022836410211930246;0.022836410211930246
2022-08-22 20:00:00;0.018755084646319878;0.018755084646319878;0.018755084646319878
2022-08-22 21:00:00;0.01886527399117822;0.01886527399117822;0.01886527399117822
2022-08-22 22:00:00;0.01851012571773202;0.01851012571773202;0.01851012571773202
2022-08-22 23:00:00;0.02080477120947064;0.02080477120947064;0.02080477120947064
2022-08-23 00:00:00;0.020119308067424214;0.020119308067424214;0.020119308067424214
2022-08-23 01:00:00;0.023654024654889833;0.023654024654889833;0.023654024654889833
2022-08-23 02:00:00;0.02293652749731955;0.02293652749731955;0.02293652749731955
2022-08-23 03:00:00;0.024529933911969712;0.024529933911969712;0.024529933911969712
2022-08-23 04:00:00;0.02524243468323668;0.02524243468323668;0.02524243468323668
2022-08-23 05:00:00;0.027156146438438684;0.025509108596706048;0.026881640131483246
2022-08-23 06:00:00;0.05478382519053291;0.047127476782334844;0.053507767122499904
2022-08-23 07:00:00;0.11020905659940572;0.09062907362421653;0.10694572610354088
2022-08-23 08:00:00;0.1728481446433314;0.14196465223041757;0.1677008959078458
2022-08-23 09:00:00;0.20160457973758003;0.16509378868574895;0.1955194478956082
2022-08-23 10:00:00;0.2287767289405562;0.1892672441154752;0.22219181480304268
2022-08-23 11:00:00;0.23860476439525793;0.20140380416917095;0.2324046043575768
2022-08-23 12:00:00;0.20104610229607695;0.17173774917846088;0.19616137677647424
2022-08-23 13:00:00;0.224558795468477;0.18890232148497482;0.21861604980456
2022-08-23 14:00:00;0.3737045585327181;0.3090443551103568;0.3629278579623246
2022-08-23 15:00:00;0.2687964780964593;0.22992741083684778;0.2623183002198574
2022-08-23 16:00:00;0.12858768860474568;0.11592969447268425;0.12647802291606877
2022-08-23 17:00:00;0.08628306733053777;0.08045429933831633;0.08531160599850088
2022-08-23 18:00:00;0.030820202981911553;0.02808344986787445;0.03036407746290537
2022-08-23 19:00:00;0.02558766790373566;0.02558766790373566;0.02558766790373566
2022-08-23 20:00:00;0.02313585669427688;0.02313585669427688;0.02313585669427688
2022-08-23 21:00:00;0.020936577908460822;0.020936577908460822;0.020936577908460822
2022-08-23 22:00:00;0.01967286221448556;0.01967286221448556;0.01967286221448556
2022-08-23 23:00:00;0.019929959027820746;0.019929959027820746;0.019929959027820746
2022-08-24 00:00:00;0.01967286221448556;0.01967286221448556;0.01967286221448556
2022-08-24 01:00:00;0.02106052079907431;0.02106052079907431;0.02106052079907431
2022-08-24 02:00:00;0.023378805028964333;0.023378805028964333;0.023378805028964333
2022-08-24 03:00:00;0.019736297552607984;0.019736297552607984;0.019736297552607984
2022-08-24 04:00:00;0.020937052560993045;0.020937052560993045;0.020937052560993045
2022-08-24 05:00:00;0.021392648799004987;0.019555571715186192;0.021086469285035186
2022-08-24 06:00:00;0.060597590084576075;0.04975370424161639;0.05879027577741614
2022-08-24 07:00:00;0.12301574428358873;0.09993819383514856;0.11916948587551537
2022-08-24 08:00:00;0.2545819897795087;0.20417867096946893;0.24618143664450212
2022-08-24 09:00:00;0.3750876229771915;0.3019864030888947;0.362904086329142
2022-08-24 10:00:00;0.4541841113139875;0.3662276131407404;0.4395246949517797
2022-08-24 11:00:00;0.5510500308171971;0.4489328829535334;0.5340305061732532
2022-08-24 12:00:00;0.6974328147874403;0.5683373440407049;0.6759169029963178
2022-08-24 13:00:00;0.6778973138861139;0.5605189417238715;0.6583342518590736
2022-08-24 14:00:00;0.45343816029159756;0.38711482421444826;0.44238427094540606
2022-08-24 15:00:00;0.16130799835844373;0.13664369110061153;0.15719728048213838
2022-08-24 16:00:00;0.19176992731065085;0.15576337744649393;0.18576883566662472
2022-08-24 17:00:00;0.1315948244597242;0.10738338000818605;0.1275595837178012
2022-08-24 18:00:00;0.03333593646979093;0.03186791489586761;0.03309126620747038
2022-08-24 19:00:00;0.02617511599867882;0.02617511599867882;0.02617511599867882
2022-08-24 20:00:00;0.030378119408138487;0.030378119408138487;0.030378119408138487
2022-08-24 21:00:00;0.07103562711871535;0.07103562711871535;0.07103562711871535
2022-08-24 22:00:00;0.06335559271038041;0.06335559271038041;0.06335559271038041
2022-08-24 23:00:00;0.06016320434706035;0.06016320434706035;0.06016320434706035
2022-08-25 00:00:00;0.05884381447054741;0.05884381447054741;0.05884381447054741
2022-08-25 01:00:00;0.048422795026459374;0.048422795026459374;0.048422795026459374
2022-08-25 02:00:00;0.04799115271454693;0.04799115271454693;0.04799115271454693
2022-08-25 03:00:00;0.052994510296099084;0.052994510296099084;0.052994510296099084
2022-08-25 04:00:00;0.055541988243477204;0.055541988243477204;0.055541988243477204
2022-08-25 05:00:00;0.031153556711714988;0.025277802304749745;0.03017426431055412
2022-08-25 06:00:00;0.12121701692833381;0.09504539337220796;0.11685507966897951
2022-08-25 07:00:00;0.24310422438861637;0.19563997331653019;0.23519351587660198
2022-08-25 08:00:00;0.36238742565226256;0.29724804171541913;0.35153086166278863
2022-08-25 09:00:00;0.4659308332311643;0.3836179195466451;0.4522120142837443
2022-08-25 10:00:00;0.5862182896354488;0.4765251048693678;0.5679360921744351
2022-08-25 11:00:00;0.5593485450658905;0.4524256339502704;0.5415280598799539
2022-08-25 12:00:00;0.5920632059121458;0.4817995152007071;0.573685924126906
2022-08-25 13:00:00;0.4384152919569035;0.3691799219067458;0.4268760636152106
2022-08-25 14:00:00;0.46605449513231295;0.38351607322687237;0.4522980914814062
2022-08-25 15:00:00;0.27211785153426105;0.2297139704821094;0.26505053802556916
2022-08-25 16:00:00;0.195975321670404;0.1694551083737882;0.19155528612096803
2022-08-25 17:00:00;0.10023967582463934;0.08793170410839314;0.09818834720526498
2022-08-25 18:00:00;0.04108566624255693;0.0397047666298761;0.04085551630711013
2022-08-25 19:00:00;0.0372788135711209;0.0372788135711209;0.0372788135711209
2022-08-25 20:00:00;0.04140122847997953;0.04140122847997953;0.04140122847997953
2022-08-25 21:00:00;0.027705547384775434;0.027705547384775434;0.027705547384775434
2022-08-25 22:00:00;0.035031035284843186;0.035031035284843186;0.035031035284843186
2022-08-25 23:00:00;0.031871301751823046;0.031871301751823046;0.031871301751823046
2022-08-26 00:00:00;0.041998777966249144;0.041998777966249144;0.041998777966249144
2022-08-26 01:00:00;0.05209788572655428;0.05209788572655428;0.05209788572655428
2022-08-26 02:00:00;0.029509836193411073;0.029509836193411073;0.029509836193411073
2022-08-26 03:00:00;0.025832114349287703;0.025832114349287703;0.025832114349287703
2022-08-26 04:00:00;0.02038765369083042;0.02038765369083042;0.02038765369083042
2022-08-26 05:00:00;0.020772789929275517;0.01912855087087387;0.020498750086208578
2022-08-26 06:00:00;0.056277342128942344;0.04848870237051041;0.05497923550253702
2022-08-26 07:00:00;0.0711117202569773;0.06298351157288105;0.06975701880962792
2022-08-26 08:00:00;0.11781238831614924;0.0975876149282637;0.11444159275150166
2022-08-26 09:00:00;0.08783002997982882;0.07569351531598592;0.08580727753585501
2022-08-26 10:00:00;0.0767116259839053;0.06680449916128876;0.07506043818013587
2022-08-26 11:00:00;0.05869258566919067;0.051539967705850225;0.05750048267530059
2022-08-26 12:00:00;0.05416849907876262;0.047293376089414405;0.0530226452472046
2022-08-26 13:00:00;0.1983327073210665;0.16150961211448367;0.19219552478663604
2022-08-26 14:00:00;0.18434206916696053;0.15500239616397152;0.17945212366646235
2022-08-26 15:00:00;0.14036904730433886;0.11834590348155512;0.13669852333387492
2022-08-26 16:00:00;0.08767693877196761;0.07720144690400295;0.08593102346064017
2022-08-26 17:00:00;0.05476718732956566;0.04758416462653169;0.053570016879059996
2022-08-26 18:00:00;0.028672657851799774;0.02788360721856232;0.028541149412926868
2022-08-26 19:00:00;0.028278583143081102;0.028278583143081102;0.028278583143081102
2022-08-26 20:00:00;0.02102490925353994;0.02102490925353994;0.02102490925353994
2022-08-26 21:00:00;0.02075774494770156;0.02075774494770156;0.02075774494770156
2022-08-26 22:00:00;0.019876273313547348;0.019876273313547348;0.019876273313547348
2022-08-26 23:00:00;0.019865412069761428;0.019865412069761428;0.019865412069761428
2022-08-27 00:00:00;0.02310834264692799;0.02310834264692799;0.02310834264692799
2022-08-27 01:00:00;0.021647920112982624;0.021647920112982624;0.021647920112982624
2022-08-27 02:00:00;0.025060069578143284;0.025060069578143284;0.025060069578143284
2022-08-27 03:00:00;0.02584942963171908;0.02584942963171908;0.02584942963171908
2022-08-27 04:00:00;0.02802633361500968;0.02802633361500968;0.02802633361500968
2022-08-27 05:00:00;0.029797729897589567;0.026993057724281726;0.029330284535371596
2022-08-27 06:00:00;0.06936807647908798;0.05847397792694789;0.06755239338706463
2022-08-27 07:00:00;0.15677867759895356;0.13050249121402627;0.1523993132014657
2022-08-27 08:00:00;0.28951599634503855;0.2384668059189449;0.2810077979406897
2022-08-27 09:00:00;0.32558238245100846;0.2695923506059605;0.3162507104768338
2022-08-27 10:00:00;0.4026743285070477;0.33093078958376543;0.39071707201983397
2022-08-27 11:00:00;0.5089602280915175;0.4134966164099111;0.49304962614458314
2022-08-27 12:00:00;0.5692991153448217;0.4593097383858777;0.5509675525183312
2022-08-27 13:00:00;0.4770288435678851;0.3928452908017539;0.46299825144019663
2022-08-27 14:00:00;0.46919459458967766;0.3886742928466184;0.45577454429916786
2022-08-27 15:00:00;0.36332266114700656;0.29635867757614376;0.3521619972185295
2022-08-27 16:00:00;0.23438603277557982;0.18803528503579756;0.22666090815228282
2022-08-27 17:00:00;0.1370400330523468;0.1138959110454505;0.13318267938453077
2022-08-27 18:00:00;0.03387023249332447;0.03214021497112803;0.03358189623962507
2022-08-27 19:00:00;0.05562933024840421;0.05562933024840421;0.05562933024840421
2022-08-27 20:00:00;0.026193353920652113;0.026193353920652113;0.026193353920652113
2022-08-27 21:00:00;0.021621874463887702;0.021621874463887702;0.021621874463887702
2022-08-27 22:00:00;0.02125127993007902;0.02125127993007902;0.02125127993007902
2022-08-27 23:00:00;0.020644392422258767;0.020644392422258767;0.020644392422258767
2022-08-28 00:00:00;0.02109319515316988;0.02109319515316988;0.02109319515316988
2022-08-28 01:00:00;0.02013086273312805;0.02013086273312805;0.02013086273312805
2022-08-28 02:00:00;0.01892204195203444;0.01892204195203444;0.01892204195203444
2022-08-28 03:00:00;0.01941181047081692;0.01941181047081692;0.01941181047081692
2022-08-28 04:00:00;0.01905530968055753;0.01905530968055753;0.01905530968055753
2022-08-28 05:00:00;0.012947895538542854;0.007304867473726584;0.012007390861073476
2022-08-28 06:00:00;0.10634787916712538;0.08029689943703683;0.10200604921211066
2022-08-28 07:00:00;0.19535360791442083;0.15241534941066728;0.1881972314971286
2022-08-28 08:00:00;0.3489636467847135;0.2757499217423095;0.3367613592776461
2022-08-28 09:00:00;0.48651800423305697;0.3884935420414703;0.4701805938677925
2022-08-28 10:00:00;0.5488947318495516;0.44374506714079914;0.5313697877314263
2022-08-28 11:00:00;0.6147596043968337;0.5053696454272995;0.596527944568578
2022-08-28 12:00:00;0.6357075314877068;0.5225433314540581;0.6168468314820986
2022-08-28 13:00:00;0.5951711662107693;0.4950034178484978;0.5784765414837241
2022-08-28 14:00:00;0.5513509606182087;0.4566559149028485;0.535568452998982
2022-08-28 15:00:00;0.36160256182361117;0.30747514160529027;0.3525813251205577
2022-08-28 16:00:00;0.29344175712263393;0.24775131090855154;0.2858266827536202
2022-08-28 17:00:00;0.1743221948830516;0.15638651034970463;0.17133291412749377
2022-08-28 18:00:00;0.06131948101330397;0.059636781211710524;0.06103903104637173
2022-08-28 19:00:00;0.0516806569221728;0.0516806569221728;0.0516806569221728
2022-08-28 20:00:00;0.024195112791459056;0.024195112791459056;0.024195112791459056
2022-08-28 21:00:00;0.024004406124137356;0.024004406124137356;0.024004406124137356
2022-08-28 22:00:00;0.023505666806057746;0.023505666806057746;0.023505666806057746
2022-08-28 23:00:00;0.024524766588935133;0.024524766588935133;0.024524766588935133
2022-08-29 00:00:00;0.022518741753315308;0.022518741753315308;0.022518741753315308
2022-08-29 01:00:00;0.021950277276443227;0.021950277276443227;0.021950277276443227
2022-08-29 02:00:00;0.021481218831607498;0.021481218831607498;0.021481218831607498
2022-08-29 03:00:00;0.020315896019816045;0.020315896019816045;0.020315896019816045
2022-08-29 04:00:00;0.02150239516725462;0.02150239516725462;0.02150239516725462
2022-08-29 05:00:00;0.01872479646652347;0.016805356705935224;0.018404889839758763
2022-08-29 06:00:00;0.09271414536072226;0.07170499299584936;0.08921261996657678
2022-08-29 07:00:00;0.21550774189051156;0.1701619691133379;0.207950113094316
2022-08-29 08:00:00;0.3743770668269426;0.2968177207251769;0.361450509143315
2022-08-29 09:00:00;0.4104284188143575;0.3308985080928655;0.3971734336941089
2022-08-29 10:00:00;0.4992723327259847;0.40893594069628336;0.48421626738770124
2022-08-29 11:00:00;0.4801481739210468;0.4004185884613929;0.4668599096777712
2022-08-29 12:00:00;0.6178336925114387;0.5119905931722484;0.6001931759549071
2022-08-29 13:00:00;0.5608925195824499;0.4715645600844825;0.5460045263327887
2022-08-29 14:00:00;0.4105199539741405;0.3486390938305499;0.4002064772835421
2022-08-29 15:00:00;0.3045297749175604;0.26418010913348666;0.2978048306202148
2022-08-29 16:00:00;0.20453546514649593;0.18302004131007477;0.20094956117375912
2022-08-29 17:00:00;0.16288446431109874;0.1442759196091975;0.15978304019411524
2022-08-29 18:00:00;0.08210950753919821;0.08123508072922063;0.08196376973753527
2022-08-29 19:00:00;0.05816732894867597;0.05816732894867597;0.05816732894867597
2022-08-29 20:00:00;0.018492508897461634;0.018492508897461634;0.018492508897461634
2022-08-29 21:00:00;0.03512519432275955;0.03512519432275955;0.03512519432275955
2022-08-29 22:00:00;0.027266766649994764;0.027266766649994764;0.027266766649994764
2022-08-29 23:00:00;0.026805199115885622;0.026805199115885622;0.026805199115885622
2022-08-30 00:00:00;0.02676885002059309;0.02676885002059309;0.02676885002059309
2022-08-30 01:00:00;0.026731564661636353;0.026731564661636353;0.026731564661636353
2022-08-30 02:00:00;0.024833058133779003;0.024833058133779003;0.024833058133779003
2022-08-30 03:00:00;0.025593529414018382;0.025593529414018382;0.025593529414018382
2022-08-30 04:00:00;0.022716247309264977;0.022716247309264977;0.022716247309264977
2022-08-30 05:00:00;0.023619664617333815;0.022084942925043066;0.023363877668618686
2022-08-30 06:00:00;0.04806076133078198;0.04215976183864848;0.0470772614154264
2022-08-30 07:00:00;0.0755031491793044;0.0638397918291867;0.07355925628761811
2022-08-30 08:00:00;0.21823030831714454;0.17677132752504807;0.2113204781851285
2022-08-30 09:00:00;0.22663821254428998;0.18798724955235424;0.22019638537896738
2022-08-30 10:00:00;0.36445084792279336;0.29873604342956733;0.3534983805072557
2022-08-30 11:00:00;0.4522215349162251;0.3741621423471029;0.4392116361547047
2022-08-30 12:00:00;0.510355706644652;0.42674608405870157;0.4964207695469937
2022-08-30 13:00:00;0.5489976764727282;0.4633836403974173;0.5347286704601766
2022-08-30 14:00:00;0.42033096388211794;0.35814719214658164;0.4099670019261953
2022-08-30 15:00:00;0.23110010110404483;0.20651220568666714;0.22700211853448188
2022-08-30 16:00:00;0.1596631714997098;0.14462999718353628;0.15715764244701422
2022-08-30 17:00:00;0.10328288207676109;0.09783232830077483;0.10237445644743004
2022-08-30 18:00:00;0.04907980543737002;0.04863298317271801;0.04900533505992801
2022-08-30 19:00:00;0.03840083477355697;0.03840083477355697;0.03840083477355697
2022-08-30 20:00:00;0.030602831302365623;0.030602831302365623;0.030602831302365623
2022-08-30 21:00:00;0.022758442796938533;0.022758442796938533;0.022758442796938533
2022-08-30 22:00:00;0.02413622597216986;0.02413622597216986;0.02413622597216986
2022-08-30 23:00:00;0.02829787480420859;0.02829787480420859;0.02829787480420859
2022-08-31 00:00:00;0.025133816926112513;0.025133816926112513;0.025133816926112513
2022-08-31 01:00:00;0.029073598358063064;0.029073598358063064;0.029073598358063064
2022-08-31 02:00:00;0.028225225561148586;0.028225225561148586;0.028225225561148586
2022-08-31 03:00:00;0.033518621294154026;0.033518621294154026;0.033518621294154026
2022-08-31 04:00:00;0.029930182445847612;0.029930182445847612;0.029930182445847612
2022-08-31 05:00:00;0.02356512095450385;0.02247762890941739;0.023383872280322772
2022-08-31 06:00:00;0.03745812772107551;0.03511407209253977;0.037067451782986226
2022-08-31 07:00:00;0.07116703244866225;0.062486970272966354;0.06972035541937961
2022-08-31 08:00:00;0.1505590773442742;0.12838260758861222;0.1468629990516639
2022-08-31 09:00:00;0.2992234164001614;0.250943165438581;0.2911767079065647
2022-08-31 10:00:00;0.5245936141208675;0.4308161936246782;0.5089640440381692
2022-08-31 11:00:00;0.4370889665338807;0.3731335589065218;0.4264297319293209
2022-08-31 12:00:00;0.41480178956788416;0.3364958760481161;0.4017508039812561
2022-08-31 13:00:00;0.576914491109077;0.48807108333309174;0.5621072564797461
2022-08-31 14:00:00;0.5339287817161023;0.45575579030456503;0.5208999498141794
2022-08-31 15:00:00;0.4286091904141739;0.3669068816585557;0.4183254722882375
2022-08-31 16:00:00;0.2337093960716843;0.2095147430353959;0.22967695389896958
2022-08-31 17:00:00;0.13269150819286946;0.12840491164294912;0.1319770754345494
2022-08-31 18:00:00;0.07266996632723444;0.07186125585934083;0.07253518124925216
2022-08-31 19:00:00;0.08531462185360397;0.08531462185360397;0.08531462185360397
2022-08-31 20:00:00;0.024410237554859306;0.024410237554859306;0.024410237554859306
2022-08-31 21:00:00;0.029389676711732093;0.029389676711732093;0.029389676711732093
2022-08-31 22:00:00;0.020638947747384548;0.020638947747384548;0.020638947747384548
2022-08-31 23:00:00;0.0236604473917087;0.0236604473917087;0.0236604473917087
2022-09-01 00:00:00;0.02270091168070547;0.02270091168070547;0.02270091168070547
2022-09-01 01:00:00;0.03145829043634555;0.03145829043634555;0.03145829043634555
2022-09-01 02:00:00;0.029955284162203704;0.029955284162203704;0.029955284162203704
2022-09-01 03:00:00;0.03374967247770854;0.03374967247770854;0.03374967247770854
2022-09-01 04:00:00;0.04620278788643717;0.04620278788643717;0.04620278788643717
2022-09-01 05:00:00;0.024885984548667483;0.021983288186030684;0.024402201821561345
2022-09-01 06:00:00;0.077155086531235;0.06269392587567615;0.07474489308864186
2022-09-01 07:00:00;0.2206264549798387;0.17716321607529237;0.21338258182908101
2022-09-01 08:00:00;0.2573764439528073;0.21218629302641417;0.24984475213174184
2022-09-01 09:00:00;0.28364845144111267;0.23842478232760905;0.27611117325552875
2022-09-01 10:00:00;0.4060520914059573;0.3385261938109636;0.39479777514012515
2022-09-01 11:00:00;0.3843140816526885;0.3244579612289329;0.3743380615820627
2022-09-01 12:00:00;0.46571773902702523;0.3894791836270339;0.45301131312702664
2022-09-01 13:00:00;0.4797046384835504;0.39714297043660673;0.46594436047572646
2022-09-01 14:00:00;0.38747864752660205;0.32626519859966063;0.3772764060387785
2022-09-01 15:00:00;0.27564812231878166;0.23126496144540332;0.26825092883988527
2022-09-01 16:00:00;0.15087408265038263;0.13430918495131672;0.14811326636720498
2022-09-01 17:00:00;0.06908336684657412;0.06323089917462199;0.06810795556791543
2022-09-01 18:00:00;0.057705430780493276;0.05703387626186105;0.0575935050273879
2022-09-01 19:00:00;0.06710206098011914;0.06710206098011914;0.06710206098011914
2022-09-01 20:00:00;0.053768890823327815;0.053768890823327815;0.053768890823327815
2022-09-01 21:00:00;0.03743618594975149;0.03743618594975149;0.03743618594975149
2022-09-01 22:00:00;0.026725539061222055;0.026725539061222055;0.026725539061222055
2022-09-01 23:00:00;0.023024687410416557;0.023024687410416557;0.023024687410416557
2022-09-02 00:00:00;0.023584011498421275;0.023584011498421275;0.023584011498421275
2022-09-02 01:00:00;0.01956630832288106;0.01956630832288106;0.01956630832288106
2022-09-02 02:00:00;0.018073035758234223;0.018073035758234223;0.018073035758234223
2022-09-02 03:00:00;0.01893310951963069;0.01893310951963069;0.01893310951963069
2022-09-02 04:00:00;0.018612873177181605;0.018612873177181605;0.018612873177181605
2022-09-02 05:00:00;0.004015424138794702;-0.0005185959799624397;0.003259754119001848
2022-09-02 06:00:00;0.08520637397738533;0.063749311921661;0.08163019696809794
2022-09-02 07:00:00;0.20725875520935153;0.16066194767793723;0.19949262062078246
2022-09-02 08:00:00;0.2890222345961931;0.2311422365509041;0.27937556825531157
2022-09-02 09:00:00;0.2732123425748663;0.2251834389698822;0.26520752530736896
2022-09-02 10:00:00;0.40840807779615845;0.3366326249158539;0.39644550231610776
2022-09-02 11:00:00;0.5468643396812615;0.44893509746805826;0.5305427993123943
2022-09-02 12:00:00;0.4818183646384981;0.40293999841989536;0.46867197026873114
2022-09-02 13:00:00;0.5391695238905494;0.4497868696412318;0.5242724148489964
2022-09-02 14:00:00;0.4266262028909199;0.3617621061055757;0.41581552009336253
2022-09-02 15:00:00;0.3797827759418018;0.32859137200414984;0.37125087528552647
2022-09-02 16:00:00;0.2910865041538829;0.25733285695319374;0.28546089628710136
2022-09-02 17:00:00;0.16435641966087822;0.14990851571657252;0.1619484356701606
2022-09-02 18:00:00;0.09357163023194943;0.09282153575998826;0.09344661448662257
2022-09-02 19:00:00;0.06700700270856905;0.06700700270856905;0.06700700270856905
2022-09-02 20:00:00;0.03764681624889908;0.03764681624889908;0.03764681624889908
2022-09-02 21:00:00;0.02132791714777591;0.02132791714777591;0.02132791714777591
2022-09-02 22:00:00;0.021161121136295376;0.021161121136295376;0.021161121136295376
2022-09-02 23:00:00;0.021986964600889187;0.021986964600889187;0.021986964600889187
2022-09-03 00:00:00;0.020206854568488256;0.020206854568488256;0.020206854568488256
2022-09-03 01:00:00;0.020348858980792663;0.020348858980792663;0.020348858980792663
2022-09-03 02:00:00;0.019993851342685227;0.019993851342685227;0.019993851342685227
2022-09-03 03:00:00;0.019593746610181016;0.019593746610181016;0.019593746610181016
2022-09-03 04:00:00;0.0198166185287464;0.0198166185287464;0.0198166185287464
2022-09-03 05:00:00;0.009382155293270413;0.0055867848653195435;0.008749593555278604
2022-09-03 06:00:00;0.09445985262674533;0.07200439344225473;0.0907172760959969
2022-09-03 07:00:00;0.22051594265107544;0.1736690764867014;0.21270813162367977
2022-09-03 08:00:00;0.37293462905301367;0.295169253599996;0.3599737331441774
2022-09-03 09:00:00;0.4622807870625554;0.3744007349596589;0.4476341117120727
2022-09-03 10:00:00;0.4945209131598593;0.4083557098706127;0.4801600459449849
2022-09-03 11:00:00;0.5713130337204894;0.4732931433571811;0.5549763853266046
2022-09-03 12:00:00;0.5785997531593668;0.48273558591254123;0.5626223919515626
2022-09-03 13:00:00;0.5996234948351661;0.503190971934462;0.5835514076850488
2022-09-03 14:00:00;0.5459569338095593;0.4630463595488819;0.5321385047661131
2022-09-03 15:00:00;0.4340503696547851;0.3724756459169464;0.4237879156984787
2022-09-03 16:00:00;0.3148710894738021;0.2769226888387533;0.3085463560346274
2022-09-03 17:00:00;0.1635244460155804;0.15472975098973143;0.16205866351127224
2022-09-03 18:00:00;0.07574727914471256;0.07531359262308533;0.07567499805777468
2022-09-03 19:00:00;0.0807294273536706;0.0807294273536706;0.0807294273536706
2022-09-03 20:00:00;0.05179659971866828;0.05179659971866828;0.05179659971866828
2022-09-03 21:00:00;0.05058536996981077;0.05058536996981077;0.05058536996981077
2022-09-03 22:00:00;0.0548256782220423;0.0548256782220423;0.0548256782220423
2022-09-03 23:00:00;0.06724518454637311;0.06724518454637311;0.06724518454637311
2022-09-04 00:00:00;0.06357242861334579;0.06357242861334579;0.06357242861334579
2022-09-04 01:00:00;0.05994103454616096;0.05994103454616096;0.05994103454616096
2022-09-04 02:00:00;0.06681486773955242;0.06681486773955242;0.06681486773955242
2022-09-04 03:00:00;0.07048647823251475;0.07048647823251475;0.07048647823251475
2022-09-04 04:00:00;0.06401621378170329;0.06401621378170329;0.06401621378170329
2022-09-04 05:00:00;0.06753674061618616;0.06702602501568868;0.06745162134943657
2022-09-04 06:00:00;0.07412194887318357;0.07007672144005424;0.07344774430099536
2022-09-04 07:00:00;0.12415721776292407;0.1083739456358621;0.12152667240841374
2022-09-04 08:00:00;0.18771063677824504;0.16006432014854047;0.18310291733996098
2022-09-04 09:00:00;0.33947756300004817;0.28680437424948835;0.3306986982082882
2022-09-04 10:00:00;0.4379305290490805;0.36721161198446156;0.4261440428716441
2022-09-04 11:00:00;0.5192040253317223;0.43102408581758644;0.5045073687460331
2022-09-04 12:00:00;0.5328042643997244;0.444355241681895;0.5180627606134195
2022-09-04 13:00:00;0.49215434393797103;0.4125431634841792;0.4788858138623391
2022-09-04 14:00:00;0.44020115581488944;0.37152845120899725;0.4287557050472408
2022-09-04 15:00:00;0.3565116708382144;0.300857942164331;0.3472360493925672
2022-09-04 16:00:00;0.23932898787515516;0.20448128270379776;0.23352103701326232
2022-09-04 17:00:00;0.12805605987019864;0.11564411990210895;0.12598740320885035
2022-09-04 18:00:00;0.06843224060183246;0.06778991714482079;0.06832518669233052
2022-09-04 19:00:00;0.049482254827432674;0.049482254827432674;0.049482254827432674
2022-09-04 20:00:00;0.04155480162690928;0.04155480162690928;0.04155480162690928
2022-09-04 21:00:00;0.036881241312123156;0.036881241312123156;0.036881241312123156
2022-09-04 22:00:00;0.029688106128661563;0.029688106128661563;0.029688106128661563
2022-09-04 23:00:00;0.03913558506933128;0.03913558506933128;0.03913558506933128
2022-09-05 00:00:00;0.030323911984600126;0.030323911984600126;0.030323911984600126
2022-09-05 01:00:00;0.027627840205910338;0.027627840205910338;0.027627840205910338
2022-09-05 02:00:00;0.02577639795753317;0.02577639795753317;0.02577639795753317
2022-09-05 03:00:00;0.023690174411041223;0.023690174411041223;0.023690174411041223
2022-09-05 04:00:00;0.04542065599646933;0.04542065599646933;0.04542065599646933
2022-09-05 05:00:00;0.031731394746336274;0.029514091748473425;0.03136184424669246
2022-09-05 06:00:00;0.08368215163509247;0.07156473388010597;0.08166258200926141
2022-09-05 07:00:00;0.1833419118766878;0.15183760887772307;0.17809119471019372
2022-09-05 08:00:00;0.2925169079195707;0.2429785845571333;0.28426052069249785
2022-09-05 09:00:00;0.42637601404744585;0.35483602492858296;0.4144526825276354
2022-09-05 10:00:00;0.49891810022296407;0.41584681052487593;0.48507288527328285
2022-09-05 11:00:00;0.5134809917412108;0.42816293276213707;0.4992613152446986
2022-09-05 12:00:00;0.48204452726043195;0.40718673461798943;0.4695682284866916
2022-09-05 13:00:00;0.4826481814098664;0.40902130731177905;0.47037703572685186
2022-09-05 14:00:00;0.4772838582918802;0.40432972720358606;0.46512483644383124
2022-09-05 15:00:00;0.366053882868319;0.3096152571254929;0.35664744524451475
2022-09-05 16:00:00;0.25544370165287683;0.21883529694275758;0.24934230086785694
2022-09-05 17:00:00;0.11750932947130947;0.1032543079306694;0.11513349254786948
2022-09-05 18:00:00;0.059045380465903755;0.05865003403538486;0.05897948939415061
2022-09-05 19:00:00;0.0451750707755563;0.0451750707755563;0.0451750707755563
2022-09-05 20:00:00;0.04822581832267367;0.04822581832267367;0.04822581832267367
2022-09-05 21:00:00;0.059702849379630316;0.059702849379630316;0.059702849379630316
2022-09-05 22:00:00;0.048352858852016636;0.048352858852016636;0.048352858852016636
2022-09-05 23:00:00;0.05210418484903054;0.05210418484903054;0.05210418484903054
2022-09-06 00:00:00;0.056007758451108634;0.056007758451108634;0.056007758451108634
2022-09-06 01:00:00;0.053645710211887604;0.053645710211887604;0.053645710211887604
2022-09-06 02:00:00;0.050863303507599156;0.050863303507599156;0.050863303507599156
2022-09-06 03:00:00;0.05474569138468195;0.05474569138468195;0.05474569138468195
2022-09-06 04:00:00;0.03126562497696442;0.03126562497696442;0.03126562497696442
2022-09-06 05:00:00;0.029146149878828485;0.027850731708794773;0.028930246850489533
2022-09-06 06:00:00;0.048929574421064326;0.042555121190549904;0.047867165549311926
2022-09-06 07:00:00;0.11616242823245759;0.10018383637241562;0.11349932958911729
2022-09-06 08:00:00;0.28446791009269845;0.2386099383168847;0.2768249147967295
2022-09-06 09:00:00;0.3400107044706744;0.28826307261785244;0.33138609916187073
2022-09-06 10:00:00;0.4208754506456124;0.35370623138842555;0.40968058076941466
2022-09-06 11:00:00;0.4313424293169667;0.36246206923662805;0.4198623693035769
2022-09-06 12:00:00;0.4289732035258771;0.3585993947274091;0.4172442353927991
2022-09-06 13:00:00;0.32216427383931634;0.2730559363823775;0.31397955092982655
2022-09-06 14:00:00;0.30894497867924375;0.2592103021041972;0.30065586591673604
2022-09-06 15:00:00;0.3611861473324157;0.29453710102668335;0.350077972948127
2022-09-06 16:00:00;0.21356878705889576;0.17448822496815575;0.20705536004377245
2022-09-06 17:00:00;0.09393327520555131;0.08022171963272925;0.09164801594341429
2022-09-06 18:00:00;0.04254946087656834;0.04212704576226948;0.042479058357518536
2022-09-06 19:00:00;0.021342891937572623;0.021342891937572623;0.021342891937572623
2022-09-06 20:00:00;0.02438174689676674;0.02438174689676674;0.02438174689676674
2022-09-06 21:00:00;0.023677341748328317;0.023677341748328317;0.023677341748328317
2022-09-06 22:00:00;0.02306548205863605;0.02306548205863605;0.02306548205863605
2022-09-06 23:00:00;0.02177626296842585;0.02177626296842585;0.02177626296842585
2022-09-07 00:00:00;0.022861167459129365;0.022861167459129365;0.022861167459129365
2022-09-07 01:00:00;0.020530560086447092;0.020530560086447092;0.020530560086447092
2022-09-07 02:00:00;0.019715625767368242;0.019715625767368242;0.019715625767368242
2022-09-07 03:00:00;0.020141853582001237;0.020141853582001237;0.020141853582001237
2022-09-07 04:00:00;0.01951665778123304;0.01951665778123304;0.01951665778123304
2022-09-07 05:00:00;-0.0007256606404078095;-0.0038012707877169705;-0.0012382623316260024
2022-09-07 06:00:00;0.08086895480990627;0.06050925218137487;0.07747567103848438
2022-09-07 07:00:00;0.19472766507970132;0.1523852812822958;0.18767060111346703
2022-09-07 08:00:00;0.36041168571924254;0.28376616815239797;0.3476374327914351
2022-09-07 09:00:00;0.48469339433810177;0.38618823423274073;0.46827586765387497
2022-09-07 10:00:00;0.5617592127498947;0.45361444241244886;0.5437350843603204
2022-09-07 11:00:00;0.6425665674238376;0.5194921103112936;0.6220541579050802
2022-09-07 12:00:00;0.6645718478737336;0.5303760640131902;0.6422058838969763
2022-09-07 13:00:00;0.6275319767113499;0.5181578322502436;0.6093029526344986
2022-09-07 14:00:00;0.53643476353719;0.44471193821562455;0.5211476259835957
2022-09-07 15:00:00;0.4083197147312919;0.33910243402914925;0.3967835012809349
2022-09-07 16:00:00;0.261110570777794;0.21904671283625268;0.2540999277875371
2022-09-07 17:00:00;0.11077362543837006;0.0964690791057004;0.10838953438292515
2022-09-07 18:00:00;0.07828191991822538;0.07786129006072996;0.07821181494197614
2022-09-07 19:00:00;0.05306254589973878;0.05306254589973878;0.05306254589973878
2022-09-07 20:00:00;0.028523616469000115;0.028523616469000115;0.028523616469000115
2022-09-07 21:00:00;0.03149244129469594;0.03149244129469594;0.03149244129469594
2022-09-07 22:00:00;0.028248973294842238;0.028248973294842238;0.028248973294842238
2022-09-07 23:00:00;0.027488602728119923;0.027488602728119923;0.027488602728119923
2022-09-08 00:00:00;0.021318961835170607;0.021318961835170607;0.021318961835170607
2022-09-08 01:00:00;0.023683426833996848;0.023683426833996848;0.023683426833996848
2022-09-08 02:00:00;0.021235636008541264;0.021235636008541264;0.021235636008541264
2022-09-08 03:00:00;0.02330889640693059;0.02330889640693059;0.02330889640693059
2022-09-08 04:00:00;0.021240027354328415;0.021240027354328415;0.021240027354328415
2022-09-08 05:00:00;0.004909486614883466;0.002452940146480643;0.004500062203482996
2022-09-08 06:00:00;0.055565537604144496;0.04407409784115988;0.05365029764364707
2022-09-08 07:00:00;0.16764990356866546;0.1319565106788691;0.16170100475369942
2022-09-08 08:00:00;0.3433611588698472;0.2720272925621509;0.3314721811518979
2022-09-08 09:00:00;0.45946621568366813;0.3688661828949965;0.4443662102188895
2022-09-08 10:00:00;0.5568264342717975;0.44892826475983105;0.5388434060198031
2022-09-08 11:00:00;0.6246285597153334;0.5052060049236459;0.6047248005833855
2022-09-08 12:00:00;0.6225555341842971;0.507761634225148;0.603423217524439
2022-09-08 13:00:00;0.594841728736754;0.491230802845755;0.5775732410882541
2022-09-08 14:00:00;0.5202130244313393;0.42974035718461123;0.5051342465568848
2022-09-08 15:00:00;0.38343109673124687;0.3209756023000378;0.3730218476593788
2022-09-08 16:00:00;0.2680802980234468;0.2282869588152222;0.261448074822076
2022-09-08 17:00:00;0.13960061912981653;0.12935721670461128;0.13789338539228235
2022-09-08 18:00:00;0.054202004462495575;0.05374916713856582;0.054126531575173956
2022-09-08 19:00:00;0.03859525989768262;0.03859525989768262;0.03859525989768262
2022-09-08 20:00:00;0.04188924492098583;0.04188924492098583;0.04188924492098583
2022-09-08 21:00:00;0.03685662180453468;0.03685662180453468;0.03685662180453468
2022-09-08 22:00:00;0.03490393062409569;0.03490393062409569;0.03490393062409569
2022-09-08 23:00:00;0.025057715214502792;0.025057715214502792;0.025057715214502792
2022-09-09 00:00:00;0.03015707185829222;0.03015707185829222;0.03015707185829222
2022-09-09 01:00:00;0.02550440575968728;0.02550440575968728;0.02550440575968728
2022-09-09 02:00:00;0.022569843788132277;0.022569843788132277;0.022569843788132277
2022-09-09 03:00:00;0.021184083419353288;0.021184083419353288;0.021184083419353288
2022-09-09 04:00:00;0.020398932341103137;0.020398932341103137;0.020398932341103137
2022-09-09 05:00:00;0.010355532509733475;0.009128398349561232;0.010151010149704768
2022-09-09 06:00:00;0.0382550948981564;0.03198442062597929;0.03720998251946022
2022-09-09 07:00:00;0.07947467784232724;0.06477524777822248;0.07702477283164313
2022-09-09 08:00:00;0.10972870175796297;0.08930565878274535;0.10632486126209337
2022-09-09 09:00:00;0.18037385051709826;0.14531875730262026;0.17453133498135193
2022-09-09 10:00:00;0.28797549427459224;0.23093703337191515;0.27846908412414617
2022-09-09 11:00:00;0.5248555725157851;0.4188868374683698;0.5071941166745492
2022-09-09 12:00:00;0.5330944683142046;0.4305070951562813;0.5159965727878841
2022-09-09 13:00:00;0.48292263849112677;0.39833338869465956;0.4688244301917156
2022-09-09 14:00:00;0.39487384796314773;0.32867174621285977;0.38384016433809975
2022-09-09 15:00:00;0.3107993331717135;0.258253114411968;0.3020416300450892
2022-09-09 16:00:00;0.1975346860245461;0.16628617404480345;0.19232660069458898
2022-09-09 17:00:00;0.08293768956563226;0.07264308656943144;0.08122192239959879
2022-09-09 18:00:00;0.03120731213376791;0.030744183361311572;0.031130124005025184
2022-09-09 19:00:00;0.0200884890457844;0.0200884890457844;0.0200884890457844
2022-09-09 20:00:00;0.021306132677847117;0.021306132677847117;0.021306132677847117
2022-09-09 21:00:00;0.020036645796666325;0.020036645796666325;0.020036645796666325
2022-09-09 22:00:00;0.02007791951479558;0.02007791951479558;0.02007791951479558
2022-09-09 23:00:00;0.019748988402846696;0.019748988402846696;0.019748988402846696
2022-09-10 00:00:00;0.01985498189880602;0.01985498189880602;0.01985498189880602
2022-09-10 01:00:00;0.019906909074154867;0.019906909074154867;0.019906909074154867
2022-09-10 02:00:00;0.0192142442753627;0.0192142442753627;0.0192142442753627
2022-09-10 03:00:00;0.019188550101617397;0.019188550101617397;0.019188550101617397
2022-09-10 04:00:00;0.018817327415826972;0.018817327415826972;0.018817327415826972
2022-09-10 05:00:00;0.011167434000039965;0.010325378530386474;0.011027091421764383
2022-09-10 06:00:00;0.040819376325789115;0.033563563007545656;0.039610074106081875
2022-09-10 07:00:00;0.10329957739261893;0.0825029895893894;0.09983347942541401
2022-09-10 08:00:00;0.2434021811273241;0.19258270433985444;0.23493226832941255
2022-09-10 09:00:00;0.3918570053165;0.31056678803352183;0.37830863576933704
2022-09-10 10:00:00;0.46521944682507343;0.3731111442788172;0.44986806306736404
2022-09-10 11:00:00;0.573045376376722;0.4639369859617926;0.5548606446409005
2022-09-10 12:00:00;0.5786817147036964;0.47808203789444387;0.5619151019021543
2022-09-10 13:00:00;0.5535231615566177;0.45937889705987506;0.5378324508071607
2022-09-10 14:00:00;0.4726538785296262;0.39605443283940683;0.4598873042479231
2022-09-10 15:00:00;0.3769367998802881;0.32076109237089523;0.3675741819620559
2022-09-10 16:00:00;0.25903685172098806;0.22652590258604485;0.25361836019849754
2022-09-10 17:00:00;0.11621955615902081;0.10534723888941686;0.1144075032807535
2022-09-10 18:00:00;0.0669897633510614;0.0665368904399682;0.06691428453254586
2022-09-10 19:00:00;0.02061465726916665;0.02061465726916665;0.02061465726916665
2022-09-10 20:00:00;0.022782631044373853;0.022782631044373853;0.022782631044373853
2022-09-10 21:00:00;0.02016376569561555;0.02016376569561555;0.02016376569561555
2022-09-10 22:00:00;0.02325171468567973;0.02325171468567973;0.02325171468567973
2022-09-10 23:00:00;0.021121526498236946;0.021121526498236946;0.021121526498236946
2022-09-11 00:00:00;0.020678790590991477;0.020678790590991477;0.020678790590991477
2022-09-11 01:00:00;0.02043763735934459;0.02043763735934459;0.02043763735934459
2022-09-11 02:00:00;0.020921761522685756;0.020921761522685756;0.020921761522685756
2022-09-11 03:00:00;0.01984948325642737;0.01984948325642737;0.01984948325642737
2022-09-11 04:00:00;0.019895692833662833;0.019895692833662833;0.019895692833662833
2022-09-11 05:00:00;0.005375138906605967;0.004204147409331543;0.00517997365706023
2022-09-11 06:00:00;0.05370155693627577;0.042212554573072776;0.051786723209075285
2022-09-11 07:00:00;0.13000930741910247;0.10282506150459556;0.1254785997666846
2022-09-11 08:00:00;0.25102828352214895;0.19880692055619767;0.24232472302782376
2022-09-11 09:00:00;0.42118689874462784;0.33396631176294894;0.40665013424768137
2022-09-11 10:00:00;0.5396549562551736;0.4314370414985945;0.5216186371290771
2022-09-11 11:00:00;0.6246720975195943;0.5044377091647866;0.6046330327937931
2022-09-11 12:00:00;0.5718865589105008;0.47182886853021166;0.5552102771804528
2022-09-11 13:00:00;0.3787661994572285;0.3273693476357194;0.370200057486977
2022-09-11 14:00:00;0.41730511271962384;0.3537996423257071;0.4067208676539711
2022-09-11 15:00:00;0.29037431082059556;0.25014141489212954;0.2836688281658513
2022-09-11 16:00:00;0.19346195544369002;0.1671838058254387;0.18908226384064813
2022-09-11 17:00:00;0.06581042850041798;0.05852535843741385;0.06459625015658396
2022-09-11 18:00:00;0.024124057561584814;0.024124057561584814;0.024124057561584814
2022-09-11 19:00:00;0.027185417446012664;0.027185417446012664;0.027185417446012664
2022-09-11 20:00:00;0.022628380652968853;0.022628380652968853;0.022628380652968853
2022-09-11 21:00:00;0.02557592435067374;0.02557592435067374;0.02557592435067374
2022-09-11 22:00:00;0.027858757792715228;0.027858757792715228;0.027858757792715228
2022-09-11 23:00:00;0.026181043080622853;0.026181043080622853;0.026181043080622853
2022-09-12 00:00:00;0.026818728929818736;0.026818728929818736;0.026818728929818736
2022-09-12 01:00:00;0.02101989284094681;0.02101989284094681;0.02101989284094681
2022-09-12 02:00:00;0.02873507981454737;0.02873507981454737;0.02873507981454737
2022-09-12 03:00:00;0.02620604732923673;0.02620604732923673;0.02620604732923673
2022-09-12 04:00:00;0.02010296539387844;0.02010296539387844;0.02010296539387844
2022-09-12 05:00:00;0.019673203891578596;0.01923333240793554;0.019599891977638086
2022-09-12 06:00:00;0.043374273070938524;0.03666738125054795;0.0422564577675401
2022-09-12 07:00:00;0.10628056608134283;0.0893996612093042;0.10346708193600306
2022-09-12 08:00:00;0.33449936867281105;0.26770560731068904;0.3233670751124574
2022-09-12 09:00:00;0.49351375603803577;0.397787961631487;0.4775594569702777
2022-09-12 10:00:00;0.5750206676506087;0.469211811969401;0.5573858583704073
2022-09-12 11:00:00;0.6414921780736058;0.5260281248216035;0.6222481691982721
2022-09-12 12:00:00;0.6633866104405552;0.5460218893089275;0.6438258235852841
2022-09-12 13:00:00;0.5358098013091118;0.4403442038777594;0.5198988684038863
2022-09-12 14:00:00;0.5201715878810634;0.43723738494627423;0.5063492207252652
2022-09-12 15:00:00;0.393014690339362;0.3384093839825201;0.38391380594655505
2022-09-12 16:00:00;0.234079477985551;0.202117314310016;0.2287524507062952
2022-09-12 17:00:00;0.12632702861968992;0.11713154808949605;0.12479444853132428
2022-09-12 18:00:00;0.07432811257171859;0.07387534989099535;0.07425265212493139
2022-09-12 19:00:00;0.02921904715310637;0.02921904715310637;0.02921904715310637
2022-09-12 20:00:00;0.02246142220837373;0.02246142220837373;0.02246142220837373
2022-09-12 21:00:00;0.02172884390095929;0.02172884390095929;0.02172884390095929
2022-09-12 22:00:00;0.02425830074497198;0.02425830074497198;0.02425830074497198
2022-09-12 23:00:00;0.02535120162471616;0.02535120162471616;0.02535120162471616
2022-09-13 00:00:00;0.021068474035989354;0.021068474035989354;0.021068474035989354
2022-09-13 01:00:00;0.021336748656617083;0.021336748656617083;0.021336748656617083
2022-09-13 02:00:00;0.021431214838761144;0.021431214838761144;0.021431214838761144
2022-09-13 03:00:00;0.020260332839310953;0.020260332839310953;0.020260332839310953
2022-09-13 04:00:00;0.0199108419197848;0.0199108419197848;0.0199108419197848
2022-09-13 05:00:00;0.0051401676978754685;0.0038682324281593948;0.004928178486256123
2022-09-13 06:00:00;0.054338928265284026;0.04283230266871563;0.05242115733252264
2022-09-13 07:00:00;0.08994741355150879;0.07284489837105035;0.08709699435476573
2022-09-13 08:00:00;0.14520482648620564;0.11898540994295295;0.1408349237289969
2022-09-13 09:00:00;0.2531847715675703;0.20452956430015298;0.24507557035633415
2022-09-13 10:00:00;0.3621139411639839;0.293886793029393;0.3507427498082188
2022-09-13 11:00:00;0.3525567636128204;0.2906256811663339;0.34223491653840593
2022-09-13 12:00:00;0.15089517993468257;0.12956004329849521;0.14733932382865134
2022-09-13 13:00:00;0.07466476818642873;0.06940754859840245;0.07378856492175769
2022-09-13 14:00:00;0.15626237835306175;0.12930628821209925;0.15176969666290135
2022-09-13 15:00:00;0.13125553371703075;0.10628950941420891;0.12709452966656046
2022-09-13 16:00:00;0.05737174369427116;0.048431061816354745;0.055881630047951755
2022-09-13 17:00:00;0.024512782400924433;0.024512782400924433;0.024512782400924433
2022-09-13 18:00:00;0.026672256992124367;0.026672256992124367;0.026672256992124367
2022-09-13 19:00:00;0.02108821126977394;0.02108821126977394;0.02108821126977394
2022-09-13 20:00:00;0.020605806251861078;0.020605806251861078;0.020605806251861078
2022-09-13 21:00:00;0.02181039328061378;0.02181039328061378;0.02181039328061378
2022-09-13 22:00:00;0.021007988363950916;0.021007988363950916;0.021007988363950916
2022-09-13 23:00:00;0.020120487903314416;0.020120487903314416;0.020120487903314416
2022-09-14 00:00:00;0.021682478515887674;0.021682478515887674;0.021682478515887674
2022-09-14 01:00:00;0.024817027640166363;0.024817027640166363;0.024817027640166363
2022-09-14 02:00:00;0.028092248774726665;0.028092248774726665;0.028092248774726665
2022-09-14 03:00:00;0.022671307143942835;0.022671307143942835;0.022671307143942835
2022-09-14 04:00:00;0.02265600808066955;0.02265600808066955;0.02265600808066955
2022-09-14 05:00:00;0.01571350314598984;0.01535298181653247;0.015653416257746945
2022-09-14 06:00:00;0.03447532072141843;0.02990342927491647;0.0337133388136681
2022-09-14 07:00:00;0.12657757150739352;0.10182539666602548;0.12245220903383221
2022-09-14 08:00:00;0.268545583899503;0.21821543006070698;0.2601572249263704
2022-09-14 09:00:00;0.3648736402452481;0.3053219602093693;0.3549483602392683
2022-09-14 10:00:00;0.4220733930870214;0.3558438690143481;0.4110351390749092
2022-09-14 11:00:00;0.43490636148187295;0.3673778011674152;0.4236516014294633
2022-09-14 12:00:00;0.4772090223425006;0.40384558863751224;0.4649817833916691
2022-09-14 13:00:00;0.3561959569651977;0.3035918153707335;0.347428600032787
2022-09-14 14:00:00;0.16873802942652516;0.15089011714222045;0.16576337737914107
2022-09-14 15:00:00;0.21557594921233708;0.18587491757790262;0.2106257772732647
2022-09-14 16:00:00;0.14801088090620607;0.1339704986104643;0.14567081719024913
2022-09-14 17:00:00;0.08038277407975607;0.07812271575975514;0.08000609769308925
2022-09-14 18:00:00;0.05971848893138362;0.05971848893138362;0.05971848893138362
2022-09-14 19:00:00;0.1003747585426313;0.1003747585426313;0.1003747585426313
2022-09-14 20:00:00;0.057990481219481194;0.057990481219481194;0.057990481219481194
2022-09-14 21:00:00;0.03882517340326244;0.03882517340326244;0.03882517340326244
2022-09-14 22:00:00;0.03996741194472854;0.03996741194472854;0.03996741194472854
2022-09-14 23:00:00;0.0373952357670021;0.0373952357670021;0.0373952357670021
2022-09-15 00:00:00;0.02708636608228475;0.02708636608228475;0.02708636608228475
2022-09-15 01:00:00;0.056938432269476875;0.056938432269476875;0.056938432269476875
2022-09-15 02:00:00;0.06293323242693077;0.06293323242693077;0.06293323242693077
2022-09-15 03:00:00;0.054682066097294264;0.054682066097294264;0.054682066097294264
2022-09-15 04:00:00;0.04114425578922398;0.04114425578922398;0.04114425578922398
2022-09-15 05:00:00;0.03764349518494509;0.03675639831484731;0.037495645706595464
2022-09-15 06:00:00;0.06719715243893587;0.05907479239903745;0.06584342576561947
2022-09-15 07:00:00;0.16684964491660326;0.1432041583403355;0.1629087304872253
2022-09-15 08:00:00;0.2582415245097422;0.21169047724256562;0.2504830166318794
2022-09-15 09:00:00;0.28812084817454275;0.24538362504826783;0.280997977653497
2022-09-15 10:00:00;0.35339246591486995;0.2988472775353022;0.34430160118494196
2022-09-15 11:00:00;0.44611333378275075;0.37095194886799304;0.4335864362969578
2022-09-15 12:00:00;0.44318022309363303;0.36977003176828993;0.43094519120607583
2022-09-15 13:00:00;0.44384511692332124;0.37415263945222754;0.43222970401147237
2022-09-15 14:00:00;0.39270699632127604;0.331416180602667;0.38249186036817456
2022-09-15 15:00:00;0.3167731469991349;0.2733712522530398;0.30953949787478574
2022-09-15 16:00:00;0.20746911053154063;0.18191563322559096;0.2032101976472157
2022-09-15 17:00:00;0.10874389315084652;0.10208491765135638;0.1076340639009315
2022-09-15 18:00:00;0.04849462662516149;0.04849462662516149;0.04849462662516149
2022-09-15 19:00:00;0.03988933977303299;0.03988933977303299;0.03988933977303299
2022-09-15 20:00:00;0.03489671567544333;0.03489671567544333;0.03489671567544333
2022-09-15 21:00:00;0.0435148681341324;0.0435148681341324;0.0435148681341324
2022-09-15 22:00:00;0.04193385071248322;0.04193385071248322;0.04193385071248322
2022-09-15 23:00:00;0.038035422879170624;0.038035422879170624;0.038035422879170624
2022-09-16 00:00:00;0.04832168237207468;0.04832168237207468;0.04832168237207468
2022-09-16 01:00:00;0.045028725023807004;0.045028725023807004;0.045028725023807004
2022-09-16 02:00:00;0.036072015019865865;0.036072015019865865;0.036072015019865865
2022-09-16 03:00:00;0.03874217843887831;0.03874217843887831;0.03874217843887831
2022-09-16 04:00:00;0.04089997161693659;0.04089997161693659;0.04089997161693659
2022-09-16 05:00:00;0.013070030766234603;0.011742828424185066;0.012848830375893015
2022-09-16 06:00:00;0.06601774626173527;0.05019371009671013;0.06338040690089776
2022-09-16 07:00:00;0.16976027858184783;0.13925797185349204;0.1646765607937885
2022-09-16 08:00:00;0.2574008230056239;0.21482019046038342;0.25030405091475055
2022-09-16 09:00:00;0.35129764334714464;0.2946783769406436;0.34186109894606115
2022-09-16 10:00:00;0.3952686937392783;0.3319242763346365;0.3847112908385047
2022-09-16 11:00:00;0.4099564672898612;0.3429401387460952;0.39878707919923345
2022-09-16 12:00:00;0.4621416092007486;0.38389702773704354;0.4491008456234645
2022-09-16 13:00:00;0.456173423356747;0.37940545313552115;0.4433787616532094
2022-09-16 14:00:00;0.39951429230846786;0.3349647162217086;0.38875602962734135
2022-09-16 15:00:00;0.31146060300923023;0.2648250460173347;0.3036880101772476
2022-09-16 16:00:00;0.2025767110525394;0.17569786058918072;0.19809690264197963
2022-09-16 17:00:00;0.11704495837558539;0.11126320492129434;0.11608133279987021
2022-09-16 18:00:00;0.0658586629398549;0.0658586629398549;0.0658586629398549
2022-09-16 19:00:00;0.0406536136897337;0.0406536136897337;0.0406536136897337
2022-09-16 20:00:00;0.04254799901219899;0.04254799901219899;0.04254799901219899
2022-09-16 21:00:00;0.03284260762684641;0.03284260762684641;0.03284260762684641
2022-09-16 22:00:00;0.04169850745351165;0.04169850745351165;0.04169850745351165
2022-09-16 23:00:00;0.037768706961166285;0.037768706961166285;0.037768706961166285
2022-09-17 00:00:00;0.03298826715117874;0.03298826715117874;0.03298826715117874
2022-09-17 01:00:00;0.02205242832253159;0.02205242832253159;0.02205242832253159
2022-09-17 02:00:00;0.02747766934305186;0.02747766934305186;0.02747766934305186
2022-09-17 03:00:00;0.02982734142618428;0.02982734142618428;0.02982734142618428
2022-09-17 04:00:00;0.0213097507483162;0.0213097507483162;0.0213097507483162
2022-09-17 05:00:00;-0.00954145419039932;-0.011591460459280778;-0.00988312190187956
2022-09-17 06:00:00;0.06707936955765091;0.04646428448093324;0.06364352204486463
2022-09-17 07:00:00;0.11826489648698002;0.09421959227481623;0.11425734578495275
2022-09-17 08:00:00;0.2581983196527791;0.2040591898529899;0.24917513135281427
2022-09-17 09:00:00;0.3827182229182389;0.30326510590449507;0.36947603674928164
2022-09-17 10:00:00;0.4840465389579261;0.38815562407079157;0.4680647198100705
2022-09-17 11:00:00;0.5236834608468329;0.42581369880821424;0.5073718338403965
2022-09-17 12:00:00;0.49760762888742405;0.41319148720068216;0.4835382719396337
2022-09-17 13:00:00;0.37516691476535546;0.318428089364756;0.36571044386525564
2022-09-17 14:00:00;0.26024699787747096;0.2319326459667302;0.2555279392256809
2022-09-17 15:00:00;0.2116150208976145;0.19289159753012847;0.20849445033636685
2022-09-17 16:00:00;0.15337554965143513;0.1466023867700313;0.15224668917120115
2022-09-17 17:00:00;0.10444129665515851;0.10318491458807834;0.1042318996439785
2022-09-17 18:00:00;0.07983765676832362;0.07983765676832362;0.07983765676832362
2022-09-17 19:00:00;0.041958378176259914;0.041958378176259914;0.041958378176259914
2022-09-17 20:00:00;0.02741681538952261;0.02741681538952261;0.02741681538952261
2022-09-17 21:00:00;0.021530306853099947;0.021530306853099947;0.021530306853099947
2022-09-17 22:00:00;0.023352423899277223;0.023352423899277223;0.023352423899277223
2022-09-17 23:00:00;0.021542416257061277;0.021542416257061277;0.021542416257061277
2022-09-18 00:00:00;0.023135607470432938;0.023135607470432938;0.023135607470432938
2022-09-18 01:00:00;0.021310279966525885;0.021310279966525885;0.021310279966525885
2022-09-18 02:00:00;0.019479396431433513;0.019479396431433513;0.019479396431433513
2022-09-18 03:00:00;0.01866032374951452;0.01866032374951452;0.01866032374951452
2022-09-18 04:00:00;0.01838905788814209;0.01838905788814209;0.01838905788814209
2022-09-18 05:00:00;0.019516756111376866;0.019516756111376866;0.019516756111376866
2022-09-18 06:00:00;0.024608139882917227;0.02336066293836875;0.024400227058825816
2022-09-18 07:00:00;0.03738693490285259;0.03374853194267202;0.03678053440948916
2022-09-18 08:00:00;0.0633173778087915;0.05330819841452661;0.061649181243080685
2022-09-18 09:00:00;0.09016151397396778;0.075231498641026;0.08767317808514416
2022-09-18 10:00:00;0.12972942335830215;0.10718181422855921;0.125971488503345
2022-09-18 11:00:00;0.10377494134203141;0.08684614070242812;0.10095347456876422
2022-09-18 12:00:00;0.10840699070597273;0.09072827863014098;0.1054605386933341
2022-09-18 13:00:00;0.10868900326987033;0.09140899744048811;0.10580900229830663
2022-09-18 14:00:00;0.10038545255193142;0.0856471622148407;0.09792907082908298
2022-09-18 15:00:00;0.06385662844050005;0.056132840986559164;0.06256933053150991
2022-09-18 16:00:00;0.038228040477536925;0.035302149246733035;0.037740391939069605
2022-09-18 17:00:00;0.02519861814852642;0.02405868283181936;0.025008628929075242
2022-09-18 18:00:00;0.024284607028282636;0.024284607028282636;0.024284607028282636
2022-09-18 19:00:00;0.02949098670842679;0.02949098670842679;0.02949098670842679
2022-09-18 20:00:00;0.033085336968229344;0.033085336968229344;0.033085336968229344
2022-09-18 21:00:00;0.021199274019436054;0.021199274019436054;0.021199274019436054
2022-09-18 22:00:00;0.02028383769844479;0.02028383769844479;0.02028383769844479
2022-09-18 23:00:00;0.020524289461016903;0.020524289461016903;0.020524289461016903
2022-09-19 00:00:00;0.020105704451956453;0.020105704451956453;0.020105704451956453
2022-09-19 01:00:00;0.02528735609925279;0.02528735609925279;0.02528735609925279
2022-09-19 02:00:00;0.021812288397884308;0.021812288397884308;0.021812288397884308
2022-09-19 03:00:00;0.032280558187453894;0.032280558187453894;0.032280558187453894
2022-09-19 04:00:00;0.03720651720893613;0.03720651720893613;0.03720651720893613
2022-09-19 05:00:00;0.023353759737924903;0.022288028112171926;0.023176137800299413
2022-09-19 06:00:00;0.06909720558971096;0.05747794160859435;0.06716066159285819
2022-09-19 07:00:00;0.10146277547916664;0.08763159166382528;0.09915757817660975
2022-09-19 08:00:00;0.10152785018383581;0.08921777458391038;0.09947617091718158
2022-09-19 09:00:00;0.0879420749250859;0.08100125965189292;0.08678527237955375
2022-09-19 10:00:00;0.08768890473850674;0.07873837617095518;0.08619714997724816
2022-09-19 11:00:00;0.14016753078478542;0.12252534656829775;0.13722716674870414
2022-09-19 12:00:00;0.1297945687826769;0.11152605119155996;0.12674981585082407
2022-09-19 13:00:00;0.15207409170357516;0.131780413855317;0.1486918120621988
2022-09-19 14:00:00;0.13268465345905336;0.11818665601917237;0.13026832055240653
2022-09-19 15:00:00;0.1200911379150452;0.11108782244036114;0.11859058533593121
2022-09-19 16:00:00;0.09256826308721344;0.08855449788589742;0.09189930222032744
2022-09-19 17:00:00;0.07231601446905186;0.07139562120588118;0.07216261559185674
2022-09-19 18:00:00;0.08529379404100379;0.08529379404100379;0.08529379404100379
2022-09-19 19:00:00;0.0945946322530644;0.0945946322530644;0.0945946322530644
2022-09-19 20:00:00;0.0718011464146194;0.0718011464146194;0.0718011464146194
2022-09-19 21:00:00;0.023615493688039557;0.023615493688039557;0.023615493688039557
2022-09-19 22:00:00;0.022492918173560337;0.022492918173560337;0.022492918173560337
2022-09-19 23:00:00;0.024138619937251235;0.024138619937251235;0.024138619937251235
2022-09-20 00:00:00;0.022502992964743392;0.022502992964743392;0.022502992964743392
2022-09-20 01:00:00;0.019488395974862772;0.019488395974862772;0.019488395974862772
2022-09-20 02:00:00;0.020979673891770228;0.020979673891770228;0.020979673891770228
2022-09-20 03:00:00;0.022379517675261355;0.022379517675261355;0.022379517675261355
2022-09-20 04:00:00;0.02237769350288738;0.02237769350288738;0.02237769350288738
2022-09-20 05:00:00;0.022010635645045025;0.022010635645045025;0.022010635645045025
2022-09-20 06:00:00;0.023611284201889814;0.021869208226605104;0.02332093820600903
2022-09-20 07:00:00;0.04161157391732259;0.03692885155650464;0.0408311201905196
2022-09-20 08:00:00;0.05490638497545021;0.047590433968759206;0.05368705980766837
2022-09-20 09:00:00;0.06812946085993764;0.057825790245944864;0.06641218242427219
2022-09-20 10:00:00;0.06817377203335678;0.057813150448331574;0.06644700176918593
2022-09-20 11:00:00;0.07544842361429764;0.06387956617168473;0.07352028070719549
2022-09-20 12:00:00;0.06066869155141844;0.052857306651437966;0.05936679406808837
2022-09-20 13:00:00;0.06398059865158096;0.055613851136281735;0.06258614073236443
2022-09-20 14:00:00;0.07113978569216568;0.06105560687471913;0.06945908922259127
2022-09-20 15:00:00;0.050598560643044244;0.04393470324308349;0.04948791774305078
2022-09-20 16:00:00;0.03459169728885153;0.031802711169732906;0.03412686626899842
2022-09-20 17:00:00;0.025001272227432234;0.023595906402400245;0.024767044589926904
2022-09-20 18:00:00;0.028628579897030645;0.028628579897030645;0.028628579897030645
2022-09-20 19:00:00;0.02822105176399725;0.02822105176399725;0.02822105176399725
2022-09-20 20:00:00;0.030806542301469973;0.030806542301469973;0.030806542301469973
2022-09-20 21:00:00;0.029344931997268633;0.029344931997268633;0.029344931997268633
2022-09-20 22:00:00;0.029540571536479706;0.029540571536479706;0.029540571536479706
2022-09-20 23:00:00;0.02673564892020568;0.02673564892020568;0.02673564892020568
2022-09-21 00:00:00;0.02618248967263621;0.02618248967263621;0.02618248967263621
2022-09-21 01:00:00;0.026004525355800955;0.026004525355800955;0.026004525355800955
2022-09-21 02:00:00;0.024922850567502368;0.024922850567502368;0.024922850567502368
2022-09-21 03:00:00;0.02246287674260819;0.02246287674260819;0.02246287674260819
2022-09-21 04:00:00;0.023805503442291587;0.023805503442291587;0.023805503442291587
2022-09-21 05:00:00;0.01160603542705105;0.010869390352530824;0.011483261247964345
2022-09-21 06:00:00;0.03367867475196457;0.02778639406411249;0.032696627970655895
2022-09-21 07:00:00;0.08181879008018345;0.06619490741549759;0.07921480963606915
2022-09-21 08:00:00;0.14272232505739438;0.11562209772533351;0.13820562050205093
2022-09-21 09:00:00;0.21366383815484843;0.1722978270484261;0.20676950297044475
2022-09-21 10:00:00;0.19836975126848216;0.16308548734798323;0.19248904061506567
2022-09-21 11:00:00;0.21689764239830678;0.17924470657793118;0.21062215309491086
2022-09-21 12:00:00;0.1862812016617694;0.15632267245140002;0.1812881134600412
2022-09-21 13:00:00;0.13731134899868652;0.11885767262967413;0.1342357362705178
2022-09-21 14:00:00;0.1107852538226015;0.09832480317980592;0.10870851204880225
2022-09-21 15:00:00;0.0655542778634864;0.060097238978672675;0.06464477138268411
2022-09-21 16:00:00;0.05398653879059247;0.04838503588233081;0.053052954972548846
2022-09-21 17:00:00;0.030231112660287027;0.028842552586478533;0.029999685981318944
2022-09-21 18:00:00;0.02908270619288337;0.02908270619288337;0.02908270619288337
2022-09-21 19:00:00;0.026099363078138225;0.026099363078138225;0.026099363078138225
2022-09-21 20:00:00;0.025318378585151364;0.025318378585151364;0.025318378585151364
2022-09-21 21:00:00;0.023755669445820846;0.023755669445820846;0.023755669445820846
2022-09-21 22:00:00;0.026595852247504312;0.026595852247504312;0.026595852247504312
2022-09-21 23:00:00;0.02375769747826185;0.02375769747826185;0.02375769747826185
2022-09-22 00:00:00;0.019334874845112218;0.019334874845112218;0.019334874845112218
2022-09-22 01:00:00;0.019435275882412905;0.019435275882412905;0.019435275882412905
2022-09-22 02:00:00;0.019002214280744105;0.019002214280744105;0.019002214280744105
2022-09-22 03:00:00;0.019202686813014985;0.019202686813014985;0.019202686813014985
2022-09-22 04:00:00;0.019253599059503617;0.019253599059503617;0.019253599059503617
2022-09-22 05:00:00;0.01413071341714151;0.013752058962222733;0.014067604341321715
2022-09-22 06:00:00;0.024731787899741255;0.022355794288647993;0.024335788964559044
2022-09-22 07:00:00;0.10863297626120973;0.08548336164861585;0.10477470715911079
2022-09-22 08:00:00;0.24674637679534342;0.19698861078660596;0.23845341579388718
2022-09-22 09:00:00;0.2638189394568062;0.21673131443184382;0.25597100195264577
2022-09-22 10:00:00;0.24038923814817945;0.201460539274064;0.23390112166916022
2022-09-22 11:00:00;0.2189348920629492;0.19534732382465655;0.21500363068990042
2022-09-22 12:00:00;0.3193911902506714;0.27512292658535153;0.3120131463064515
2022-09-22 13:00:00;0.274894918309667;0.2378872003448195;0.2687269653155258
2022-09-22 14:00:00;0.16514327437183007;0.1496462740867676;0.16256044099098635
2022-09-22 15:00:00;0.17245584506820544;0.15495472118150214;0.16953899108708825
2022-09-22 16:00:00;0.13677233633908362;0.1266369953796775;0.13508311284584926
2022-09-22 17:00:00;0.06645143085402937;0.06224042824170163;0.06574959708530807
2022-09-22 18:00:00;0.08247235834568478;0.08247235834568478;0.08247235834568478
2022-09-22 19:00:00;0.0827340269111703;0.0827340269111703;0.0827340269111703
2022-09-22 20:00:00;0.05472757401918596;0.05472757401918596;0.05472757401918596
2022-09-22 21:00:00;0.05598898607843626;0.05598898607843626;0.05598898607843626
2022-09-22 22:00:00;0.07139840344242611;0.07139840344242611;0.07139840344242611
2022-09-22 23:00:00;0.06664515796255571;0.06664515796255571;0.06664515796255571
2022-09-23 00:00:00;0.05040978717237129;0.05040978717237129;0.05040978717237129
2022-09-23 01:00:00;0.04584140818205985;0.04584140818205985;0.04584140818205985
2022-09-23 02:00:00;0.04943577675797085;0.04943577675797085;0.04943577675797085
2022-09-23 03:00:00;0.06427703738782067;0.06427703738782067;0.06427703738782067
2022-09-23 04:00:00;0.0660716693267324;0.0660716693267324;0.0660716693267324
2022-09-23 05:00:00;0.05973163154228963;0.059534534584038686;0.059698782049247806
2022-09-23 06:00:00;0.06853454133090657;0.06476192188426376;0.06790577142313277
2022-09-23 07:00:00;0.10743139743066672;0.09704137825150674;0.10569972756747341
2022-09-23 08:00:00;0.1296066642472008;0.11713070792073932;0.12752733819279055
2022-09-23 09:00:00;0.18249596714606775;0.15920339709185577;0.17861387213703245
2022-09-23 10:00:00;0.27291640060869615;0.23083370833683106;0.2659026185633853
2022-09-23 11:00:00;0.24644033094222176;0.21239912336022138;0.24076679634522172
2022-09-23 12:00:00;0.33642117520442566;0.2832931398835249;0.3275665026509422
2022-09-23 13:00:00;0.31993742078970333;0.27169149162199474;0.31189643259508526
2022-09-23 14:00:00;0.30323592400414606;0.2554243486813349;0.29526732811701084
2022-09-23 15:00:00;0.24874661146910534;0.2183051245724013;0.24367303031965473
2022-09-23 16:00:00;0.16675866516224386;0.14737882165001107;0.1635286912435384
2022-09-23 17:00:00;0.09353497050982568;0.09073312299667809;0.09306799592430107
2022-09-23 18:00:00;0.05969353901960486;0.05969353901960486;0.05969353901960486
2022-09-23 19:00:00;0.04817821615730623;0.04817821615730623;0.04817821615730623
2022-09-23 20:00:00;0.056918106054776034;0.056918106054776034;0.056918106054776034
2022-09-23 21:00:00;0.0729023594121261;0.0729023594121261;0.0729023594121261
2022-09-23 22:00:00;0.05989432890448879;0.05989432890448879;0.05989432890448879
2022-09-23 23:00:00;0.05464775654997143;0.05464775654997143;0.05464775654997143
2022-09-24 00:00:00;0.07230884938369264;0.07230884938369264;0.07230884938369264
2022-09-24 01:00:00;0.05564038941440583;0.05564038941440583;0.05564038941440583
2022-09-24 02:00:00;0.043966898179605;0.043966898179605;0.043966898179605
2022-09-24 03:00:00;0.03693155789052901;0.03693155789052901;0.03693155789052901
2022-09-24 04:00:00;0.042815463480634815;0.042815463480634815;0.042815463480634815
2022-09-24 05:00:00;0.026429315835528218;0.026148089606346705;0.0263824447973313
2022-09-24 06:00:00;0.044299290802685146;0.035032136120569574;0.04275476502233255
2022-09-24 07:00:00;0.13987939958367915;0.11139818837089917;0.13513253104821582
2022-09-24 08:00:00;0.25262320157506263;0.20299222353718221;0.24435137190208256
2022-09-24 09:00:00;0.35608969023857306;0.2917482879559847;0.345366123191475
2022-09-24 10:00:00;0.4345846257075234;0.3593757073687716;0.4220498059843981
2022-09-24 11:00:00;0.48842818944796085;0.40684565775606063;0.47483110083264424
2022-09-24 12:00:00;0.5011234649548578;0.4243049807138408;0.4883203842480217
2022-09-24 13:00:00;0.47023325254395804;0.3932446543532439;0.45740181951217235
2022-09-24 14:00:00;0.4023401893925586;0.34086678851867885;0.39209462258024536
2022-09-24 15:00:00;0.30635796335494614;0.26333602573573855;0.29918764041841156
2022-09-24 16:00:00;0.1878881447800352;0.16526521594470556;0.18411765664081362
2022-09-24 17:00:00;0.06619659646150236;0.06304177031739124;0.06567079210415051
2022-09-24 18:00:00;0.07066470659255662;0.07066470659255662;0.07066470659255662
2022-09-24 19:00:00;0.05291803959734514;0.05291803959734514;0.05291803959734514
2022-09-24 20:00:00;0.04141109669901444;0.04141109669901444;0.04141109669901444
2022-09-24 21:00:00;0.03228622047560292;0.03228622047560292;0.03228622047560292
2022-09-24 22:00:00;0.02862106447993094;0.02862106447993094;0.02862106447993094
2022-09-24 23:00:00;0.021530583203786226;0.021530583203786226;0.021530583203786226
2022-09-25 00:00:00;0.020981546958988632;0.020981546958988632;0.020981546958988632
2022-09-25 01:00:00;0.019212796596225105;0.019212796596225105;0.019212796596225105
2022-09-25 02:00:00;0.024614919619554004;0.024614919619554004;0.024614919619554004
2022-09-25 03:00:00;0.02184039767142657;0.02184039767142657;0.02184039767142657
2022-09-25 04:00:00;0.024311846506204556;0.024311846506204556;0.024311846506204556
2022-09-25 05:00:00;0.015014899659467692;0.014696819996608762;0.014961886382324536
2022-09-25 06:00:00;0.023850489335005932;0.020893974296555692;0.023357736828597563
2022-09-25 07:00:00;0.05372195942021978;0.04420357294470228;0.0521355616743002
2022-09-25 08:00:00;0.09802941547106442;0.07973892768753325;0.0949810008404759
2022-09-25 09:00:00;0.1509810633862044;0.12327289377908142;0.14636303511835058
2022-09-25 10:00:00;0.15212986180952556;0.12585055225335015;0.14774997688349636
2022-09-25 11:00:00;0.2772081801727374;0.2260804916019573;0.2686868987442741
2022-09-25 12:00:00;0.3017078028901666;0.2480656038040363;0.2927674363758116
2022-09-25 13:00:00;0.29855261411125134;0.2470508031372619;0.2899689789489198
2022-09-25 14:00:00;0.2063406855711267;0.17423081717362396;0.2009890408382096
2022-09-25 15:00:00;0.12422265623736149;0.11101115118133706;0.12202073872802409
2022-09-25 16:00:00;0.06598494131557951;0.05978649596459465;0.06495186709041538
2022-09-25 17:00:00;0.020901804382245332;0.019620245190862896;0.020688211183681592
2022-09-25 18:00:00;0.02892480139421446;0.02892480139421446;0.02892480139421446
2022-09-25 19:00:00;0.02839540915559316;0.02839540915559316;0.02839540915559316
2022-09-25 20:00:00;0.04099930544210034;0.04099930544210034;0.04099930544210034
2022-09-25 21:00:00;0.021150097113119024;0.021150097113119024;0.021150097113119024
2022-09-25 22:00:00;0.023901257251039768;0.023901257251039768;0.023901257251039768
2022-09-25 23:00:00;0.024420646589670907;0.024420646589670907;0.024420646589670907
2022-09-26 00:00:00;0.023206668767149326;0.023206668767149326;0.023206668767149326
2022-09-26 01:00:00;0.02853886728835649;0.02853886728835649;0.02853886728835649
2022-09-26 02:00:00;0.02853853175611291;0.02853853175611291;0.02853853175611291
2022-09-26 03:00:00;0.028515382866839595;0.028515382866839595;0.028515382866839595
2022-09-26 04:00:00;0.026070995894587865;0.026070995894587865;0.026070995894587865
2022-09-26 05:00:00;0.02621919107454795;0.02621919107454795;0.02621919107454795
2022-09-26 06:00:00;0.026245186050101725;0.024908418594798844;0.02602239147421791
2022-09-26 07:00:00;0.04409476922880603;0.03914246322328132;0.04326938489455192
2022-09-26 08:00:00;0.06046846361405565;0.05225529470538656;0.05909960212927748
2022-09-26 09:00:00;0.09383642967481445;0.0782788266762391;0.09124349584171858
2022-09-26 10:00:00;0.09020684303615437;0.07698920476743236;0.0880039033247007
2022-09-26 11:00:00;0.10864402182072383;0.09052523276051648;0.10562422364402262
2022-09-26 12:00:00;0.14734122785496387;0.12161597404031921;0.14305368555252312
2022-09-26 13:00:00;0.13572214533458923;0.11260486625332758;0.13186926548771227
2022-09-26 14:00:00;0.14822803452631758;0.12274102183888153;0.14398019907841159
2022-09-26 15:00:00;0.13345542734483987;0.10714153985790267;0.12906977943035033
2022-09-26 16:00:00;0.06966805491865641;0.057254730662437206;0.0675991675426199
2022-09-26 17:00:00;0.023721793134928962;0.022956737654082963;0.023594283888121296
2022-09-26 18:00:00;0.02457999395528655;0.02457999395528655;0.02457999395528655
2022-09-26 19:00:00;0.020813175524852373;0.020813175524852373;0.020813175524852373
2022-09-26 20:00:00;0.020356532142951758;0.020356532142951758;0.020356532142951758
2022-09-26 21:00:00;0.019441717418519293;0.019441717418519293;0.019441717418519293
2022-09-26 22:00:00;0.018966425640261134;0.018966425640261134;0.018966425640261134
2022-09-26 23:00:00;0.01911884958827825;0.01911884958827825;0.01911884958827825
2022-09-27 00:00:00;0.018986495558992077;0.018986495558992077;0.018986495558992077
2022-09-27 01:00:00;0.018706096228447888;0.018706096228447888;0.018706096228447888
2022-09-27 02:00:00;0.01985769807573772;0.01985769807573772;0.01985769807573772
2022-09-27 03:00:00;0.01976642384495991;0.01976642384495991;0.01976642384495991
2022-09-27 04:00:00;0.01974457457736968;0.01974457457736968;0.01974457457736968
2022-09-27 05:00:00;0.015915248030304682;0.01555983269947442;0.015856012141832975
2022-09-27 06:00:00;0.022730876696925827;0.020686500968918355;0.02239014740892458
2022-09-27 07:00:00;0.03991827086537678;0.034728083173888;0.039053239583461984
2022-09-27 08:00:00;0.05714904463405523;0.04846256789389848;0.05570129851069578
2022-09-27 09:00:00;0.07881284323336225;0.06583229878438698;0.07664941915853304
2022-09-27 10:00:00;0.11114219444934413;0.09194798578941346;0.10794315967268904
2022-09-27 11:00:00;0.10525138996351108;0.08710103156030453;0.10222633022964334
2022-09-27 12:00:00;0.06819344271209167;0.05842847924217267;0.0665659488004385
2022-09-27 13:00:00;0.07618262130763491;0.06356836077066244;0.07408024455147284
2022-09-27 14:00:00;0.0832860681045691;0.06885614920302029;0.08088108162097762
2022-09-27 15:00:00;0.06320705111165176;0.05297165977980008;0.06150115255634315
2022-09-27 16:00:00;0.04519792918737557;0.037106203048450186;0.04384930816422134
2022-09-27 17:00:00;-0.0019239593207395404;-0.0036835241634215446;-0.002217220127853208
2022-09-27 18:00:00;0.02067609791639414;0.02067609791639414;0.02067609791639414
2022-09-27 19:00:00;0.018562843952716714;0.018562843952716714;0.018562843952716714
2022-09-27 20:00:00;0.019523048714836042;0.019523048714836042;0.019523048714836042
2022-09-27 21:00:00;0.019520498059748266;0.019520498059748266;0.019520498059748266
2022-09-27 22:00:00;0.019315293174008465;0.019315293174008465;0.019315293174008465
2022-09-27 23:00:00;0.019310335908607056;0.019310335908607056;0.019310335908607056
2022-09-28 00:00:00;0.018900737425648146;0.018900737425648146;0.018900737425648146
2022-09-28 01:00:00;0.018408906469579257;0.018408906469579257;0.018408906469579257
2022-09-28 02:00:00;0.019248520808314032;0.019248520808314032;0.019248520808314032
2022-09-28 03:00:00;0.0191605602983427;0.0191605602983427;0.0191605602983427
2022-09-28 04:00:00;0.019618976999393935;0.019618976999393935;0.019618976999393935
2022-09-28 05:00:00;0.01789589082421702;0.01754684298473852;0.017837716184303937
2022-09-28 06:00:00;0.0337612668962447;0.026161940449581155;0.03249471248846745
2022-09-28 07:00:00;0.09412576199312933;0.07457225828554355;0.09086684470853171
2022-09-28 08:00:00;0.13607632963189228;0.11365189643025932;0.1323389240982868
2022-09-28 09:00:00;0.16145494470673347;0.13801633469193847;0.15754850970426765
2022-09-28 10:00:00;0.20395814682752428;0.17482652787301228;0.19910287700177232
2022-09-28 11:00:00;0.20176978830262138;0.17257323367873187;0.19690369586530648
2022-09-28 12:00:00;0.15801557688826245;0.1391202743794718;0.15486635980346403
2022-09-28 13:00:00;0.17030517618196114;0.15136709927667694;0.16714883003108044
2022-09-28 14:00:00;0.16022469539543277;0.1451037904819253;0.15770454457651487
2022-09-28 15:00:00;0.14765150275456307;0.12753688299277924;0.14429906612759913
2022-09-28 16:00:00;0.09939906951360473;0.08188615285424103;0.09648025007037746
2022-09-28 17:00:00;0.06189581676404044;0.06106902939398831;0.061758018869031754
2022-09-28 18:00:00;0.04788988924071482;0.04788988924071482;0.04788988924071482
2022-09-28 19:00:00;0.06407506430971473;0.06407506430971473;0.06407506430971473
2022-09-28 20:00:00;0.048728106744338286;0.048728106744338286;0.048728106744338286
2022-09-28 21:00:00;0.05770341791465797;0.05770341791465797;0.05770341791465797
2022-09-28 22:00:00;0.03684706212878846;0.03684706212878846;0.03684706212878846
2022-09-28 23:00:00;0.03431540797970583;0.03431540797970583;0.03431540797970583
2022-09-29 00:00:00;0.035385871337454605;0.035385871337454605;0.035385871337454605
2022-09-29 01:00:00;0.02858468316666236;0.02858468316666236;0.02858468316666236
2022-09-29 02:00:00;0.026862769907188524;0.026862769907188524;0.026862769907188524
2022-09-29 03:00:00;0.027549512309647327;0.027549512309647327;0.027549512309647327
2022-09-29 04:00:00;0.024761243720285164;0.024761243720285164;0.024761243720285164
2022-09-29 05:00:00;0.016085942607193978;0.015785172470948638;0.01603581425115309
2022-09-29 06:00:00;0.05069983128871276;0.043159581764060824;0.04944312303460412
2022-09-29 07:00:00;0.12521103476653142;0.10411273785982454;0.12169465194874694
2022-09-29 08:00:00;0.18431915296366966;0.15587891782455848;0.1795791137738178
2022-09-29 09:00:00;0.27655393468885703;0.22863783543852126;0.2685679181471344
2022-09-29 10:00:00;0.33948042479607254;0.28071078367738955;0.3296854846096254
2022-09-29 11:00:00;0.38951127799400115;0.31803402015057464;0.3775984016867634
2022-09-29 12:00:00;0.39862883707282937;0.32831826420648424;0.3869104082617719
2022-09-29 13:00:00;0.3852960597188258;0.30669767212972604;0.3721963284539759
2022-09-29 14:00:00;0.3145492724075243;0.25772932919422586;0.30507928187197464
2022-09-29 15:00:00;0.2219888705733894;0.184464378707882;0.21573478859580486
2022-09-29 16:00:00;0.11407431542706378;0.09580712221222303;0.11102978322459033
2022-09-29 17:00:00;0.057356077134027246;0.055943102626233504;0.05712058138272829
2022-09-29 18:00:00;0.04439749530285082;0.04439749530285082;0.04439749530285082
2022-09-29 19:00:00;0.021931812129935193;0.021931812129935193;0.021931812129935193
2022-09-29 20:00:00;0.02247255421739863;0.02247255421739863;0.02247255421739863
2022-09-29 21:00:00;0.021617545139712518;0.021617545139712518;0.021617545139712518
2022-09-29 22:00:00;0.020725280744202094;0.020725280744202094;0.020725280744202094
2022-09-29 23:00:00;0.019499539059817994;0.019499539059817994;0.019499539059817994
2022-09-30 00:00:00;0.01993424273151922;0.01993424273151922;0.01993424273151922
2022-09-30 01:00:00;0.019983331879610006;0.019983331879610006;0.019983331879610006
2022-09-30 02:00:00;0.019062343947986924;0.019062343947986924;0.019062343947986924
2022-09-30 03:00:00;0.016665379992633355;0.016665379992633355;0.016665379992633355
2022-09-30 04:00:00;0.01594017764459265;0.01594017764459265;0.01594017764459265
2022-09-30 05:00:00;0.011785865233410926;0.011506614675371939;0.011739323473737762
2022-09-30 06:00:00;0.02621776426616069;0.01761585116993155;0.02478411208345584
2022-09-30 07:00:00;0.10684951154290188;0.0820431879734077;0.10271512428131951
2022-09-30 08:00:00;0.22611981335786294;0.17708119933631006;0.21794671102093743
2022-09-30 09:00:00;0.31704813528100156;0.2533307020611458;0.3064285630776923
2022-09-30 10:00:00;0.38001940854344546;0.31183557034473797;0.3686554355103276
2022-09-30 11:00:00;0.42005620193037707;0.3514524285259368;0.4086222396963038
2022-09-30 12:00:00;0.41968908073912664;0.3521216434294109;0.40842784118750736
2022-09-30 13:00:00;0.3877807763263598;0.32560668380718544;0.37741842757316413
2022-09-30 14:00:00;0.33635864099207047;0.28597864802298756;0.3279619754972234
2022-09-30 15:00:00;0.24658307629003023;0.21059590181795015;0.24058521387801687
2022-09-30 16:00:00;0.15825034218965803;0.143123519755117;0.15572920511723454
2022-09-30 17:00:00;0.0854629933740601;0.08449952903234213;0.08530241598377378
2022-09-30 18:00:00;0.0723871969719303;0.0723871969719303;0.0723871969719303
2022-09-30 19:00:00;0.029040814950651573;0.029040814950651573;0.029040814950651573
2022-09-30 20:00:00;0.04218037299625291;0.04218037299625291;0.04218037299625291
2022-09-30 21:00:00;0.02227177580957661;0.02227177580957661;0.02227177580957661
2022-09-30 22:00:00;0.020754836719070423;0.020754836719070423;0.020754836719070423
2022-09-30 23:00:00;0.0193342147191142;0.0193342147191142;0.0193342147191142
2022-10-01 00:00:00;0.018470482626264106;0.018470482626264106;0.018470482626264106
2022-10-01 01:00:00;0.018254857300148346;0.018254857300148346;0.018254857300148346
2022-10-01 02:00:00;0.017125819015090683;0.017125819015090683;0.017125819015090683
2022-10-01 03:00:00;0.018039991786150917;0.018039991786150917;0.018039991786150917
2022-10-01 04:00:00;0.01736787186604532;0.01736787186604532;0.01736787186604532
2022-10-01 05:00:00;0.017504258315134483;0.017504258315134483;0.017504258315134483
2022-10-01 06:00:00;0.02389603356514532;0.018001677853325897;0.022913640946508752
2022-10-01 07:00:00;0.08614621662362519;0.06677390786322382;0.08291749849689163
2022-10-01 08:00:00;0.15470986509880474;0.12353209657480828;0.14951357034480534
2022-10-01 09:00:00;0.23386939620177974;0.187017813456097;0.22606079907749932
2022-10-01 10:00:00;0.27599950428139924;0.22989375623316557;0.26831521294002697
2022-10-01 11:00:00;0.29885409369413174;0.24963148483374506;0.29065032555073395
2022-10-01 12:00:00;0.26606490619604745;0.22365815260868174;0.25899711393148656
2022-10-01 13:00:00;0.18570923462137576;0.163196834574369;0.18195716794687464
2022-10-01 14:00:00;0.1612520409364474;0.14400032852077263;0.15837675553383496
2022-10-01 15:00:00;0.18219306131020377;0.16063386922559506;0.17859986262943567
2022-10-01 16:00:00;0.12563313752855038;0.11760105920355561;0.1242944578077179
2022-10-01 17:00:00;0.06883807780334329;0.06761989312792983;0.0686350470241077
2022-10-01 18:00:00;0.07699613555511063;0.07699613555511063;0.07699613555511063
2022-10-01 19:00:00;0.05517564345922608;0.05517564345922608;0.05517564345922608
2022-10-01 20:00:00;0.0816736301008806;0.0816736301008806;0.0816736301008806
2022-10-01 21:00:00;0.05975794211367054;0.05975794211367054;0.05975794211367054
2022-10-01 22:00:00;0.05621429888044272;0.05621429888044272;0.05621429888044272
2022-10-01 23:00:00;0.06102294149426185;0.06102294149426185;0.06102294149426185
2022-10-02 00:00:00;0.05938086257117487;0.05938086257117487;0.05938086257117487
2022-10-02 01:00:00;0.06298295260900254;0.06298295260900254;0.06298295260900254
2022-10-02 02:00:00;0.06327970861628156;0.06327970861628156;0.06327970861628156
2022-10-02 03:00:00;0.05506248266615251;0.05506248266615251;0.05506248266615251
2022-10-02 04:00:00;0.04625856076117162;0.04625856076117162;0.04625856076117162
2022-10-02 05:00:00;0.03395801996078716;0.033740394489130625;0.0339217490488444
2022-10-02 06:00:00;0.034020967597982135;0.027402400394893348;0.032917873064134004
2022-10-02 07:00:00;0.10798254888133735;0.08782048614153536;0.10462220509137037
2022-10-02 08:00:00;0.2029347439686624;0.16733376147741527;0.19700124688678788
2022-10-02 09:00:00;0.27081392347598465;0.23448502600824384;0.2647591072313612
2022-10-02 10:00:00;0.3255518849030154;0.27998102463806335;0.31795674152552345
2022-10-02 11:00:00;0.36085043767420466;0.3030436221159193;0.35121596841449043
2022-10-02 12:00:00;0.36943810936539645;0.30755003415373033;0.35912343016345216
2022-10-02 13:00:00;0.35503437573855917;0.2972633643195115;0.34540587383538457
2022-10-02 14:00:00;0.3019599824610098;0.2572702010538251;0.29451168555981233
2022-10-02 15:00:00;0.21067773672407306;0.17621596339697718;0.20493410783622376
2022-10-02 16:00:00;0.12247026377279213;0.10781325372173287;0.12002742876428225
2022-10-02 17:00:00;0.07611281649699168;0.07523301744634518;0.07596618332188394
2022-10-02 18:00:00;0.05259955254450848;0.05259955254450848;0.05259955254450848
2022-10-02 19:00:00;0.04464006276203729;0.04464006276203729;0.04464006276203729
2022-10-02 20:00:00;0.030583794313481495;0.030583794313481495;0.030583794313481495
2022-10-02 21:00:00;0.026549921121894127;0.026549921121894127;0.026549921121894127
2022-10-02 22:00:00;0.02241994686461166;0.02241994686461166;0.02241994686461166
2022-10-02 23:00:00;0.017760273303771768;0.017760273303771768;0.017760273303771768
2022-10-03 00:00:00;0.01781961897541192;0.01781961897541192;0.01781961897541192
2022-10-03 01:00:00;0.017681475931222837;0.017681475931222837;0.017681475931222837
2022-10-03 02:00:00;0.016385220649143023;0.016385220649143023;0.016385220649143023
2022-10-03 03:00:00;0.016458214899697555;0.016458214899697555;0.016458214899697555
2022-10-03 04:00:00;0.01611458966326147;0.01611458966326147;0.01611458966326147
2022-10-03 05:00:00;0.012017810881749327;0.011806456567800251;0.011982585162757816
2022-10-03 06:00:00;0.020177832978359997;0.012623467201302781;0.018918772015517133
2022-10-03 07:00:00;0.08511564064087043;0.06614804503374862;0.08195437470635013
2022-10-03 08:00:00;0.19185451543561313;0.15028520319365135;0.18492629672861954
2022-10-03 09:00:00;0.29999220734856596;0.23713479622358008;0.2895159721610683
2022-10-03 10:00:00;0.384237500601512;0.30508623883204017;0.37104562363993343
2022-10-03 11:00:00;0.4262635941636771;0.34200254538037667;0.41222008603312704
2022-10-03 12:00:00;0.4257877928335061;0.3444310376391844;0.41222833363445244
2022-10-03 13:00:00;0.3830502527031298;0.3191930552821298;0.3724073864662965
2022-10-03 14:00:00;0.32226175685987035;0.26920944808928016;0.3134197053981053
2022-10-03 15:00:00;0.22127062651022292;0.1825472193199354;0.2148167253118417
2022-10-03 16:00:00;0.1242985855961617;0.10841667432642726;0.1216516003845393
2022-10-03 17:00:00;0.08745512164003444;0.08681204147305442;0.08734794161220442
2022-10-03 18:00:00;0.08943416947297603;0.08943416947297603;0.08943416947297603
2022-10-03 19:00:00;0.03034285671250468;0.03034285671250468;0.03034285671250468
2022-10-03 20:00:00;0.018724411942254618;0.018724411942254618;0.018724411942254618
2022-10-03 21:00:00;0.019663841908734107;0.019663841908734107;0.019663841908734107
2022-10-03 22:00:00;0.018563436104144692;0.018563436104144692;0.018563436104144692
2022-10-03 23:00:00;0.01892560823792779;0.01892560823792779;0.01892560823792779
2022-10-04 00:00:00;0.016849590554527824;0.016849590554527824;0.016849590554527824
2022-10-04 01:00:00;0.020185743643330766;0.020185743643330766;0.020185743643330766
2022-10-04 02:00:00;0.01681314961952093;0.01681314961952093;0.01681314961952093
2022-10-04 03:00:00;0.0159035602489444;0.0159035602489444;0.0159035602489444
2022-10-04 04:00:00;0.01582297113842632;0.01582297113842632;0.01582297113842632
2022-10-04 05:00:00;0.011239387329373508;0.010978937060053939;0.01119597895115358
2022-10-04 06:00:00;0.019441514337871675;0.012754490067582957;0.01832701029282356
2022-10-04 07:00:00;0.08322567840698263;0.06378267130619171;0.07998517722351749
2022-10-04 08:00:00;0.1927054031714545;0.15043469762321957;0.18566028558008205
2022-10-04 09:00:00;0.2768924114949551;0.2184199103072173;0.26714699463033215
2022-10-04 10:00:00;0.3699645215765817;0.2956479462202088;0.35757842568385295
2022-10-04 11:00:00;0.4295754599388012;0.34949635601020806;0.41622894261736904
2022-10-04 12:00:00;0.44997816547891245;0.3720153922415176;0.4369843699393467
2022-10-04 13:00:00;0.42063622062388467;0.35438601398013986;0.409594519516594
2022-10-04 14:00:00;0.3409388063373097;0.28079635288470545;0.33091506409520904
2022-10-04 15:00:00;0.24607617400228543;0.20757765140472223;0.23965975356935823
2022-10-04 16:00:00;0.13424084824095003;0.1183343386242555;0.13158976330483427
2022-10-04 17:00:00;0.09542906530286922;0.09473580931771053;0.09531352263867611
2022-10-04 18:00:00;0.03395507305650576;0.03395507305650576;0.03395507305650576
2022-10-04 19:00:00;0.031044139754172927;0.031044139754172927;0.031044139754172927
2022-10-04 20:00:00;0.02796707914799403;0.02796707914799403;0.02796707914799403
2022-10-04 21:00:00;0.023312869375538458;0.023312869375538458;0.023312869375538458
2022-10-04 22:00:00;0.02055992363411238;0.02055992363411238;0.02055992363411238
2022-10-04 23:00:00;0.018502802016397066;0.018502802016397066;0.018502802016397066
2022-10-05 00:00:00;0.021043626052974017;0.021043626052974017;0.021043626052974017
2022-10-05 01:00:00;0.016654442082761487;0.016654442082761487;0.016654442082761487
2022-10-05 02:00:00;0.018655537608801755;0.018655537608801755;0.018655537608801755
2022-10-05 03:00:00;0.017082280538540447;0.017082280538540447;0.017082280538540447
2022-10-05 04:00:00;0.016843795126765527;0.016843795126765527;0.016843795126765527
2022-10-05 05:00:00;0.016949492211457008;0.016949492211457008;0.016949492211457008
2022-10-05 06:00:00;0.020315216390086446;0.013047764023234081;0.019103974328944385
2022-10-05 07:00:00;0.09800076002319005;0.07448273035615459;0.0940810884120175
2022-10-05 08:00:00;0.2067419200919215;0.16148432946236219;0.19919898832032834
2022-10-05 09:00:00;0.29141169596482935;0.23202264475930592;0.2815135207639088
2022-10-05 10:00:00;0.38790097370424775;0.31245656839930824;0.3753269061534245
2022-10-05 11:00:00;0.4338105456384828;0.353597253181767;0.4204416635623635
2022-10-05 12:00:00;0.45684636813876783;0.37533814315754266;0.44326166397523037
2022-10-05 13:00:00;0.4278253880122547;0.3578185329660408;0.41615757883788573
2022-10-05 14:00:00;0.3543597249625146;0.3018480592454732;0.345607780676341
2022-10-05 15:00:00;0.26577299481766703;0.2321499931856023;0.2601691612123229
2022-10-05 16:00:00;0.1607024518990137;0.14777797619085556;0.15854837261432067
2022-10-05 17:00:00;0.09421434679378439;0.09383701568645668;0.09415145827589644
2022-10-05 18:00:00;0.023644339331256897;0.023644339331256897;0.023644339331256897
2022-10-05 19:00:00;0.026112517092606514;0.026112517092606514;0.026112517092606514
2022-10-05 20:00:00;0.020632157486218845;0.020632157486218845;0.020632157486218845
2022-10-05 21:00:00;0.02418861658990089;0.02418861658990089;0.02418861658990089
2022-10-05 22:00:00;0.02022083277336821;0.02022083277336821;0.02022083277336821
2022-10-05 23:00:00;0.020045533684125823;0.020045533684125823;0.020045533684125823
2022-10-06 00:00:00;0.018903820320559643;0.018903820320559643;0.018903820320559643
2022-10-06 01:00:00;0.018762971471123806;0.018762971471123806;0.018762971471123806
2022-10-06 02:00:00;0.018704940247933264;0.018704940247933264;0.018704940247933264
2022-10-06 03:00:00;0.018092533120480356;0.018092533120480356;0.018092533120480356
2022-10-06 04:00:00;0.017852150108057723;0.017852150108057723;0.017852150108057723
2022-10-06 05:00:00;0.017836314232648764;0.017836314232648764;0.017836314232648764
2022-10-06 06:00:00;0.019773365415143677;0.014345517102036557;0.018868724029625826
2022-10-06 07:00:00;0.09048359111557618;0.06921505069644923;0.08693883437905503
2022-10-06 08:00:00;0.17331597785922137;0.13672811796862994;0.16721800121078947
2022-10-06 09:00:00;0.3027161839848562;0.240359096214454;0.2923233360231225
2022-10-06 10:00:00;0.3707355161494427;0.29921669323130073;0.35881571232975246
2022-10-06 11:00:00;0.4105201163871361;0.33394706359193443;0.39775794092126915
2022-10-06 12:00:00;0.42411898436057055;0.3508806377320715;0.41191259325582075
2022-10-06 13:00:00;0.37049103229752023;0.30815812393286884;0.36010221423674504
2022-10-06 14:00:00;0.22701944761664578;0.2013351140988398;0.2227387253636781
2022-10-06 15:00:00;0.14629903844381653;0.13395048779714933;0.144240946669372
2022-10-06 16:00:00;0.10160178403974182;0.0945594160807636;0.10042805604657878
2022-10-06 17:00:00;0.06589369331592666;0.06550457104331103;0.06582883960382406
2022-10-06 18:00:00;0.07148662310561256;0.07148662310561256;0.07148662310561256
2022-10-06 19:00:00;0.03971278908980245;0.03971278908980245;0.03971278908980245
2022-10-06 20:00:00;0.04665493839778174;0.04665493839778174;0.04665493839778174
2022-10-06 21:00:00;0.055631246350991974;0.055631246350991974;0.055631246350991974
2022-10-06 22:00:00;0.05007870245501761;0.05007870245501761;0.05007870245501761
2022-10-06 23:00:00;0.0500658789547393;0.0500658789547393;0.0500658789547393
2022-10-07 00:00:00;0.04214399228471871;0.04214399228471871;0.04214399228471871
2022-10-07 01:00:00;0.04722115271437502;0.04722115271437502;0.04722115271437502
2022-10-07 02:00:00;0.03815042234029179;0.03815042234029179;0.03815042234029179
2022-10-07 03:00:00;0.03803789123027663;0.03803789123027663;0.03803789123027663
2022-10-07 04:00:00;0.034661546112441884;0.034661546112441884;0.034661546112441884
2022-10-07 05:00:00;0.02909081211064127;0.02909081211064127;0.02909081211064127
2022-10-07 06:00:00;0.0242409777511118;0.020543740747303012;0.023624771583810343
2022-10-07 07:00:00;0.058984997820553775;0.048252862940405254;0.05719630867386236
2022-10-07 08:00:00;0.10099406635121362;0.0842818847664716;0.09820870275375664
2022-10-07 09:00:00;0.13557548494909963;0.11511616977980056;0.13216559908754977
2022-10-07 10:00:00;0.09272691853744801;0.08603496525818728;0.09161159299090456
2022-10-07 11:00:00;0.12082604134713662;0.10530082173203034;0.1182385047446189
2022-10-07 12:00:00;0.1266758353873995;0.11168339037487203;0.12417709455197827
2022-10-07 13:00:00;0.16966299954600583;0.14472006780504204;0.16550584425584522
2022-10-07 14:00:00;0.16708493457463797;0.13830725015347217;0.16228865383777702
2022-10-07 15:00:00;0.09503169447288386;0.0892775764911827;0.094072674809267
2022-10-07 16:00:00;0.07936771669916107;0.07701819919211732;0.07897613044798713
2022-10-07 17:00:00;0.05420256927211919;0.05393367610775979;0.05415775374472595
2022-10-07 18:00:00;0.061088124214448494;0.061088124214448494;0.061088124214448494
2022-10-07 19:00:00;0.041739082268125005;0.041739082268125005;0.041739082268125005
2022-10-07 20:00:00;0.04076495909226248;0.04076495909226248;0.04076495909226248
2022-10-07 21:00:00;0.03257961364882752;0.03257961364882752;0.03257961364882752
2022-10-07 22:00:00;0.029623277240384365;0.029623277240384365;0.029623277240384365
2022-10-07 23:00:00;0.02735826325258831;0.02735826325258831;0.02735826325258831
2022-10-08 00:00:00;0.02233198806272349;0.02233198806272349;0.02233198806272349
2022-10-08 01:00:00;0.03327390521791761;0.03327390521791761;0.03327390521791761
2022-10-08 02:00:00;0.033461853860453056;0.033461853860453056;0.033461853860453056
2022-10-08 03:00:00;0.029412996496420908;0.029412996496420908;0.029412996496420908
2022-10-08 04:00:00;0.03394408173797788;0.03394408173797788;0.03394408173797788
2022-10-08 05:00:00;0.026614976515751995;0.026614976515751995;0.026614976515751995
2022-10-08 06:00:00;0.015958923880692522;0.010772444987371703;0.015094510731805719
2022-10-08 07:00:00;0.09674714304885929;0.07895470793706416;0.09378173719689344
2022-10-08 08:00:00;0.12083276365574858;0.09932152708713504;0.11724755756097965
2022-10-08 09:00:00;0.15412488297534804;0.12941889527234723;0.1500072183581813
2022-10-08 10:00:00;0.1899373602670564;0.16156506161634246;0.18520864382527075
2022-10-08 11:00:00;0.2382732876602893;0.20362374573853345;0.23249836400666332
2022-10-08 12:00:00;0.24592023200565746;0.21203447550121998;0.2402726059215846
2022-10-08 13:00:00;0.2466309590190844;0.2137106035426977;0.24114423310635333
2022-10-08 14:00:00;0.21731704066218813;0.18986842934817555;0.21274227210985272
2022-10-08 15:00:00;0.15951750288437688;0.1434353920229646;0.1568371510741415
2022-10-08 16:00:00;0.11326237374366872;0.11000035352251913;0.11271870370681046
2022-10-08 17:00:00;0.08888191329813568;0.0886603277039656;0.088844982365774
2022-10-08 18:00:00;0.06251782507380527;0.06251782507380527;0.06251782507380527
2022-10-08 19:00:00;0.06762844766848283;0.06762844766848283;0.06762844766848283
2022-10-08 20:00:00;0.06257465078806607;0.06257465078806607;0.06257465078806607
2022-10-08 21:00:00;0.05693283229545124;0.05693283229545124;0.05693283229545124
2022-10-08 22:00:00;0.05126790358142095;0.05126790358142095;0.05126790358142095
2022-10-08 23:00:00;0.060831087958405694;0.060831087958405694;0.060831087958405694
2022-10-09 00:00:00;0.05738949121846908;0.05738949121846908;0.05738949121846908
2022-10-09 01:00:00;0.04943884028399983;0.04943884028399983;0.04943884028399983
2022-10-09 02:00:00;0.04204895251154141;0.04204895251154141;0.04204895251154141
2022-10-09 03:00:00;0.030889082324319705;0.030889082324319705;0.030889082324319705
2022-10-09 04:00:00;0.030458099637295653;0.030458099637295653;0.030458099637295653
2022-10-09 05:00:00;0.03159004755516816;0.03159004755516816;0.03159004755516816
2022-10-09 06:00:00;0.03339248273125262;0.03254693861248777;0.03325155871145848
2022-10-09 07:00:00;0.04441088163155221;0.04045671370538368;0.04375185364385745
2022-10-09 08:00:00;0.06951296029891374;0.062097811694421204;0.06827710219816499
2022-10-09 09:00:00;0.08851592475927417;0.07350769829518342;0.08601455368192573
2022-10-09 10:00:00;0.0971797470196385;0.08097129114076473;0.09447833770649289
2022-10-09 11:00:00;0.22938765397558575;0.18717681857575852;0.22235251474228124
2022-10-09 12:00:00;0.2918139468782549;0.24426405316635247;0.2838889645929379
2022-10-09 13:00:00;0.26641195430178494;0.22481901742548635;0.2594797981557352
2022-10-09 14:00:00;0.1736278395648401;0.14910460253072869;0.1695406333924882
2022-10-09 15:00:00;0.1899129114647121;0.16378906546176994;0.1855589371308884
2022-10-09 16:00:00;0.10258801912886248;0.09269729565799786;0.10093956521705172
2022-10-09 17:00:00;0.06546581294902744;0.06519042389776501;0.06541991477381703
2022-10-09 18:00:00;0.04778043779947927;0.04778043779947927;0.04778043779947927
2022-10-09 19:00:00;0.03340841939600845;0.03340841939600845;0.03340841939600845
2022-10-09 20:00:00;0.026096126888450963;0.026096126888450963;0.026096126888450963
2022-10-09 21:00:00;0.021375133270089896;0.021375133270089896;0.021375133270089896
2022-10-09 22:00:00;0.01886848695978172;0.01886848695978172;0.01886848695978172
2022-10-09 23:00:00;0.016076702661452783;0.016076702661452783;0.016076702661452783
2022-10-10 00:00:00;0.01618327999890538;0.01618327999890538;0.01618327999890538
2022-10-10 01:00:00;0.01590866921045611;0.01590866921045611;0.01590866921045611
2022-10-10 02:00:00;0.014338278860082956;0.014338278860082956;0.014338278860082956
2022-10-10 03:00:00;0.01511925421989598;0.01511925421989598;0.01511925421989598
2022-10-10 04:00:00;0.016392914091897554;0.016392914091897554;0.016392914091897554
2022-10-10 05:00:00;0.014996506513482524;0.014996506513482524;0.014996506513482524
2022-10-10 06:00:00;0.012077594853235346;0.007223336683774282;0.011268551824991837
2022-10-10 07:00:00;0.07874270889836896;0.05910613681274059;0.07546994688409758
2022-10-10 08:00:00;0.11985357120088413;0.09444848387811033;0.11561938998042183
2022-10-10 09:00:00;0.17516603824846746;0.13910110173988927;0.1691552154970378
2022-10-10 10:00:00;0.28791435888458533;0.2349717275944757;0.2790905870029004
2022-10-10 11:00:00;0.29993686916312223;0.2490380141986456;0.2914537266690428
2022-10-10 12:00:00;0.21939906906526005;0.18174159716854787;0.2131228237491414
2022-10-10 13:00:00;0.20654253642637369;0.17880474936108148;0.20191957191549167
2022-10-10 14:00:00;0.25403421337356785;0.21327433636083817;0.2472409005381129
2022-10-10 15:00:00;0.1579076461523646;0.1329994862006564;0.15375628616041329
2022-10-10 16:00:00;0.08981016157245014;0.08100232692888536;0.088342189131856
2022-10-10 17:00:00;0.06399530076622567;0.06371657632538641;0.06394884669275247
2022-10-10 18:00:00;0.04786714995296217;0.04786714995296217;0.04786714995296217
2022-10-10 19:00:00;0.03853803190079849;0.03853803190079849;0.03853803190079849
2022-10-10 20:00:00;0.03259627818727965;0.03259627818727965;0.03259627818727965
2022-10-10 21:00:00;0.028700580630307445;0.028700580630307445;0.028700580630307445
2022-10-10 22:00:00;0.019008481053317913;0.019008481053317913;0.019008481053317913
2022-10-10 23:00:00;0.017689415195988042;0.017689415195988042;0.017689415195988042
2022-10-11 00:00:00;0.016891229819966797;0.016891229819966797;0.016891229819966797
2022-10-11 01:00:00;0.016163171713158075;0.016163171713158075;0.016163171713158075
2022-10-11 02:00:00;0.015552755599819786;0.015552755599819786;0.015552755599819786
2022-10-11 03:00:00;0.01482731790398277;0.01482731790398277;0.01482731790398277
2022-10-11 04:00:00;0.013751399681429083;0.013751399681429083;0.013751399681429083
2022-10-11 05:00:00;0.013592393918573375;0.013592393918573375;0.013592393918573375
2022-10-11 06:00:00;0.007697998282823616;0.002481550706142661;0.006828590353376791
2022-10-11 07:00:00;0.07507951046919226;0.05584388422895887;0.07187357276248671
2022-10-11 08:00:00;0.13492275305879536;0.10695157219497667;0.13026088958149226
2022-10-11 09:00:00;0.19946043289586798;0.16192905946521835;0.19320520399075972
2022-10-11 10:00:00;0.2604775508842782;0.21543988788598673;0.2529712737178963
2022-10-11 11:00:00;0.3162536124190841;0.2603925962017466;0.30694344304952786
2022-10-11 12:00:00;0.33196319635003846;0.2815875813643452;0.3235672605190895
2022-10-11 13:00:00;0.32118050697064404;0.27512841436995505;0.31350515820386254
2022-10-11 14:00:00;0.2909547904532289;0.25337415676481867;0.2846913515051606
2022-10-11 15:00:00;0.21934751950291775;0.19469491951415296;0.2152387528381236
2022-10-11 16:00:00;0.126899155991235;0.11758484072851881;0.12534677011411563
2022-10-11 17:00:00;0.09268983533887064;0.09240787789310935;0.09264284243124377
2022-10-11 18:00:00;0.07046364687133275;0.07046364687133275;0.07046364687133275
2022-10-11 19:00:00;0.05798512887364489;0.05798512887364489;0.05798512887364489
2022-10-11 20:00:00;0.050937071369465944;0.050937071369465944;0.050937071369465944
2022-10-11 21:00:00;0.018750743196753763;0.018750743196753763;0.018750743196753763
2022-10-11 22:00:00;0.03370072810019359;0.03370072810019359;0.03370072810019359
2022-10-11 23:00:00;0.020949543400750524;0.020949543400750524;0.020949543400750524
2022-10-12 00:00:00;0.017160222776662522;0.017160222776662522;0.017160222776662522
2022-10-12 01:00:00;0.016306888758382092;0.016306888758382092;0.016306888758382092
2022-10-12 02:00:00;0.01592886048937212;0.01592886048937212;0.01592886048937212
2022-10-12 03:00:00;0.015248678007875873;0.015248678007875873;0.015248678007875873
2022-10-12 04:00:00;0.014602096981835344;0.014602096981835344;0.014602096981835344
2022-10-12 05:00:00;0.014041215128516105;0.014041215128516105;0.014041215128516105
2022-10-12 06:00:00;0.009354568679800498;0.005403194579782961;0.008696006329797579
2022-10-12 07:00:00;0.05167333606582188;0.04035732858980464;0.049787334819819014
2022-10-12 08:00:00;0.10225795036639249;0.08074188807503686;0.09867193998449988
2022-10-12 09:00:00;0.22171548490553172;0.17381586744913988;0.21373221532946637
2022-10-12 10:00:00;0.20689394711156145;0.16519463911087195;0.1999440624447799
2022-10-12 11:00:00;0.18209826056894646;0.15110643893993325;0.17693295696411093
2022-10-12 12:00:00;0.19427220842895132;0.16589761898674885;0.18954311018858427
2022-10-12 13:00:00;0.19881861460101946;0.16907852620279368;0.19386193320131517
2022-10-12 14:00:00;0.13502735152959958;0.1127548810251557;0.1313152731121923
2022-10-12 15:00:00;0.06319706443038374;0.05549003874584415;0.061912560149627135
2022-10-12 16:00:00;0.04355178887263633;0.04194850083871784;0.04328457420031658
2022-10-12 17:00:00;0.04415515268988244;0.04415515268988244;0.04415515268988244
2022-10-12 18:00:00;0.03775868168908684;0.03775868168908684;0.03775868168908684
2022-10-12 19:00:00;0.03016365563601976;0.03016365563601976;0.03016365563601976
2022-10-12 20:00:00;0.026139190868556938;0.026139190868556938;0.026139190868556938
2022-10-12 21:00:00;0.023726942125746824;0.023726942125746824;0.023726942125746824
2022-10-12 22:00:00;0.023300057655811383;0.023300057655811383;0.023300057655811383
2022-10-12 23:00:00;0.026027422230091916;0.026027422230091916;0.026027422230091916
2022-10-13 00:00:00;0.02615102895331181;0.02615102895331181;0.02615102895331181
2022-10-13 01:00:00;0.024318667214965624;0.024318667214965624;0.024318667214965624
2022-10-13 02:00:00;0.02431883029134712;0.02431883029134712;0.02431883029134712
2022-10-13 03:00:00;0.027500846204095458;0.027500846204095458;0.027500846204095458
2022-10-13 04:00:00;0.024179002901876835;0.024179002901876835;0.024179002901876835
2022-10-13 05:00:00;0.020996335226560157;0.020996335226560157;0.020996335226560157
2022-10-13 06:00:00;0.0213270528804764;0.018269529852878504;0.020817465709210083
2022-10-13 07:00:00;0.08955637564107542;0.069532865526868;0.08621912395537418
2022-10-13 08:00:00;0.19691512868296668;0.15638156296243624;0.19015953439621164
2022-10-13 09:00:00;0.27928343259547955;0.23100441801228566;0.2712369301649473
2022-10-13 10:00:00;0.20361191359524788;0.17580203794889454;0.1989769343208557
2022-10-13 11:00:00;0.13738212515452172;0.12979153936446222;0.13611702752284513
2022-10-13 12:00:00;0.08180033087988012;0.07420142173051783;0.08053384602165307
2022-10-13 13:00:00;0.0485248605237946;0.04516936579709518;0.04796561140267803
2022-10-13 14:00:00;0.04284450679800528;0.03935754794982365;0.042263346989975005
2022-10-13 15:00:00;0.04358694289554013;0.04147459284852507;0.04323488455437095
2022-10-13 16:00:00;0.03067120023133153;0.029175448120266484;0.030421908212820693
2022-10-13 17:00:00;0.036912825137220225;0.036912825137220225;0.036912825137220225
2022-10-13 18:00:00;0.03514391757550163;0.03514391757550163;0.03514391757550163
2022-10-13 19:00:00;0.0421949205540213;0.0421949205540213;0.0421949205540213
2022-10-13 20:00:00;0.025761970372592567;0.025761970372592567;0.025761970372592567
2022-10-13 21:00:00;0.02353884630567907;0.02353884630567907;0.02353884630567907
2022-10-13 22:00:00;0.01730883506955258;0.01730883506955258;0.01730883506955258
2022-10-13 23:00:00;0.019012810299156486;0.019012810299156486;0.019012810299156486
2022-10-14 00:00:00;0.019686174393595275;0.019686174393595275;0.019686174393595275
2022-10-14 01:00:00;0.019300386455088553;0.019300386455088553;0.019300386455088553
2022-10-14 02:00:00;0.019492110816729934;0.019492110816729934;0.019492110816729934
2022-10-14 03:00:00;0.019202810780648148;0.019202810780648148;0.019202810780648148
2022-10-14 04:00:00;0.01840205358738425;0.01840205358738425;0.01840205358738425
2022-10-14 05:00:00;0.019587494405927858;0.019587494405927858;0.019587494405927858
2022-10-14 06:00:00;0.020264635123064558;0.019353804655366506;0.020112830045114882
2022-10-14 07:00:00;0.033352639783495064;0.028772961192227397;0.032589360018283796
2022-10-14 08:00:00;0.03540549079279726;0.03186486086772609;0.0348153858052854
2022-10-14 09:00:00;0.094366162580093;0.0775075037090932;0.09155638610159306
2022-10-14 10:00:00;0.09829410755598744;0.08185164710855097;0.0955536974814147
2022-10-14 11:00:00;0.10919930764593304;0.09069880081773771;0.10611588984123381
2022-10-14 12:00:00;0.09576561404056774;0.07915798289277148;0.09299767551593503
2022-10-14 13:00:00;0.08197716239258536;0.06892795677649644;0.07980229478990387
2022-10-14 14:00:00;0.09600350867388711;0.07944363097275559;0.09324352905703186
2022-10-14 15:00:00;0.090252585531008;0.07342519366984926;0.0874480202208149
2022-10-14 16:00:00;0.039351608248113325;0.03260985775944862;0.038227983166669206
2022-10-14 17:00:00;0.033618617165315674;0.033618617165315674;0.033618617165315674
2022-10-14 18:00:00;0.023695408745791614;0.023695408745791614;0.023695408745791614
2022-10-14 19:00:00;0.018557655514957656;0.018557655514957656;0.018557655514957656
2022-10-14 20:00:00;0.017228663647922953;0.017228663647922953;0.017228663647922953
2022-10-14 21:00:00;0.01742800235364839;0.01742800235364839;0.01742800235364839
2022-10-14 22:00:00;0.017473425175496687;0.017473425175496687;0.017473425175496687
2022-10-14 23:00:00;0.016317730002156187;0.016317730002156187;0.016317730002156187
2022-10-15 00:00:00;0.016752470808402548;0.016752470808402548;0.016752470808402548
2022-10-15 01:00:00;0.015797347546788996;0.015797347546788996;0.015797347546788996
2022-10-15 02:00:00;0.015618114705183147;0.015618114705183147;0.015618114705183147
2022-10-15 03:00:00;0.014491937215675158;0.014491937215675158;0.014491937215675158
2022-10-15 04:00:00;0.014150184654409955;0.014150184654409955;0.014150184654409955
2022-10-15 05:00:00;0.013099388617987415;0.013099388617987415;0.013099388617987415
2022-10-15 06:00:00;0.008969885902734055;0.007685045748844272;0.008755745877085759
2022-10-15 07:00:00;0.03222666730969555;0.02638400034941841;0.03125288948298269
2022-10-15 08:00:00;0.07027485002054695;0.05657379955193088;0.06799134160911094
2022-10-15 09:00:00;0.11186010169784726;0.09018804831591905;0.10824809280085924
2022-10-15 10:00:00;0.14697263270064226;0.12252805340247074;0.14289853615094697
2022-10-15 11:00:00;0.22229768670193684;0.18184096816956105;0.2155549002798742
2022-10-15 12:00:00;0.24315670556156185;0.2020980927655868;0.23631360342889934
2022-10-15 13:00:00;0.290840122958036;0.23585283538275267;0.2816755750288221
2022-10-15 14:00:00;0.24505080900208184;0.20123624652047511;0.2377483819218141
2022-10-15 15:00:00;0.13517171757494084;0.11476981110344359;0.1317713998296913
2022-10-15 16:00:00;0.047939648945247465;0.04490952956384229;0.047434629048346603
2022-10-15 17:00:00;0.03777648839367173;0.03777648839367173;0.03777648839367173
2022-10-15 18:00:00;0.02450735856597156;0.02450735856597156;0.02450735856597156
2022-10-15 19:00:00;0.02475659962003597;0.02475659962003597;0.02475659962003597
2022-10-15 20:00:00;0.02453738041357837;0.02453738041357837;0.02453738041357837
2022-10-15 21:00:00;0.028705013525914844;0.028705013525914844;0.028705013525914844
2022-10-15 22:00:00;0.0464565731391382;0.0464565731391382;0.0464565731391382
2022-10-15 23:00:00;0.04595516002866145;0.04595516002866145;0.04595516002866145
2022-10-16 00:00:00;0.043427710982981205;0.043427710982981205;0.043427710982981205
2022-10-16 01:00:00;0.06371861078932305;0.06371861078932305;0.06371861078932305
2022-10-16 02:00:00;0.044325632337651306;0.044325632337651306;0.044325632337651306
2022-10-16 03:00:00;0.04802467146353719;0.04802467146353719;0.04802467146353719
2022-10-16 04:00:00;0.030660696702675523;0.030660696702675523;0.030660696702675523
2022-10-16 05:00:00;0.019105265803303594;0.019105265803303594;0.019105265803303594
2022-10-16 06:00:00;0.0056603993569235836;0.0020552044190202206;0.005059533533939691
2022-10-16 07:00:00;0.07242794082977679;0.053545149473682024;0.06928080893709433
2022-10-16 08:00:00;0.15813915920440033;0.126966507651532;0.15294371727892228
2022-10-16 09:00:00;0.22348256156145688;0.18266370258620315;0.2166794183989146
2022-10-16 10:00:00;0.24033006484100417;0.2027830263555562;0.23407222509342954
2022-10-16 11:00:00;0.23060129957034706;0.20283680053491754;0.22597388306444213
2022-10-16 12:00:00;0.29214338168535336;0.24930444899089163;0.2850035595696097
2022-10-16 13:00:00;0.31145035123995346;0.26348888496207495;0.30345677352697376
2022-10-16 14:00:00;0.18519301684442255;0.16265995149109444;0.18143750595220123
2022-10-16 15:00:00;0.12813898202104892;0.11925289003248496;0.1266579666896216
2022-10-16 16:00:00;0.07412953839218152;0.071583793431669;0.07370524756542943
2022-10-16 17:00:00;0.050691060217914294;0.050691060217914294;0.050691060217914294
2022-10-16 18:00:00;0.036359372371412034;0.036359372371412034;0.036359372371412034
2022-10-16 19:00:00;0.0261980221278085;0.0261980221278085;0.0261980221278085
2022-10-16 20:00:00;0.028318355260338175;0.028318355260338175;0.028318355260338175
2022-10-16 21:00:00;0.022082097060257853;0.022082097060257853;0.022082097060257853
2022-10-16 22:00:00;0.027972703657705458;0.027972703657705458;0.027972703657705458
2022-10-16 23:00:00;0.0264430587587332;0.0264430587587332;0.0264430587587332
2022-10-17 00:00:00;0.02656929225635179;0.02656929225635179;0.02656929225635179
2022-10-17 01:00:00;0.03538094552183482;0.03538094552183482;0.03538094552183482
2022-10-17 02:00:00;0.0322594223287057;0.0322594223287057;0.0322594223287057
2022-10-17 03:00:00;0.03373081943361034;0.03373081943361034;0.03373081943361034
2022-10-17 04:00:00;0.03317902697003993;0.03317902697003993;0.03317902697003993
2022-10-17 05:00:00;0.030681164753459948;0.030681164753459948;0.030681164753459948
2022-10-17 06:00:00;0.02105684163545181;0.01774945153851489;0.02050560995262899
2022-10-17 07:00:00;0.07620844830265364;0.06270601443952047;0.0739580426587981
2022-10-17 08:00:00;0.1452562580790022;0.1194657134275723;0.14095783397043057
2022-10-17 09:00:00;0.2292879706126224;0.18834943938003568;0.22246488207385803
2022-10-17 10:00:00;0.22215937336812358;0.1890593063763647;0.21664269553616378
2022-10-17 11:00:00;0.20960390770262297;0.1829384082030225;0.2051596577860229
2022-10-17 12:00:00;0.1865340404572669;0.16148147020123158;0.18235861208126103
2022-10-17 13:00:00;0.25181522947497204;0.21140297760449023;0.24507985416322506
2022-10-17 14:00:00;0.2065881349020392;0.18178400643498924;0.20245411349086423
2022-10-17 15:00:00;0.1291703274056633;0.12140847879107668;0.12787668596989887
2022-10-17 16:00:00;0.08127093006379191;0.07972267388900481;0.08101288736799406
2022-10-17 17:00:00;0.0860952274146222;0.0860952274146222;0.0860952274146222
2022-10-17 18:00:00;0.06577767362713709;0.06577767362713709;0.06577767362713709
2022-10-17 19:00:00;0.02489207645840852;0.02489207645840852;0.02489207645840852
2022-10-17 20:00:00;0.025308272273164716;0.025308272273164716;0.025308272273164716
2022-10-17 21:00:00;0.023472140480963567;0.023472140480963567;0.023472140480963567
2022-10-17 22:00:00;0.022111270642615647;0.022111270642615647;0.022111270642615647
2022-10-17 23:00:00;0.024496112944307705;0.024496112944307705;0.024496112944307705
2022-10-18 00:00:00;0.025542655254713484;0.025542655254713484;0.025542655254713484
2022-10-18 01:00:00;0.02451575034294557;0.02451575034294557;0.02451575034294557
2022-10-18 02:00:00;0.025879496189253864;0.025879496189253864;0.025879496189253864
2022-10-18 03:00:00;0.026082526388733956;0.026082526388733956;0.026082526388733956
2022-10-18 04:00:00;0.02223753884585736;0.02223753884585736;0.02223753884585736
2022-10-18 05:00:00;0.02078577103162922;0.02078577103162922;0.02078577103162922
2022-10-18 06:00:00;0.01724253337718253;0.0166260354696997;0.01713978372593539
2022-10-18 07:00:00;0.02732815253410246;0.025230807619379486;0.0269785950483153
2022-10-18 08:00:00;0.04627682649236146;0.04006005736920178;0.04524069830516818
2022-10-18 09:00:00;0.1185886374022142;0.09550475866355354;0.11474132427910409
2022-10-18 10:00:00;0.0727606135559919;0.061040723241666914;0.07080729850360441
2022-10-18 11:00:00;0.058614034359488656;0.05076082006092566;0.05730516530972815
2022-10-18 12:00:00;0.0521130655657488;0.0452848180564613;0.05097502431420089
2022-10-18 13:00:00;0.0446673033093029;0.040117319434328835;0.0439089726634739
2022-10-18 14:00:00;0.046443415595067865;0.04007356624706045;0.045381774037066634
2022-10-18 15:00:00;0.06548031417821752;0.05509233323172037;0.06374898402046801
2022-10-18 16:00:00;0.023441038399240183;0.02167654982551877;0.02314695697028661
2022-10-18 17:00:00;0.023645125404287176;0.023645125404287176;0.023645125404287176
2022-10-18 18:00:00;0.024186993596416954;0.024186993596416954;0.024186993596416954
2022-10-18 19:00:00;0.021112077763790385;0.021112077763790385;0.021112077763790385
2022-10-18 20:00:00;0.020120054456183006;0.020120054456183006;0.020120054456183006
2022-10-18 21:00:00;0.018553953300151554;0.018553953300151554;0.018553953300151554
2022-10-18 22:00:00;0.017498166122849476;0.017498166122849476;0.017498166122849476
2022-10-18 23:00:00;0.01521597490491354;0.01521597490491354;0.01521597490491354
2022-10-19 00:00:00;0.016049032597193615;0.016049032597193615;0.016049032597193615
2022-10-19 01:00:00;0.014292581650232405;0.014292581650232405;0.014292581650232405
2022-10-19 02:00:00;0.017193293550901427;0.017193293550901427;0.017193293550901427
2022-10-19 03:00:00;0.015196394564953279;0.015196394564953279;0.015196394564953279
2022-10-19 04:00:00;0.013966745773993575;0.013966745773993575;0.013966745773993575
2022-10-19 05:00:00;0.013536579820061834;0.013536579820061834;0.013536579820061834
2022-10-19 06:00:00;0.00900093853712605;0.007913111696764058;0.008819634063732385
2022-10-19 07:00:00;0.02779098130902579;0.022585019569280686;0.02692332101906827
2022-10-19 08:00:00;0.06722656920194364;0.05352318321487331;0.06494267153743194
2022-10-19 09:00:00;0.09653785785013835;0.07751428615180628;0.09336726256708301
2022-10-19 10:00:00;0.10557131713835897;0.08783834681171274;0.10261582208391791
2022-10-19 11:00:00;0.258964981482142;0.20610362528880694;0.2501547554499195
2022-10-19 12:00:00;0.3044429420496698;0.24353517745432318;0.29429164795044543
2022-10-19 13:00:00;0.21396747396728746;0.1750572232330681;0.20748243217825094
2022-10-19 14:00:00;0.17543345598234092;0.1512188998819653;0.1713976966322783
2022-10-19 15:00:00;0.12791873896566539;0.11170423023721429;0.12521632084425688
2022-10-19 16:00:00;0.07661371018775284;0.07605567140428054;0.07652070372384079
2022-10-19 17:00:00;0.04702988970591647;0.04702988970591647;0.04702988970591647
2022-10-19 18:00:00;0.03696757031323314;0.03696757031323314;0.03696757031323314
2022-10-19 19:00:00;0.07755759149594722;0.07755759149594722;0.07755759149594722
2022-10-19 20:00:00;0.04240335203672124;0.04240335203672124;0.04240335203672124
2022-10-19 21:00:00;0.024198769778534347;0.024198769778534347;0.024198769778534347
2022-10-19 22:00:00;0.016792855853361065;0.016792855853361065;0.016792855853361065
2022-10-19 23:00:00;0.015642186248299557;0.015642186248299557;0.015642186248299557
2022-10-20 00:00:00;0.016660741080943765;0.016660741080943765;0.016660741080943765
2022-10-20 01:00:00;0.0191800830910903;0.0191800830910903;0.0191800830910903
2022-10-20 02:00:00;0.021196730594240168;0.021196730594240168;0.021196730594240168
2022-10-20 03:00:00;0.019329516817604107;0.019329516817604107;0.019329516817604107
2022-10-20 04:00:00;0.02334791870023949;0.02334791870023949;0.02334791870023949
2022-10-20 05:00:00;0.02988858250852062;0.02988858250852062;0.02988858250852062
2022-10-20 06:00:00;0.055563997198379976;0.05490986080624014;0.05545497446635667
2022-10-20 07:00:00;0.06620841632454426;0.0621955866507337;0.06553961137890917
2022-10-20 08:00:00;0.07316160449951135;0.06697221800593538;0.07213004008391535
2022-10-20 09:00:00;0.12247004637723564;0.10627225200483749;0.11977041398183597
2022-10-20 10:00:00;0.13238766709589994;0.11816274884511359;0.13001684738743555
2022-10-20 11:00:00;0.13408818388787128;0.12574461281819804;0.13269758870959242
2022-10-20 12:00:00;0.1287298527124773;0.1169322173942779;0.12676358015944406
2022-10-20 13:00:00;0.11811194380429024;0.11040087107185796;0.11682676501555153
2022-10-20 14:00:00;0.12137179543191272;0.11154163640729063;0.1197334355944757
2022-10-20 15:00:00;0.1062991257782027;0.10002515844079518;0.10525346455530146
2022-10-20 16:00:00;0.08160747133111597;0.08081344102913282;0.08147513294745211
2022-10-20 17:00:00;0.05388570677752801;0.05388570677752801;0.05388570677752801
2022-10-20 18:00:00;0.03843013330072502;0.03843013330072502;0.03843013330072502
2022-10-20 19:00:00;0.037965832390963836;0.037965832390963836;0.037965832390963836
2022-10-20 20:00:00;0.03084712843231896;0.03084712843231896;0.03084712843231896
2022-10-20 21:00:00;0.038462887042875336;0.038462887042875336;0.038462887042875336
2022-10-20 22:00:00;0.03562828460877572;0.03562828460877572;0.03562828460877572
2022-10-20 23:00:00;0.04299411612031879;0.04299411612031879;0.04299411612031879
2022-10-21 00:00:00;0.038179216961515654;0.038179216961515654;0.038179216961515654
2022-10-21 01:00:00;0.03417350071835719;0.03417350071835719;0.03417350071835719
2022-10-21 02:00:00;0.032607915152271655;0.032607915152271655;0.032607915152271655
2022-10-21 03:00:00;0.027282747270695778;0.027282747270695778;0.027282747270695778
2022-10-21 04:00:00;0.025217225734445962;0.025217225734445962;0.025217225734445962
2022-10-21 05:00:00;0.01926569721859978;0.01926569721859978;0.01926569721859978
2022-10-21 06:00:00;0.013384844949365728;0.012575051192151255;0.013249879323163315
2022-10-21 07:00:00;0.04625439233556644;0.036093916348511196;0.04456097967105723
2022-10-21 08:00:00;0.10767313299255885;0.08626530199204886;0.10410516115914054
2022-10-21 09:00:00;;;
2022-10-21 10:00:00;0.2131955518687715;0.17817695436441217;0.20735911895137835
2022-10-21 11:00:00;0.25801521397150406;0.21435925972865824;0.25073922159769646
2022-10-21 12:00:00;0.25281155239561015;0.21298169689837107;0.24617324314607028
2022-10-21 13:00:00;0.2418443267102514;0.2090819579686764;0.23638393191998894
2022-10-21 14:00:00;0.21011217322998596;0.18471426490081197;0.20587918850845696
2022-10-21 15:00:00;0.14357139175516256;0.13250079149932986;0.14172629171252377
2022-10-21 16:00:00;0.08960849153272069;0.08806433415878714;0.08935113197039841
2022-10-21 17:00:00;0.06279997390647617;0.06279997390647617;0.06279997390647617
2022-10-21 18:00:00;0.05081174843886454;0.05081174843886454;0.05081174843886454
2022-10-21 19:00:00;0.04662482272602708;0.04662482272602708;0.04662482272602708
2022-10-21 20:00:00;0.029102483581344665;0.029102483581344665;0.029102483581344665
2022-10-21 21:00:00;0.023277553776090167;0.023277553776090167;0.023277553776090167
2022-10-21 22:00:00;0.021113275617120335;0.021113275617120335;0.021113275617120335
2022-10-21 23:00:00;0.02260442374226697;0.02260442374226697;0.02260442374226697
2022-10-22 00:00:00;0.022668788386010483;0.022668788386010483;0.022668788386010483
2022-10-22 01:00:00;0.018668410699887703;0.018668410699887703;0.018668410699887703
2022-10-22 02:00:00;0.01826642477736276;0.01826642477736276;0.01826642477736276
2022-10-22 03:00:00;0.017696229709056474;0.017696229709056474;0.017696229709056474
2022-10-22 04:00:00;0.016099596158298434;0.016099596158298434;0.016099596158298434
2022-10-22 05:00:00;0.015866191792321217;0.015866191792321217;0.015866191792321217
2022-10-22 06:00:00;-0.0053624267687048775;-0.007863846855558446;-0.005779330116513806
2022-10-22 07:00:00;0.06840174891602835;0.04902070723292185;0.06517157530217726
2022-10-22 08:00:00;0.14975340404635706;0.1195051428751558;0.14471202718449022
2022-10-22 09:00:00;0.22810784509062068;0.1857045470271553;0.22104062874670982
2022-10-22 10:00:00;0.28295850408066775;0.23901453775437123;0.27563450969295167
2022-10-22 11:00:00;0.34300467921115263;0.29575329056636707;0.33512944777035497
2022-10-22 12:00:00;0.3522452353484577;0.30390905236598503;0.34418920485137894
2022-10-22 13:00:00;0.35843702258427745;0.31506472024738;0.3512083055281279
2022-10-22 14:00:00;0.3093721851196087;0.2796587749777929;0.3044199500959727
2022-10-22 15:00:00;0.24967536616043012;0.23339884589533744;0.24696261278291468
2022-10-22 16:00:00;0.14831452549308607;0.14475380887551678;0.14772107272349116
2022-10-22 17:00:00;0.09804188688235005;0.09804188688235005;0.09804188688235005
2022-10-22 18:00:00;0.09092065974057874;0.09092065974057874;0.09092065974057874
2022-10-22 19:00:00;0.031770261529225366;0.031770261529225366;0.031770261529225366
2022-10-22 20:00:00;0.025499822610929583;0.025499822610929583;0.025499822610929583
2022-10-22 21:00:00;0.019991872337196848;0.019991872337196848;0.019991872337196848
2022-10-22 22:00:00;0.02860465669055542;0.02860465669055542;0.02860465669055542
2022-10-22 23:00:00;0.02804107927764597;0.02804107927764597;0.02804107927764597
2022-10-23 00:00:00;0.018330452914618687;0.018330452914618687;0.018330452914618687
2022-10-23 01:00:00;0.018283869092044883;0.018283869092044883;0.018283869092044883
2022-10-23 02:00:00;0.018313282994923397;0.018313282994923397;0.018313282994923397
2022-10-23 03:00:00;0.016965831758563293;0.016965831758563293;0.016965831758563293
2022-10-23 04:00:00;0.01660157597359373;0.01660157597359373;0.01660157597359373
2022-10-23 05:00:00;0.015395932767807027;0.015395932767807027;0.015395932767807027
2022-10-23 06:00:00;-0.0024457217433747243;-0.004183441202491834;-0.002735341653227574
2022-10-23 07:00:00;0.05292690235516238;0.038712064889884476;0.05055776277761607
2022-10-23 08:00:00;0.15013567100911593;0.11518626822220336;0.14431077054463054
2022-10-23 09:00:00;0.23591964031380902;0.18563534170745338;0.22753892387941643
2022-10-23 10:00:00;0.3014189644316014;0.240954048473463;0.2913414784385783
2022-10-23 11:00:00;0.3588257406484864;0.2881685297761427;0.3470495388364291
2022-10-23 12:00:00;0.3458047012059909;0.2882055458265819;0.33620484197608946
2022-10-23 13:00:00;0.3050930414477963;0.25468644399166784;0.29669194187177494
2022-10-23 14:00:00;0.2279860369759705;0.1941574159446097;0.22234793347074372
2022-10-23 15:00:00;0.1455348622545617;0.1289978188782008;0.14277868835850155
2022-10-23 16:00:00;0.06992649486331283;0.06673656333524339;0.06939483960863459
2022-10-23 17:00:00;0.041097104506440774;0.041097104506440774;0.041097104506440774
2022-10-23 18:00:00;0.037020577832864075;0.037020577832864075;0.037020577832864075
2022-10-23 19:00:00;0.029753833912130222;0.029753833912130222;0.029753833912130222
2022-10-23 20:00:00;0.03178343156215344;0.03178343156215344;0.03178343156215344
2022-10-23 21:00:00;0.027535248383771277;0.027535248383771277;0.027535248383771277
2022-10-23 22:00:00;0.029210525260367135;0.029210525260367135;0.029210525260367135
2022-10-23 23:00:00;0.024108215368130143;0.024108215368130143;0.024108215368130143
2022-10-24 00:00:00;0.02347658312791943;0.02347658312791943;0.02347658312791943
2022-10-24 01:00:00;0.02398318943883519;0.02398318943883519;0.02398318943883519
2022-10-24 02:00:00;0.027956652156039027;0.027956652156039027;0.027956652156039027
2022-10-24 03:00:00;0.024177880385886082;0.024177880385886082;0.024177880385886082
2022-10-24 04:00:00;0.026005086322232168;0.026005086322232168;0.026005086322232168
2022-10-24 05:00:00;0.022810071614842654;0.022810071614842654;0.022810071614842654
2022-10-24 06:00:00;0.013036345373083074;0.012420429883059926;0.012933692791412548
2022-10-24 07:00:00;0.03836922354961946;0.033468194819776295;0.03755238542797894
2022-10-24 08:00:00;0.12725019630992607;0.0993207092207802;0.12259528179506841
2022-10-24 09:00:00;0.21937371590547475;0.17435970344286122;0.21187138049503923
2022-10-24 10:00:00;0.2530931332333627;0.20937920695165146;0.2458074788530775
2022-10-24 11:00:00;0.35538550044051026;0.2941843287116963;0.3451853051523746
2022-10-24 12:00:00;0.2976109429179824;0.24959181007767264;0.28960775411126416
2022-10-24 13:00:00;0.22953579605489766;0.1949755304514303;0.22377575178765308
2022-10-24 14:00:00;0.20326231614159276;0.17350282395452135;0.1983024007770809
2022-10-24 15:00:00;0.1570290227896957;0.13367515830231766;0.1531367120417993
2022-10-24 16:00:00;0.06387996083751778;0.061456166162418537;0.06347599505833457
2022-10-24 17:00:00;0.05003582555128134;0.05003582555128134;0.05003582555128134
2022-10-24 18:00:00;0.04504097347417123;0.04504097347417123;0.04504097347417123
2022-10-24 19:00:00;0.051942288874710175;0.051942288874710175;0.051942288874710175
2022-10-24 20:00:00;0.05287666191415435;0.05287666191415435;0.05287666191415435
2022-10-24 21:00:00;0.04230049032455961;0.04230049032455961;0.04230049032455961
2022-10-24 22:00:00;0.041082872472502314;0.041082872472502314;0.041082872472502314
2022-10-24 23:00:00;0.035204365731692805;0.035204365731692805;0.035204365731692805
2022-10-25 00:00:00;0.031858181624523266;0.031858181624523266;0.031858181624523266
2022-10-25 01:00:00;0.034280562257155964;0.034280562257155964;0.034280562257155964
2022-10-25 02:00:00;0.030314397455498215;0.030314397455498215;0.030314397455498215
2022-10-25 03:00:00;0.03192828742752092;0.03192828742752092;0.03192828742752092
2022-10-25 04:00:00;0.02475357619285814;0.02475357619285814;0.02475357619285814
2022-10-25 05:00:00;0.021784994111372625;0.021784994111372625;0.021784994111372625
2022-10-25 06:00:00;0.01120456654355946;0.010515041319082033;0.011089645672813222
2022-10-25 07:00:00;0.02968873170088781;0.02553843209712544;0.028997015100260752
2022-10-25 08:00:00;0.05539328879562729;0.046168536189071054;0.05385583002786793
2022-10-25 09:00:00;0.07994566204327308;0.06589635213185144;0.07760411039136948
2022-10-25 10:00:00;0.09547675565002946;0.07818335544238617;0.0925945222820889
2022-10-25 11:00:00;0.11539207934177868;0.09456557472296609;0.11192099523864325
2022-10-25 12:00:00;0.20655944740676294;0.16424811159815145;0.1995075581053277
2022-10-25 13:00:00;0.22360818162637702;0.1762611891532711;0.2157170162141927
2022-10-25 14:00:00;0.16346636955393615;0.12903677154486665;0.15772810321909125
2022-10-25 15:00:00;0.06229771094406771;0.05241531284970273;0.06065064459500689
2022-10-25 16:00:00;0.02672988306681572;0.025530817624418608;0.0265300388264162
2022-10-25 17:00:00;0.02433737605269367;0.02433737605269367;0.02433737605269367
2022-10-25 18:00:00;0.023441251209066347;0.023441251209066347;0.023441251209066347
2022-10-25 19:00:00;0.02259730169788845;0.02259730169788845;0.02259730169788845
2022-10-25 20:00:00;0.025390358108303764;0.025390358108303764;0.025390358108303764
2022-10-25 21:00:00;0.023565643558694286;0.023565643558694286;0.023565643558694286
2022-10-25 22:00:00;0.021159647949109555;0.021159647949109555;0.021159647949109555
2022-10-25 23:00:00;0.019878369852175014;0.019878369852175014;0.019878369852175014
2022-10-26 00:00:00;0.02075887625371922;0.02075887625371922;0.02075887625371922
2022-10-26 01:00:00;0.021501459596197498;0.021501459596197498;0.021501459596197498
2022-10-26 02:00:00;0.020331166322991527;0.020331166322991527;0.020331166322991527
2022-10-26 03:00:00;0.019868599847100692;0.019868599847100692;0.019868599847100692
2022-10-26 04:00:00;0.01868965619396247;0.01868965619396247;0.01868965619396247
2022-10-26 05:00:00;0.018440293925321764;0.018440293925321764;0.018440293925321764
2022-10-26 06:00:00;0.0069464493463872855;0.005901064192169281;0.006772218487350953
2022-10-26 07:00:00;0.0388476649518335;0.032720443269170084;0.03782646133805627
2022-10-26 08:00:00;0.08044681689956444;0.06566502293793745;0.07798318457262661
2022-10-26 09:00:00;0.10168786901462314;0.08333439959163139;0.09862895744412452
2022-10-26 10:00:00;0.12755013426577694;0.10432597295849538;0.12367944071456337
2022-10-26 11:00:00;0.085585428661454;0.07248072471515056;0.08340131133707009
2022-10-26 12:00:00;0.08537933937716728;0.07293506960688538;0.08330529441545365
2022-10-26 13:00:00;0.09802196754899321;0.08260714557011128;0.09545283055251293
2022-10-26 14:00:00;0.12217757025573835;0.099913854073575;0.1184669508920445
2022-10-26 15:00:00;0.06965890072598946;0.060330067662217005;0.0681040952153607
2022-10-26 16:00:00;0.027326959288739655;0.023983905285007955;0.02676978362145104
2022-10-26 17:00:00;0.03533248926611112;0.03533248926611112;0.03533248926611112
2022-10-26 18:00:00;0.027859833992849792;0.027859833992849792;0.027859833992849792
2022-10-26 19:00:00;0.026043193272714295;0.026043193272714295;0.026043193272714295
2022-10-26 20:00:00;0.0211133931911721;0.0211133931911721;0.0211133931911721
2022-10-26 21:00:00;0.01977896786465313;0.01977896786465313;0.01977896786465313
2022-10-26 22:00:00;0.02157409475608421;0.02157409475608421;0.02157409475608421
2022-10-26 23:00:00;0.02355620738269822;0.02355620738269822;0.02355620738269822
2022-10-27 00:00:00;0.02238220888750174;0.02238220888750174;0.02238220888750174
2022-10-27 01:00:00;0.028681881500401858;0.028681881500401858;0.028681881500401858
2022-10-27 02:00:00;0.027768911236671683;0.027768911236671683;0.027768911236671683
2022-10-27 03:00:00;0.025124359236246178;0.025124359236246178;0.025124359236246178
2022-10-27 04:00:00;0.02325470108269353;0.02325470108269353;0.02325470108269353
2022-10-27 05:00:00;0.07396266128485479;0.07396266128485479;0.07396266128485479
2022-10-27 06:00:00;0.04445387745758218;0.043456973191313315;0.04428772674653737
2022-10-27 07:00:00;0.07842967575902172;0.07042792793405386;0.07709605112152708
2022-10-27 08:00:00;0.12966064391298823;0.10835547817705878;0.12610978295699998
2022-10-27 09:00:00;0.19932820568490925;0.16685024032483303;0.19391521145822987
2022-10-27 10:00:00;0.24814515890442806;0.20874196169951595;0.24157795937027604
2022-10-27 11:00:00;0.26814120506089006;0.2245246765288685;0.2608717836388865
2022-10-27 12:00:00;0.2542742705089589;0.21719630279803703;0.2480946092238053
2022-10-27 13:00:00;0.2552977125898471;0.21294614114154256;0.24823911734846305
2022-10-27 14:00:00;0.19955015674067894;0.17296969803038362;0.19512008028896308
2022-10-27 15:00:00;0.12581449969326342;0.11078924043237484;0.12331028981644868
2022-10-27 16:00:00;0.06463618669965807;0.06264203056756647;0.06430382734430946
2022-10-27 17:00:00;0.078497350658795;0.078497350658795;0.078497350658795
2022-10-27 18:00:00;0.055402114866689216;0.055402114866689216;0.055402114866689216
2022-10-27 19:00:00;0.05101589322012514;0.05101589322012514;0.05101589322012514
2022-10-27 20:00:00;0.03488238759830595;0.03488238759830595;0.03488238759830595
2022-10-27 21:00:00;0.03492875984826338;0.03492875984826338;0.03492875984826338
2022-10-27 22:00:00;0.023084007916372412;0.023084007916372412;0.023084007916372412
2022-10-27 23:00:00;0.019203174383399926;0.019203174383399926;0.019203174383399926
2022-10-28 00:00:00;0.0217669068642002;0.0217669068642002;0.0217669068642002
2022-10-28 01:00:00;0.019816502712892894;0.019816502712892894;0.019816502712892894
2022-10-28 02:00:00;0.017873455575400956;0.017873455575400956;0.017873455575400956
2022-10-28 03:00:00;0.016421777019645523;0.016421777019645523;0.016421777019645523
2022-10-28 04:00:00;0.015111281966701012;0.015111281966701012;0.015111281966701012
2022-10-28 05:00:00;0.015445691549541226;0.015445691549541226;0.015445691549541226
2022-10-28 06:00:00;-0.004077138838294347;-0.00532587585010772;-0.0042852616735965755
2022-10-28 07:00:00;0.04201553242997378;0.029888472660533426;0.039994355801733716
2022-10-28 08:00:00;0.11047969253022412;0.08510601924927666;0.10625074698339956
2022-10-28 09:00:00;0.173687278360031;0.13886866553376953;0.1678841762223208
2022-10-28 10:00:00;0.23788056012578856;0.19221066044761523;0.23026891017942636
2022-10-28 11:00:00;0.26119402705141964;0.21391065201704712;0.2533134645456909
2022-10-28 12:00:00;0.25270750138502657;0.21100302273221763;0.24575675494289176
2022-10-28 13:00:00;0.23607413986730622;0.19903153744309066;0.22990037279660366
2022-10-28 14:00:00;0.1547949174764852;0.13367443199701526;0.1512748365632402
2022-10-28 15:00:00;0.11586741561878607;0.10543082254167575;0.1141279834392677
2022-10-28 16:00:00;0.05844403822962806;0.05676344110143944;0.058163938708263294
2022-10-28 17:00:00;0.059075532697376594;0.059075532697376594;0.059075532697376594
2022-10-28 18:00:00;0.04601907098544929;0.04601907098544929;0.04601907098544929
2022-10-28 19:00:00;0.0223895521617478;0.0223895521617478;0.0223895521617478
2022-10-28 20:00:00;0.016627252719427593;0.016627252719427593;0.016627252719427593
2022-10-28 21:00:00;0.02004415653799399;0.02004415653799399;0.02004415653799399
2022-10-28 22:00:00;0.017320903788590476;0.017320903788590476;0.017320903788590476
2022-10-28 23:00:00;0.01621165927125162;0.01621165927125162;0.01621165927125162
2022-10-29 00:00:00;0.01560782769892782;0.01560782769892782;0.01560782769892782
2022-10-29 01:00:00;0.01481472002319732;0.01481472002319732;0.01481472002319732
2022-10-29 02:00:00;0.014305172740484505;0.014305172740484505;0.014305172740484505
2022-10-29 03:00:00;0.013017185311906047;0.013017185311906047;0.013017185311906047
2022-10-29 04:00:00;0.013411274228660598;0.013411274228660598;0.013411274228660598
2022-10-29 05:00:00;0.013227320939776618;0.013227320939776618;0.013227320939776618
2022-10-29 06:00:00;0.0008997092111430395;7.101198513326433e-05;0.000761593006808077
2022-10-29 07:00:00;0.036429087846586536;0.02578313048707056;0.03465476162000054
2022-10-29 08:00:00;0.11656819788368021;0.08793457865054018;0.11179592801149023
2022-10-29 09:00:00;0.15888686228943813;0.12514907031794595;0.15326389696085613
2022-10-29 10:00:00;0.17732989306332264;0.1431359306179381;0.17163089932242526
2022-10-29 11:00:00;0.25783773100828555;0.20635137212371715;0.24925667119419084
2022-10-29 12:00:00;0.2499307806920905;0.20858100972334254;0.24303915219729916
2022-10-29 13:00:00;0.24290151028497955;0.20759928012104303;0.2370178052576568
2022-10-29 14:00:00;0.20087483701586034;0.17419981155276681;0.19642899943867811
2022-10-29 15:00:00;0.1409585239793228;0.1273719317343704;0.13869409193849744
2022-10-29 16:00:00;0.07755116463546687;0.07585102833542824;0.07726780858546044
2022-10-29 17:00:00;0.0843324996251615;0.0843324996251615;0.0843324996251615
2022-10-29 18:00:00;0.05595179018334134;0.05595179018334134;0.05595179018334134
2022-10-29 19:00:00;0.036863469102379524;0.036863469102379524;0.036863469102379524
2022-10-29 20:00:00;0.031395207787585235;0.031395207787585235;0.031395207787585235
2022-10-29 21:00:00;0.032695677255443575;0.032695677255443575;0.032695677255443575
2022-10-29 22:00:00;0.020239434566527797;0.020239434566527797;0.020239434566527797
2022-10-29 23:00:00;0.021313877615525324;0.021313877615525324;0.021313877615525324
2022-10-30 00:00:00;0.017791979633922296;0.017791979633922296;0.017791979633922296
2022-10-30 01:00:00;0.017000629366685123;0.017000629366685123;0.017000629366685123
2022-10-30 02:00:00;0.014934989455805235;0.014934989455805235;0.014934989455805235
2022-10-30 03:00:00;0.014374481351856967;0.014374481351856967;0.014374481351856967
2022-10-30 04:00:00;0.015842813642856897;0.015842813642856897;0.015842813642856897
2022-10-30 05:00:00;0.014661290186023536;0.014661290186023536;0.014661290186023536
2022-10-30 06:00:00;3.2076376001704255e-05;-0.0009435322649749256;-0.0001305250641610673
2022-10-30 07:00:00;0.036738931720933;0.025407147299048354;0.03485030098395223
2022-10-30 08:00:00;0.10870303705992304;0.08237926386822016;0.10431574152797259
2022-10-30 09:00:00;0.15884051267173177;0.1246566231964425;0.15314319775918356
2022-10-30 10:00:00;0.2505253108345315;0.19799222179984535;0.24176979599541715
2022-10-30 11:00:00;0.2839639167311012;0.22889276054363356;0.27478539069985664
2022-10-30 12:00:00;0.27037497496443524;0.22453071522803594;0.2627342650083687
2022-10-30 13:00:00;0.2742650082631873;0.23054374569400896;0.2669781311683243
2022-10-30 14:00:00;0.2183254320483277;0.18907731959709345;0.2134507466397887
2022-10-30 15:00:00;0.13954714840574411;0.12407764068024907;0.1369688971181616
2022-10-30 16:00:00;0.04950562306916019;0.04751329714033117;0.04917356874768868
2022-10-30 17:00:00;0.06795560551636136;0.06795560551636136;0.06795560551636136
2022-10-30 18:00:00;0.026902039658537387;0.026902039658537387;0.026902039658537387
2022-10-30 19:00:00;0.022160611644075755;0.022160611644075755;0.022160611644075755
2022-10-30 20:00:00;0.02264153695795992;0.02264153695795992;0.02264153695795992
2022-10-30 21:00:00;0.021139025580492;0.021139025580492;0.021139025580492
2022-10-30 22:00:00;0.021988958642230112;0.021988958642230112;0.021988958642230112
2022-10-30 23:00:00;0.022479090606395538;0.022479090606395538;0.022479090606395538
2022-10-31 00:00:00;0.018819071299637165;0.018819071299637165;0.018819071299637165
2022-10-31 01:00:00;0.017963312774311437;0.017963312774311437;0.017963312774311437
2022-10-31 02:00:00;0.018442493784232017;0.018442493784232017;0.018442493784232017
2022-10-31 03:00:00;0.018383798582267616;0.018383798582267616;0.018383798582267616
2022-10-31 04:00:00;0.01863822402815975;0.01863822402815975;0.01863822402815975
2022-10-31 05:00:00;0.017245850235799946;0.017245850235799946;0.017245850235799946
2022-10-31 06:00:00;0.009235529022800355;0.008724416447418632;0.009150343593570068
2022-10-31 07:00:00;0.032493281940862304;0.02471550334590825;0.031196985508369964
2022-10-31 08:00:00;0.10954593970398131;0.08451385572059417;0.10537392570675015
2022-10-31 09:00:00;0.18512455189363622;0.14807345816577502;0.17894936960565933
2022-10-31 10:00:00;0.27660613973513476;0.21844293251540373;0.26691227186517963
2022-10-31 11:00:00;0.2271814515398815;0.18457608336128561;0.22008055684344885
2022-10-31 12:00:00;0.21787709781393153;0.18589780159641922;0.21254721511101282
2022-10-31 13:00:00;0.16319384299764203;0.14377522802150539;0.15995740716828594
2022-10-31 14:00:00;0.12039595369674055;0.11079605961328737;0.11879597134949837
2022-10-31 15:00:00;0.0785562884452114;0.07314339434413972;0.07765413942836612
2022-10-31 16:00:00;0.04235537415274552;0.04199443892371288;0.042295218281240075
2022-10-31 17:00:00;0.05213609369424261;0.05213609369424261;0.05213609369424261
2022-10-31 18:00:00;0.04461229994503025;0.04461229994503025;0.04461229994503025
2022-10-31 19:00:00;0.021726398985721544;0.021726398985721544;0.021726398985721544
2022-10-31 20:00:00;0.03162553117922144;0.03162553117922144;0.03162553117922144
2022-10-31 21:00:00;0.020025040317008923;0.020025040317008923;0.020025040317008923
2022-10-31 22:00:00;0.024813561147949876;0.024813561147949876;0.024813561147949876
2022-10-31 23:00:00;0.022627775118712178;0.022627775118712178;0.022627775118712178
2022-11-01 00:00:00;0.025385148743536496;0.025385148743536496;0.025385148743536496
2022-11-01 01:00:00;0.019427500296227255;0.019427500296227255;0.019427500296227255
2022-11-01 02:00:00;0.021172842848811053;0.021172842848811053;0.021172842848811053
2022-11-01 03:00:00;0.021074832055794798;0.021074832055794798;0.021074832055794798
2022-11-01 04:00:00;0.02227032083556081;0.02227032083556081;0.02227032083556081
2022-11-01 05:00:00;0.021422995977995147;0.021422995977995147;0.021422995977995147
2022-11-01 06:00:00;0.01906418701446064;0.018720428115261204;0.01900689386459407
2022-11-01 07:00:00;0.024893995903412423;0.023102094049292983;0.024595345594392515
2022-11-01 08:00:00;0.033155164777507413;0.030368870857786875;0.032690782457553996
2022-11-01 09:00:00;0.05312518061676878;0.045688971763652324;0.0518858124745827
2022-11-01 10:00:00;0.1157847960643221;0.0940003927780315;0.11215406218327367
2022-11-01 11:00:00;0.11283182980139499;0.09210471947548221;0.10937731141374286
2022-11-01 12:00:00;0.1344787954485747;0.11435114931697138;0.13112418775997417
2022-11-01 13:00:00;0.09769360516808485;0.0875755591590893;0.0960072641665856
2022-11-01 14:00:00;0.0956904784495378;0.08202701870534772;0.09341323515883947
2022-11-01 15:00:00;0.06180269787662416;0.0531227743829565;0.060356043961012885
2022-11-01 16:00:00;0.009631018639871357;0.008289432899698012;0.009407421016509135
2022-11-01 17:00:00;0.01967870234357924;0.01967870234357924;0.01967870234357924
2022-11-01 18:00:00;0.020107787251565153;0.020107787251565153;0.020107787251565153
2022-11-01 19:00:00;0.017587898706857643;0.017587898706857643;0.017587898706857643
2022-11-01 20:00:00;0.017425310776247486;0.017425310776247486;0.017425310776247486
2022-11-01 21:00:00;0.016471188258703293;0.016471188258703293;0.016471188258703293
2022-11-01 22:00:00;0.01722321526350964;0.01722321526350964;0.01722321526350964
2022-11-01 23:00:00;0.021034718088889244;0.021034718088889244;0.021034718088889244
2022-11-02 00:00:00;0.030589720564442178;0.030589720564442178;0.030589720564442178
2022-11-02 01:00:00;0.020572262126424812;0.020572262126424812;0.020572262126424812
2022-11-02 02:00:00;0.028759058412555816;0.028759058412555816;0.028759058412555816
2022-11-02 03:00:00;0.07362869725623651;0.07362869725623651;0.07362869725623651
2022-11-02 04:00:00;0.0753583170610671;0.0753583170610671;0.0753583170610671
2022-11-02 05:00:00;0.07145858989409401;0.07145858989409401;0.07145858989409401
2022-11-02 06:00:00;0.05593159113927701;0.05528775216440853;0.055824284643465595
2022-11-02 07:00:00;0.07685203781292464;0.06661538984769869;0.07514592981872031
2022-11-02 08:00:00;0.1527720346488206;0.13056238173242063;0.14907042582942068
2022-11-02 09:00:00;0.19623454482500266;0.17051027765414242;0.19194716696319267
2022-11-02 10:00:00;0.2671525766052187;0.2255736213387939;0.2602227507274812
2022-11-02 11:00:00;0.3010600946078682;0.24299518815915006;0.2913826101997486
2022-11-02 12:00:00;0.298821473933748;0.23734522254266097;0.28857543203523356
2022-11-02 13:00:00;0.26962805065914885;0.2222768572974937;0.26173618509887303
2022-11-02 14:00:00;0.20846342756922678;0.17414096197475337;0.20274301663681457
2022-11-02 15:00:00;0.12925327661063357;0.11306088973611737;0.1265545454648809
2022-11-02 16:00:00;0.053436062864270224;0.05162988129375378;0.053135032602517486
2022-11-02 17:00:00;0.03690748060119121;0.03690748060119121;0.03690748060119121
2022-11-02 18:00:00;0.03915606137616055;0.03915606137616055;0.03915606137616055
2022-11-02 19:00:00;0.03606116690631377;0.03606116690631377;0.03606116690631377
2022-11-02 20:00:00;0.029906899031411152;0.029906899031411152;0.029906899031411152
2022-11-02 21:00:00;0.02810666117923944;0.02810666117923944;0.02810666117923944
2022-11-02 22:00:00;0.028923951429197934;0.028923951429197934;0.028923951429197934
2022-11-02 23:00:00;0.024264020196396556;0.024264020196396556;0.024264020196396556
2022-11-03 00:00:00;0.027069841505538247;0.027069841505538247;0.027069841505538247
2022-11-03 01:00:00;0.019603011442909084;0.019603011442909084;0.019603011442909084
2022-11-03 02:00:00;0.017149619509509308;0.017149619509509308;0.017149619509509308
2022-11-03 03:00:00;0.019005257136101114;0.019005257136101114;0.019005257136101114
2022-11-03 04:00:00;0.017773567974399426;0.017773567974399426;0.017773567974399426
2022-11-03 05:00:00;0.016671940810996176;0.016671940810996176;0.016671940810996176
2022-11-03 06:00:00;0.006993386681354587;0.006315443650706993;0.006880396176246656
2022-11-03 07:00:00;0.03143732461872383;0.022499911933304167;0.029947755837820556
2022-11-03 08:00:00;0.09703008186102197;0.07463728305495884;0.09329794872667811
2022-11-03 09:00:00;0.15599358274539096;0.12212939402900531;0.15034955129266003
2022-11-03 10:00:00;0.2257188511537633;0.17775704280973284;0.21772521642975826
2022-11-03 11:00:00;0.24171666939570727;0.1992477605734718;0.23463851792533472
2022-11-03 12:00:00;0.27609539889378637;0.2307089373471519;0.268530988636014
2022-11-03 13:00:00;0.25531153584826377;0.2153049158462126;0.24864376584792192
2022-11-03 14:00:00;0.19165560115800082;0.16679720596380704;0.18751253529230186
2022-11-03 15:00:00;0.1274070313566956;0.11391031299937524;0.1251575782971422
2022-11-03 16:00:00;0.03473916384211461;0.03266575697050591;0.03439359603017982
2022-11-03 17:00:00;0.02820786826910064;0.02820786826910064;0.02820786826910064
2022-11-03 18:00:00;0.049047475715921766;0.049047475715921766;0.049047475715921766
2022-11-03 19:00:00;0.050584656897056664;0.050584656897056664;0.050584656897056664
2022-11-03 20:00:00;0.03916999131025453;0.03916999131025453;0.03916999131025453
2022-11-03 21:00:00;0.03432816375635426;0.03432816375635426;0.03432816375635426
2022-11-03 22:00:00;0.024290283099168457;0.024290283099168457;0.024290283099168457
2022-11-03 23:00:00;0.028625456712473192;0.028625456712473192;0.028625456712473192
2022-11-04 00:00:00;0.019536502507255197;0.019536502507255197;0.019536502507255197
2022-11-04 01:00:00;0.018639442277468728;0.018639442277468728;0.018639442277468728
2022-11-04 02:00:00;0.020357034852641797;0.020357034852641797;0.020357034852641797
2022-11-04 03:00:00;0.018988981720445306;0.018988981720445306;0.018988981720445306
2022-11-04 04:00:00;0.018838483106367876;0.018838483106367876;0.018838483106367876
2022-11-04 05:00:00;0.02154316100291019;0.02154316100291019;0.02154316100291019
2022-11-04 06:00:00;-0.0007638060243710466;-0.0019804499419176142;-0.000966580010628808
2022-11-04 07:00:00;0.02803816502452097;0.021244690657140748;0.026905919296624267
2022-11-04 08:00:00;0.08946316260023747;0.06882454675647535;0.08602339329294378
2022-11-04 09:00:00;0.16890286980521668;0.13369408505249786;0.1630347390130969
2022-11-04 10:00:00;0.1611863051853474;0.13832198396699755;0.15737558498228912
2022-11-04 11:00:00;0.23311351900659147;0.20061337656751352;0.22769682860007845
2022-11-04 12:00:00;0.23231116782498828;0.20107258975464531;0.22710473814659782
2022-11-04 13:00:00;0.20598684787129276;0.18385961720011101;0.20229897609276248
2022-11-04 14:00:00;0.22167540996765983;0.1908008224106832;0.2165296453748304
2022-11-04 15:00:00;0.18806424189521392;0.1761672819042202;0.18608141523004829
2022-11-04 16:00:00;0.12307260500450093;0.12185771595240363;0.12287012349581805
2022-11-04 17:00:00;0.09694389805896894;0.09694389805896894;0.09694389805896894
2022-11-04 18:00:00;0.07561162485893892;0.07561162485893892;0.07561162485893892
2022-11-04 19:00:00;0.08320317416087096;0.08320317416087096;0.08320317416087096
2022-11-04 20:00:00;0.07069474859349618;0.07069474859349618;0.07069474859349618
2022-11-04 21:00:00;0.048272963491329514;0.048272963491329514;0.048272963491329514
2022-11-04 22:00:00;0.04173844852504194;0.04173844852504194;0.04173844852504194
2022-11-04 23:00:00;0.03228386893899192;0.03228386893899192;0.03228386893899192
2022-11-05 00:00:00;0.037462715570745174;0.037462715570745174;0.037462715570745174
2022-11-05 01:00:00;0.034907739187287186;0.034907739187287186;0.034907739187287186
2022-11-05 02:00:00;0.038500914162780266;0.038500914162780266;0.038500914162780266
2022-11-05 03:00:00;0.0380208978342404;0.0380208978342404;0.0380208978342404
2022-11-05 04:00:00;0.03471261879096958;0.03471261879096958;0.03471261879096958
2022-11-05 05:00:00;0.02957041049744013;0.02957041049744013;0.02957041049744013
2022-11-05 06:00:00;0.023247602103188755;0.02269368686572768;0.02315528289694524
2022-11-05 07:00:00;0.04627356114277473;0.0374494132017075;0.04480286981926353
2022-11-05 08:00:00;0.12245704054081309;0.09877126117382189;0.11850941064631457
2022-11-05 09:00:00;0.20760125246040814;0.16908414200673386;0.20118173405146245
2022-11-05 10:00:00;0.2638185660006813;0.22044928135663452;0.2565903518933402
2022-11-05 11:00:00;0.31793516208918593;0.26824896988157565;0.30965413005458425
2022-11-05 12:00:00;0.32512443593346857;0.27574826436497824;0.31689507400538686
2022-11-05 13:00:00;0.3008952051114115;0.2722837335550451;0.29612662651868377
2022-11-05 14:00:00;0.20971100745397678;0.19649100005421488;0.20750767288734978
2022-11-05 15:00:00;0.1342238088152713;0.1270437920677446;0.13302713935735017
2022-11-05 16:00:00;0.07380904132780282;0.07302360055603274;0.0736781345325078
2022-11-05 17:00:00;0.07159172841390792;0.07159172841390792;0.07159172841390792
2022-11-05 18:00:00;0.052197797838594455;0.052197797838594455;0.052197797838594455
2022-11-05 19:00:00;0.051994935753363364;0.051994935753363364;0.051994935753363364
2022-11-05 20:00:00;0.048691376792167534;0.048691376792167534;0.048691376792167534
2022-11-05 21:00:00;0.05062048911848836;0.05062048911848836;0.05062048911848836
2022-11-05 22:00:00;0.06629309557579226;0.06629309557579226;0.06629309557579226
2022-11-05 23:00:00;0.08204022077440254;0.08204022077440254;0.08204022077440254
2022-11-06 00:00:00;0.08073824095370305;0.08073824095370305;0.08073824095370305
2022-11-06 01:00:00;0.08148603492463871;0.08148603492463871;0.08148603492463871
2022-11-06 02:00:00;0.08390396352071985;0.08390396352071985;0.08390396352071985
2022-11-06 03:00:00;0.11317107210706853;0.11317107210706853;0.11317107210706853
2022-11-06 04:00:00;0.10903461749593513;0.10903461749593513;0.10903461749593513
2022-11-06 05:00:00;0.10496517596339278;0.10496517596339278;0.10496517596339278
2022-11-06 06:00:00;0.07820242860676109;0.07820242860676109;0.07820242860676109
2022-11-06 07:00:00;0.0782996720214406;0.07695384230276017;0.07807536706832718
2022-11-06 08:00:00;0.07576224733004479;0.0744481632419926;0.07554323331536943
2022-11-06 09:00:00;0.055796376185830915;0.05017175645104199;0.0548589395633661
2022-11-06 10:00:00;0.08549024923422832;0.07403479400683073;0.08358100669632872
2022-11-06 11:00:00;0.09568513076286739;0.08315008751031827;0.09359595688744253
2022-11-06 12:00:00;0.11331551029458732;0.09967326975599375;0.11104180353815508
2022-11-06 13:00:00;0.22398890656043147;0.19124669508864486;0.21853187131513369
2022-11-06 14:00:00;0.17608847981923345;0.1654607625852229;0.174317193613565
2022-11-06 15:00:00;0.14222583906651037;0.13670168237594194;0.14130514628474897
2022-11-06 16:00:00;0.08583980584763812;0.0855024552113376;0.08578358074158804
2022-11-06 17:00:00;0.0764965604459584;0.0764965604459584;0.0764965604459584
2022-11-06 18:00:00;0.06615474783771001;0.06615474783771001;0.06615474783771001
2022-11-06 19:00:00;0.055614548150528076;0.055614548150528076;0.055614548150528076
2022-11-06 20:00:00;0.04455698358017519;0.04455698358017519;0.04455698358017519
2022-11-06 21:00:00;0.035564457427040556;0.035564457427040556;0.035564457427040556
2022-11-06 22:00:00;0.029207731470948663;0.029207731470948663;0.029207731470948663
2022-11-06 23:00:00;0.041707192739810085;0.041707192739810085;0.041707192739810085
2022-11-07 00:00:00;0.0379445395516463;0.0379445395516463;0.0379445395516463
2022-11-07 01:00:00;0.04902416026805797;0.04902416026805797;0.04902416026805797
2022-11-07 02:00:00;0.059296751437269785;0.059296751437269785;0.059296751437269785
2022-11-07 03:00:00;0.059091826553720604;0.059091826553720604;0.059091826553720604
2022-11-07 04:00:00;0.043481070616962825;0.043481070616962825;0.043481070616962825
2022-11-07 05:00:00;0.04731680191260442;0.04731680191260442;0.04731680191260442
2022-11-07 06:00:00;0.04721339284176626;0.04695240277566353;0.0471698944974158
2022-11-07 07:00:00;0.05968762579773601;0.05049385370488775;0.05815533044892797
2022-11-07 08:00:00;0.13531022149000846;0.1140586628548645;0.13176829505081777
2022-11-07 09:00:00;0.21100378517782423;0.1800721028705537;0.20584850479327912
2022-11-07 10:00:00;0.29852891485052546;0.26628821496963445;0.29315546487037697
2022-11-07 11:00:00;0.2951925409052473;0.27546407901901165;0.29190446392420805
2022-11-07 12:00:00;0.31130794125591704;0.2895756151516947;0.3076858869052133
2022-11-07 13:00:00;0.21997397810579605;0.1922788785968087;0.2153581281876315
2022-11-07 14:00:00;0.17985081817575882;0.16970590583288087;0.17815999945194583
2022-11-07 15:00:00;0.1453353842417237;0.14400851792229;0.14511423985515143
2022-11-07 16:00:00;0.1225406263489593;0.12187733222794904;0.12243007732879092
2022-11-07 17:00:00;0.11579630866872019;0.11579630866872019;0.11579630866872019
2022-11-07 18:00:00;0.1152780892306743;0.1152780892306743;0.1152780892306743
2022-11-07 19:00:00;0.08707114810711293;0.08707114810711293;0.08707114810711293
2022-11-07 20:00:00;0.07362428724896083;0.07362428724896083;0.07362428724896083
2022-11-07 21:00:00;0.09014443440193437;0.09014443440193437;0.09014443440193437
2022-11-07 22:00:00;0.08709420892136409;0.08709420892136409;0.08709420892136409
2022-11-07 23:00:00;0.08559036151065046;0.08559036151065046;0.08559036151065046
2022-11-08 00:00:00;0.04473057718284987;0.04473057718284987;0.04473057718284987
2022-11-08 01:00:00;0.07662509314977674;0.07662509314977674;0.07662509314977674
2022-11-08 02:00:00;0.08451628841536021;0.08451628841536021;0.08451628841536021
2022-11-08 03:00:00;0.07693983862316023;0.07693983862316023;0.07693983862316023
2022-11-08 04:00:00;0.06791684217890195;0.06791684217890195;0.06791684217890195
2022-11-08 05:00:00;0.065376233371119;0.065376233371119;0.065376233371119
2022-11-08 06:00:00;0.06389259181856032;0.06371685143320473;0.06386330175433438
2022-11-08 07:00:00;0.07236199590911793;0.06693246445367411;0.0714570739998773
2022-11-08 08:00:00;0.11447124269349951;0.10010819280401667;0.11207740104525238
2022-11-08 09:00:00;0.1623758223004373;0.1416862524333834;0.15892756065592828
2022-11-08 10:00:00;0.20328724536773995;0.17227636203599445;0.19811876481244903
2022-11-08 11:00:00;0.20510452033404847;0.1800555734075472;0.20092969584629825
2022-11-08 12:00:00;0.18246739570737347;0.160591850048675;0.17882147143092372
2022-11-08 13:00:00;0.1932170193630687;0.17073705247902402;0.1894703582157279
2022-11-08 14:00:00;0.16703812922034486;0.15135523070132817;0.1644243128005088
2022-11-08 15:00:00;0.12081646092855575;0.11355851527667556;0.11960680331990904
2022-11-08 16:00:00;0.07786298148351806;0.07726577872093172;0.07776344768975368
2022-11-08 17:00:00;0.06568931241832775;0.06568931241832775;0.06568931241832775
2022-11-08 18:00:00;0.06178929966564738;0.06178929966564738;0.06178929966564738
2022-11-08 19:00:00;0.047501377769640626;0.047501377769640626;0.047501377769640626
2022-11-08 20:00:00;0.03416280217710075;0.03416280217710075;0.03416280217710075
2022-11-08 21:00:00;0.028205788642749956;0.028205788642749956;0.028205788642749956
2022-11-08 22:00:00;0.02340976474118036;0.02340976474118036;0.02340976474118036
2022-11-08 23:00:00;0.020604172429477707;0.020604172429477707;0.020604172429477707
2022-11-09 00:00:00;0.020570133159904982;0.020570133159904982;0.020570133159904982
2022-11-09 01:00:00;0.02445359010592783;0.02445359010592783;0.02445359010592783
2022-11-09 02:00:00;0.024041982173650386;0.024041982173650386;0.024041982173650386
2022-11-09 03:00:00;0.022690778690445144;0.022690778690445144;0.022690778690445144
2022-11-09 04:00:00;0.01834776102161964;0.01834776102161964;0.01834776102161964
2022-11-09 05:00:00;0.01681916728370367;0.01681916728370367;0.01681916728370367
2022-11-09 06:00:00;0.014815450862786605;0.014630292379730809;0.014784591115610639
2022-11-09 07:00:00;0.022239033133503425;0.014493527297850578;0.020948115494227957
2022-11-09 08:00:00;0.07442511138657289;0.05855591048403165;0.07178024456948268
2022-11-09 09:00:00;0.14073540366849652;0.1097166699131948;0.13556561470927955
2022-11-09 10:00:00;0.17408992414919433;0.1414220261594828;0.1686452744842424
2022-11-09 11:00:00;0.20111549984269506;0.16789149360346134;0.19557816546948945
2022-11-09 12:00:00;0.18293329631341043;0.15468048947828408;0.17822449517422273
2022-11-09 13:00:00;0.1161076334870666;0.10444636400760077;0.1141640885738223
2022-11-09 14:00:00;0.09359198175695749;0.08458916893325748;0.09209151295300748
2022-11-09 15:00:00;0.07108235481363737;0.0680043315006106;0.07056935092813289
2022-11-09 16:00:00;0.05283084087165929;0.05260238562825032;0.05279276499775779
2022-11-09 17:00:00;0.0511745783032579;0.0511745783032579;0.0511745783032579
2022-11-09 18:00:00;0.04364956568183488;0.04364956568183488;0.04364956568183488
2022-11-09 19:00:00;0.0355964000486356;0.0355964000486356;0.0355964000486356
2022-11-09 20:00:00;0.03217180398966091;0.03217180398966091;0.03217180398966091
2022-11-09 21:00:00;0.03925996452998174;0.03925996452998174;0.03925996452998174
2022-11-09 22:00:00;0.02440553070127153;0.02440553070127153;0.02440553070127153
2022-11-09 23:00:00;0.03018831737839401;0.03018831737839401;0.03018831737839401
2022-11-10 00:00:00;0.031084660432988968;0.031084660432988968;0.031084660432988968
2022-11-10 01:00:00;0.022336818083660146;0.022336818083660146;0.022336818083660146
2022-11-10 02:00:00;0.019004390643654074;0.019004390643654074;0.019004390643654074
2022-11-10 03:00:00;0.024560060083765343;0.024560060083765343;0.024560060083765343
2022-11-10 04:00:00;0.02072639805409237;0.02072639805409237;0.02072639805409237
2022-11-10 05:00:00;0.03644831922240257;0.03644831922240257;0.03644831922240257
2022-11-10 06:00:00;0.021100809032348285;0.021100809032348285;0.021100809032348285
2022-11-10 07:00:00;0.03171500693616309;0.030417843638129775;0.031498813053157534
2022-11-10 08:00:00;0.030186470598367876;0.02773802030392854;0.029778395549294654
2022-11-10 09:00:00;0.042128388422492995;0.03740701094780672;0.04134149217671196
2022-11-10 10:00:00;0.06938606956671149;0.06067219839310434;0.06793375770444364
2022-11-10 11:00:00;0.09194621664341927;0.07980399377689269;0.08992251283233152
2022-11-10 12:00:00;0.13472712823728905;0.1158040355483856;0.13157327945580516
2022-11-10 13:00:00;0.1423542290449047;0.11823127358724791;0.1383337364686285
2022-11-10 14:00:00;0.12512638227088005;0.11142901868645763;0.12284348834014298
2022-11-10 15:00:00;0.08436767489013311;0.0816855141841452;0.0839206481058018
2022-11-10 16:00:00;0.06146808749720693;0.06146808749720693;0.06146808749720693
2022-11-10 17:00:00;0.07240602631767713;0.07240602631767713;0.07240602631767713
2022-11-10 18:00:00;0.05588261575231737;0.05588261575231737;0.05588261575231737
2022-11-10 19:00:00;0.03228423728597416;0.03228423728597416;0.03228423728597416
2022-11-10 20:00:00;0.03442441151454718;0.03442441151454718;0.03442441151454718
2022-11-10 21:00:00;0.03053113781630649;0.03053113781630649;0.03053113781630649
2022-11-10 22:00:00;0.02749561132851137;0.02749561132851137;0.02749561132851137
2022-11-10 23:00:00;0.026712203990628212;0.026712203990628212;0.026712203990628212
2022-11-11 00:00:00;0.026713113850777615;0.026713113850777615;0.026713113850777615
2022-11-11 01:00:00;0.026085844976319585;0.026085844976319585;0.026085844976319585
2022-11-11 02:00:00;0.02542775157314265;0.02542775157314265;0.02542775157314265
2022-11-11 03:00:00;0.022611939811826846;0.022611939811826846;0.022611939811826846
2022-11-11 04:00:00;0.021858458428045614;0.021858458428045614;0.021858458428045614
2022-11-11 05:00:00;0.021346507315832642;0.021346507315832642;0.021346507315832642
2022-11-11 06:00:00;0.016100012424426113;0.015734046891115638;0.01603901816887437
2022-11-11 07:00:00;0.035000808140513796;0.029317499481114492;0.034053590030613916
2022-11-11 08:00:00;0.07269764739750512;0.0592066774956828;0.07044915241386807
2022-11-11 09:00:00;0.105350187319661;0.0898838606240078;0.10277246620371881
2022-11-11 10:00:00;0.14306880089932714;0.12259695056949678;0.1396568258443554
2022-11-11 11:00:00;0.15846615697389996;0.1364936624117799;0.15480407454687994
2022-11-11 12:00:00;0.1602752657172781;0.13814725135654446;0.1565872633238225
2022-11-11 13:00:00;0.13266096947261263;0.11630665809873471;0.12993525091029964
2022-11-11 14:00:00;0.09580332580702394;0.08503570308657625;0.09400872202028267
2022-11-11 15:00:00;0.05575622096749685;0.05111577502424606;0.054982813310288384
2022-11-11 16:00:00;0.032517835165268065;0.032517835165268065;0.032517835165268065
2022-11-11 17:00:00;0.03472664371262774;0.03472664371262774;0.03472664371262774
2022-11-11 18:00:00;0.031594881813715045;0.031594881813715045;0.031594881813715045
2022-11-11 19:00:00;0.02981667799026077;0.02981667799026077;0.02981667799026077
2022-11-11 20:00:00;0.0288740346681419;0.0288740346681419;0.0288740346681419
2022-11-11 21:00:00;0.018749607054455494;0.018749607054455494;0.018749607054455494
2022-11-11 22:00:00;0.015827476900643057;0.015827476900643057;0.015827476900643057
2022-11-11 23:00:00;0.015620656524740392;0.015620656524740392;0.015620656524740392
2022-11-12 00:00:00;0.016972771046792887;0.016972771046792887;0.016972771046792887
2022-11-12 01:00:00;0.017141937625916683;0.017141937625916683;0.017141937625916683
2022-11-12 02:00:00;0.01566088822784494;0.01566088822784494;0.01566088822784494
2022-11-12 03:00:00;0.015936732249510945;0.015936732249510945;0.015936732249510945
2022-11-12 04:00:00;0.017372062920465548;0.017372062920465548;0.017372062920465548
2022-11-12 05:00:00;0.015771932394828662;0.015771932394828662;0.015771932394828662
2022-11-12 06:00:00;0.01653347348295331;0.01653347348295331;0.01653347348295331
2022-11-12 07:00:00;0.019647430808733234;0.019110565403189707;0.01955795324114265
2022-11-12 08:00:00;0.040135312825135265;0.03350714898077994;0.039030618851076046
2022-11-12 09:00:00;0.05958820229814898;0.04864899033976271;0.057765000305084614
2022-11-12 10:00:00;0.06614937104295393;0.05449409183886148;0.06420682450893853
2022-11-12 11:00:00;0.0648674273092891;0.053609243798854365;0.06299106339088333
2022-11-12 12:00:00;0.059148875155278474;0.048893804408370836;0.05743969669746054
2022-11-12 13:00:00;0.038076959693096026;0.03296297219317412;0.03722462844310904
2022-11-12 14:00:00;0.027061154717733116;0.02404619130342892;0.02655866081534908
2022-11-12 15:00:00;0.01901342998268162;0.018208804655203296;0.018879325761435233
2022-11-12 16:00:00;0.012929533860397626;0.012646115924147768;0.012882297537689316
2022-11-12 17:00:00;0.017454759661551078;0.017454759661551078;0.017454759661551078
2022-11-12 18:00:00;0.016334218035267644;0.016334218035267644;0.016334218035267644
2022-11-12 19:00:00;0.01573795172184864;0.01573795172184864;0.01573795172184864
2022-11-12 20:00:00;0.01561838855002738;0.01561838855002738;0.01561838855002738
2022-11-12 21:00:00;0.016307844417074047;0.016307844417074047;0.016307844417074047
2022-11-12 22:00:00;0.01677804308557266;0.01677804308557266;0.01677804308557266
2022-11-12 23:00:00;0.015756619325201816;0.015756619325201816;0.015756619325201816
2022-11-13 00:00:00;0.014817056383863006;0.014817056383863006;0.014817056383863006
2022-11-13 01:00:00;0.01567191284213886;0.01567191284213886;0.01567191284213886
2022-11-13 02:00:00;0.014242140203850373;0.014242140203850373;0.014242140203850373
2022-11-13 03:00:00;0.015587742759643341;0.015587742759643341;0.015587742759643341
2022-11-13 04:00:00;0.015762093295117116;0.015762093295117116;0.015762093295117116
2022-11-13 05:00:00;0.01422270083457513;0.01422270083457513;0.01422270083457513
2022-11-13 06:00:00;0.014727769175937837;0.014727769175937837;0.014727769175937837
2022-11-13 07:00:00;0.015293435139472112;0.014446915464905037;0.015152348527044265
2022-11-13 08:00:00;0.025400595407911303;0.022191810215326135;0.024865797875813774
2022-11-13 09:00:00;0.06062202484151344;0.04910269530358467;0.05870213658519199
2022-11-13 10:00:00;0.07917483685352261;0.06407573587910013;0.07665832002445219
2022-11-13 11:00:00;0.07373177641146399;0.061914701032280244;0.0717622638482667
2022-11-13 12:00:00;0.07002536013718307;0.06043583720244522;0.06842710631472676
2022-11-13 13:00:00;0.047723830373714686;0.04246919513429096;0.046848057833810734
2022-11-13 14:00:00;0.035123235087710945;0.031148450587077554;0.03446077100427205
2022-11-13 15:00:00;0.023389830484245474;0.02204446570628019;0.023165603021251254
2022-11-13 16:00:00;0.018787624324882672;0.018582755237829627;0.018753479477040497
2022-11-13 17:00:00;0.02463837422997696;0.02463837422997696;0.02463837422997696
2022-11-13 18:00:00;0.031046116730184075;0.031046116730184075;0.031046116730184075
2022-11-13 19:00:00;0.04004541537625066;0.04004541537625066;0.04004541537625066
2022-11-13 20:00:00;0.03858126388272068;0.03858126388272068;0.03858126388272068
2022-11-13 21:00:00;0.033534298046427435;0.033534298046427435;0.033534298046427435
2022-11-13 22:00:00;0.03651173569804565;0.03651173569804565;0.03651173569804565
2022-11-13 23:00:00;0.027929462384985577;0.027929462384985577;0.027929462384985577
2022-11-14 00:00:00;0.027885484729770357;0.027885484729770357;0.027885484729770357
2022-11-14 01:00:00;0.026089653087550905;0.026089653087550905;0.026089653087550905
2022-11-14 02:00:00;0.02958730837851382;0.02958730837851382;0.02958730837851382
2022-11-14 03:00:00;0.02792391790987852;0.02792391790987852;0.02792391790987852
2022-11-14 04:00:00;0.030184642772961134;0.030184642772961134;0.030184642772961134
2022-11-14 05:00:00;0.029188325975588684;0.029188325975588684;0.029188325975588684
2022-11-14 06:00:00;0.03100112306152416;0.03100112306152416;0.03100112306152416
2022-11-14 07:00:00;0.032966330769645474;0.03151804712547997;0.032724950162284556
2022-11-14 08:00:00;0.04780054777048794;0.04361375398003496;0.047102748805412445
2022-11-14 09:00:00;0.06691410624021929;0.058971682819697537;0.06559036900346567
2022-11-14 10:00:00;0.0918307477341723;0.0799058194654822;0.08984325968939061
2022-11-14 11:00:00;0.09265946497282482;0.08061127077835756;0.09065143260708028
2022-11-14 12:00:00;0.109550789544934;0.09364493551875024;0.10689981387390336
2022-11-14 13:00:00;0.1117368033114695;0.09991161969845552;0.10976593937596718
2022-11-14 14:00:00;0.0856371510628537;0.07780134072435323;0.08433118267310363
2022-11-14 15:00:00;0.0653864830002083;0.06236956013616853;0.06488366252286834
2022-11-14 16:00:00;0.05044299392664697;0.050086547881436794;0.05038358625244528
2022-11-14 17:00:00;0.03987402637409025;0.03987402637409025;0.03987402637409025
2022-11-14 18:00:00;0.03723968945528028;0.03723968945528028;0.03723968945528028
2022-11-14 19:00:00;0.027307123007405856;0.027307123007405856;0.027307123007405856
2022-11-14 20:00:00;0.028023706915531774;0.028023706915531774;0.028023706915531774
2022-11-14 21:00:00;0.029157571772175345;0.029157571772175345;0.029157571772175345
2022-11-14 22:00:00;0.026848698129020257;0.026848698129020257;0.026848698129020257
2022-11-14 23:00:00;0.027654330489643695;0.027654330489643695;0.027654330489643695
2022-11-15 00:00:00;0.02038265037836624;0.02038265037836624;0.02038265037836624
2022-11-15 01:00:00;0.015726615737137874;0.015726615737137874;0.015726615737137874
2022-11-15 02:00:00;0.019519601069148254;0.019519601069148254;0.019519601069148254
2022-11-15 03:00:00;0.02260961016134417;0.02260961016134417;0.02260961016134417
2022-11-15 04:00:00;0.021280709626571505;0.021280709626571505;0.021280709626571505
2022-11-15 05:00:00;0.014711653276000242;0.014711653276000242;0.014711653276000242
2022-11-15 06:00:00;0.016393342450450817;0.01619713718300316;0.016360641572542876
2022-11-15 07:00:00;0.014885143355175656;0.009604675838922928;0.014005065435800207
2022-11-15 08:00:00;0.05788518373490433;0.04515422788429263;0.05576335775980237
2022-11-15 09:00:00;0.11461749967422447;0.08996227593979128;0.11050829571848561
2022-11-15 10:00:00;0.15535676936618825;0.12416569792084846;0.15015825745863162
2022-11-15 11:00:00;;;
2022-11-15 12:00:00;;;
2022-11-15 13:00:00;0.08812122847346017;0.07431432232270112;0.08582007744833368
2022-11-15 14:00:00;0.07276655498499571;0.0651223940636454;0.07149252816477067
2022-11-15 15:00:00;0.04493196737478992;0.042292376022936146;0.044492035482814295
2022-11-15 16:00:00;0.04288724371234768;0.04271343575853179;0.04285827572004503
2022-11-15 17:00:00;0.039434604756148024;0.039434604756148024;0.039434604756148024
2022-11-15 18:00:00;0.0416848877296785;0.0416848877296785;0.0416848877296785
2022-11-15 19:00:00;0.03205544694307711;0.03205544694307711;0.03205544694307711
2022-11-15 20:00:00;0.02784257169209634;0.02784257169209634;0.02784257169209634
2022-11-15 21:00:00;0.029086172054039683;0.029086172054039683;0.029086172054039683
2022-11-15 22:00:00;0.02797240162978812;0.02797240162978812;0.02797240162978812
2022-11-15 23:00:00;0.03291131595228474;0.03291131595228474;0.03291131595228474
2022-11-16 00:00:00;0.022514438286035686;0.022514438286035686;0.022514438286035686
2022-11-16 01:00:00;0.02662237005509933;0.02662237005509933;0.02662237005509933
2022-11-16 02:00:00;0.03099369616834605;0.03099369616834605;0.03099369616834605
2022-11-16 03:00:00;0.023022343031183556;0.023022343031183556;0.023022343031183556
2022-11-16 04:00:00;0.018237365599522656;0.018237365599522656;0.018237365599522656
2022-11-16 05:00:00;0.020570803411918137;0.020570803411918137;0.020570803411918137
2022-11-16 06:00:00;0.022467607847528007;0.022467607847528007;0.022467607847528007
2022-11-16 07:00:00;0.01885377662197156;0.018568028903823645;0.01880615200228024
2022-11-16 08:00:00;0.017041944592240427;0.015730283962925157;0.016823334487354548
2022-11-16 09:00:00;0.02039048149958607;0.018433355532376513;0.020064293838384477
2022-11-16 10:00:00;0.023551946496434262;0.020940109664506608;0.023116640357779654
2022-11-16 11:00:00;0.02277288400984866;0.019931469883955468;0.02229931498886646
2022-11-16 12:00:00;0.029546096326655814;0.025030495969140025;0.028793496267069854
2022-11-16 13:00:00;0.0251554596732351;0.02153866526075654;0.024552660604488675
2022-11-16 14:00:00;0.0205484876390967;0.01779204521386516;0.020089080568224775
2022-11-16 15:00:00;0.013911118921901795;0.01210819750648958;0.013610632019333095
2022-11-16 16:00:00;0.012564485909209876;0.012564485909209876;0.012564485909209876
2022-11-16 17:00:00;0.011136569949534998;0.011136569949534998;0.011136569949534998
2022-11-16 18:00:00;0.011495550528902788;0.011495550528902788;0.011495550528902788
2022-11-16 19:00:00;0.011872332402369954;0.011872332402369954;0.011872332402369954
2022-11-16 20:00:00;0.012042597699682491;0.012042597699682491;0.012042597699682491
2022-11-16 21:00:00;0.013553561805044178;0.013553561805044178;0.013553561805044178
2022-11-16 22:00:00;0.013935935125252052;0.013935935125252052;0.013935935125252052
2022-11-16 23:00:00;0.012814818771518131;0.012814818771518131;0.012814818771518131
2022-11-17 00:00:00;0.012030561154502614;0.012030561154502614;0.012030561154502614
2022-11-17 01:00:00;0.013343314347190466;0.013343314347190466;0.013343314347190466
2022-11-17 02:00:00;0.013385558432076049;0.013385558432076049;0.013385558432076049
2022-11-17 03:00:00;0.01236960560528673;0.01236960560528673;0.01236960560528673
2022-11-17 04:00:00;0.012031408680666685;0.012031408680666685;0.012031408680666685
2022-11-17 05:00:00;0.013389533485537402;0.013389533485537402;0.013389533485537402
2022-11-17 06:00:00;0.013456595425856834;0.013456595425856834;0.013456595425856834
2022-11-17 07:00:00;0.013980770255768974;0.01262709054077416;0.013755156969936509
2022-11-17 08:00:00;0.03294642502165062;0.027213621465054884;0.03199095776221799
2022-11-17 09:00:00;0.06100345946610431;0.04940621228053375;0.059070584935175884
2022-11-17 10:00:00;0.11596583844855975;0.09351956496792695;0.11222479286845428
2022-11-17 11:00:00;0.09401094300901681;0.07833967885569726;0.09139906565013023
2022-11-17 12:00:00;0.0923893112862219;0.07472347059619089;0.08944500450455008
2022-11-17 13:00:00;0.08740571958394266;0.07451529498758461;0.08525731548454968
2022-11-17 14:00:00;0.056237832808309414;0.048577807551626655;0.05496116193219563
2022-11-17 15:00:00;0.037730353039412697;0.035391971715158906;0.03734062281870373
2022-11-17 16:00:00;0.03457244624966504;0.03441618588484572;0.034546402855528485
2022-11-17 17:00:00;0.029151511250972054;0.029151511250972054;0.029151511250972054
2022-11-17 18:00:00;0.027885185843162793;0.027885185843162793;0.027885185843162793
2022-11-17 19:00:00;0.03181145969213149;0.03181145969213149;0.03181145969213149
2022-11-17 20:00:00;0.0277294072948125;0.0277294072948125;0.0277294072948125
2022-11-17 21:00:00;0.02748083221739437;0.02748083221739437;0.02748083221739437
2022-11-17 22:00:00;0.023346883815371554;0.023346883815371554;0.023346883815371554
2022-11-17 23:00:00;0.017738324558441827;0.017738324558441827;0.017738324558441827
2022-11-18 00:00:00;0.018854430490546692;0.018854430490546692;0.018854430490546692
2022-11-18 01:00:00;0.021691983618742028;0.021691983618742028;0.021691983618742028
2022-11-18 02:00:00;0.01937122957004722;0.01937122957004722;0.01937122957004722
2022-11-18 03:00:00;0.017791050121533664;0.017791050121533664;0.017791050121533664
2022-11-18 04:00:00;0.018820089830611224;0.018820089830611224;0.018820089830611224
2022-11-18 05:00:00;0.016808947655218873;0.016808947655218873;0.016808947655218873
2022-11-18 06:00:00;0.011244885560008551;0.011244885560008551;0.011244885560008551
2022-11-18 07:00:00;0.009445472433795066;0.008133742232156915;0.009226850733522042
2022-11-18 08:00:00;0.023687663985298854;0.019477879288702978;0.02298603320253288
2022-11-18 09:00:00;0.037913278335810714;0.03096496954611443;0.03675522687086134
2022-11-18 10:00:00;0.07919037507785329;0.06275077036894092;0.07645044095970123
2022-11-18 11:00:00;0.06523655326827467;0.05447244200079123;0.0634425347236941
2022-11-18 12:00:00;0.07296740612988666;0.06192117339535584;0.07112636734079819
2022-11-18 13:00:00;0.05633228651698749;0.048414020121218156;0.05501257545102595
2022-11-18 14:00:00;0.0488658183891094;0.04193008284692505;0.047709862465412006
2022-11-18 15:00:00;0.027699547760479955;0.02364075223372994;0.02702308183935495
2022-11-18 16:00:00;0.02220298418541881;0.02206129039537717;0.022179368553745204
2022-11-18 17:00:00;0.01835710249642856;0.01835710249642856;0.01835710249642856
2022-11-18 18:00:00;0.01580263993156993;0.01580263993156993;0.01580263993156993
2022-11-18 19:00:00;0.012311402056493111;0.012311402056493111;0.012311402056493111
2022-11-18 20:00:00;0.01036049991444852;0.01036049991444852;0.01036049991444852
2022-11-18 21:00:00;0.009686384271446772;0.009686384271446772;0.009686384271446772
2022-11-18 22:00:00;0.010354273234448727;0.010354273234448727;0.010354273234448727
2022-11-18 23:00:00;0.010295651200048307;0.010295651200048307;0.010295651200048307
2022-11-19 00:00:00;0.008948048693199474;0.008948048693199474;0.008948048693199474
2022-11-19 01:00:00;0.008755241327444685;0.008755241327444685;0.008755241327444685
2022-11-19 02:00:00;0.008932997443600797;0.008932997443600797;0.008932997443600797
2022-11-19 03:00:00;0.010061373302316505;0.010061373302316505;0.010061373302316505
2022-11-19 04:00:00;0.00987157791003515;0.00987157791003515;0.00987157791003515
2022-11-19 05:00:00;0.009716705898524504;0.009716705898524504;0.009716705898524504
2022-11-19 06:00:00;0.010462634404832407;0.010462634404832407;0.010462634404832407
2022-11-19 07:00:00;0.008849019274636782;0.008323309960151922;0.008761401055555972
2022-11-19 08:00:00;0.017078932144873757;0.01474278221490052;0.01668957382321155
2022-11-19 09:00:00;0.031075011390116904;0.025567574802629407;0.03015710529220233
2022-11-19 10:00:00;0.03946861821125468;0.032345637428880115;0.03828145474752559
2022-11-19 11:00:00;0.06279386459298832;0.050337614578164366;0.06071782292385101
2022-11-19 12:00:00;0.048658955401162426;0.03963191546368915;0.047154448744916894
2022-11-19 13:00:00;0.03710576132494664;0.03063525795264101;0.036027344096229034
2022-11-19 14:00:00;0.03550203048207703;0.0291588969670987;0.034444841562913976
2022-11-19 15:00:00;0.017225371800849907;0.015455541078748348;0.016930400013832978
2022-11-19 16:00:00;0.011236321707677438;0.011054640898677174;0.01120604157284406
2022-11-19 17:00:00;0.012849309768792798;0.012849309768792798;0.012849309768792798
2022-11-19 18:00:00;0.013293346483816484;0.013293346483816484;0.013293346483816484
2022-11-19 19:00:00;0.013196938169242712;0.013196938169242712;0.013196938169242712
2022-11-19 20:00:00;0.012090639473477263;0.012090639473477263;0.012090639473477263
2022-11-19 21:00:00;0.013447199732552161;0.013447199732552161;0.013447199732552161
2022-11-19 22:00:00;0.013287910874440546;0.013287910874440546;0.013287910874440546
2022-11-19 23:00:00;0.013448427918120278;0.013448427918120278;0.013448427918120278
2022-11-20 00:00:00;0.021168147482166114;0.021168147482166114;0.021168147482166114
2022-11-20 01:00:00;0.016445450938711255;0.016445450938711255;0.016445450938711255
2022-11-20 02:00:00;0.016453500182578355;0.016453500182578355;0.016453500182578355
2022-11-20 03:00:00;0.0171131271098027;0.0171131271098027;0.0171131271098027
2022-11-20 04:00:00;0.016312573552556255;0.016312573552556255;0.016312573552556255
2022-11-20 05:00:00;0.016057726876618255;0.016057726876618255;0.016057726876618255
2022-11-20 06:00:00;0.014474754778640476;0.014474754778640476;0.014474754778640476
2022-11-20 07:00:00;0.01268187868195629;0.012517488234774618;0.01265448027409268
2022-11-20 08:00:00;0.02687983031783361;0.02461837576299238;0.02650292122536007
2022-11-20 09:00:00;0.07002849761681475;0.0559041491293717;0.06767443953557425
2022-11-20 10:00:00;0.07374018882313972;0.0627435778361934;0.07190742032531536
2022-11-20 11:00:00;0.0857414870380635;0.07326361813933668;0.08366184222160904
2022-11-20 12:00:00;0.0967549095390913;0.08432209290362896;0.09468277343318092
2022-11-20 13:00:00;0.1115037175619313;0.09773860792485277;0.10920953262241821
2022-11-20 14:00:00;0.0796685435310963;0.07460367106652241;0.07882439812033398
2022-11-20 15:00:00;0.03815932643673052;0.03675253320409528;0.03792486089795798
2022-11-20 16:00:00;0.04260248604647513;0.042478761154723856;0.04258186523118324
2022-11-20 17:00:00;0.04281040128474129;0.04281040128474129;0.04281040128474129
2022-11-20 18:00:00;0.029414065605002912;0.029414065605002912;0.029414065605002912
2022-11-20 19:00:00;0.0265982956888805;0.0265982956888805;0.0265982956888805
2022-11-20 20:00:00;0.025431382381753798;0.025431382381753798;0.025431382381753798
2022-11-20 21:00:00;0.023739386235257544;0.023739386235257544;0.023739386235257544
2022-11-20 22:00:00;0.025603329397348325;0.025603329397348325;0.025603329397348325
2022-11-20 23:00:00;0.023696657568455435;0.023696657568455435;0.023696657568455435
2022-11-21 00:00:00;0.018509439021077632;0.018509439021077632;0.018509439021077632
2022-11-21 01:00:00;0.014337187662948721;0.014337187662948721;0.014337187662948721
2022-11-21 02:00:00;0.020288778617376716;0.020288778617376716;0.020288778617376716
2022-11-21 03:00:00;0.014946936940976867;0.014946936940976867;0.014946936940976867
2022-11-21 04:00:00;0.010892995605798558;0.010892995605798558;0.010892995605798558
2022-11-21 05:00:00;0.010716894948214432;0.010716894948214432;0.010716894948214432
2022-11-21 06:00:00;0.0084608024895655;0.008356211078712062;0.008443370587756592
2022-11-21 07:00:00;0.006407805385928639;0.004037646024193853;0.006012778825639509
2022-11-21 08:00:00;0.02725483974404792;0.021516448739302103;0.026298441243256948
2022-11-21 09:00:00;0.03702366135049596;0.031641946280763826;0.03612670883887394
2022-11-21 10:00:00;0.04797971512509648;0.039712906974702096;0.04660191376669742
2022-11-21 11:00:00;0.04474869510052593;0.037303781650438794;0.04350787619217808
2022-11-21 12:00:00;0.03510084305984103;0.030666382803768336;0.034361766350495586
2022-11-21 13:00:00;0.02776252419347535;0.024158505775981602;0.02716185445722639
2022-11-21 14:00:00;0.021593150701233764;0.018769605567795316;0.02112255984566069
2022-11-21 15:00:00;0.01244968408755587;0.011505501232590832;0.012292320278395028
2022-11-21 16:00:00;0.012300462485606737;0.012300462485606737;0.012300462485606737
2022-11-21 17:00:00;0.01232101480186552;0.01232101480186552;0.01232101480186552
2022-11-21 18:00:00;0.030219976370863412;0.030219976370863412;0.030219976370863412
2022-11-21 19:00:00;0.029660832097132286;0.029660832097132286;0.029660832097132286
2022-11-21 20:00:00;0.02308687903889075;0.02308687903889075;0.02308687903889075
2022-11-21 21:00:00;0.02924090668691852;0.02924090668691852;0.02924090668691852
2022-11-21 22:00:00;0.02471029996153582;0.02471029996153582;0.02471029996153582
2022-11-21 23:00:00;0.013971097377461937;0.013971097377461937;0.013971097377461937
2022-11-22 00:00:00;0.013848947465287234;0.013848947465287234;0.013848947465287234
2022-11-22 01:00:00;0.03552625135778312;0.03552625135778312;0.03552625135778312
2022-11-22 02:00:00;0.050256759421057895;0.050256759421057895;0.050256759421057895
2022-11-22 03:00:00;0.030551758397341224;0.030551758397341224;0.030551758397341224
2022-11-22 04:00:00;0.03726841960910406;0.03726841960910406;0.03726841960910406
2022-11-22 05:00:00;0.027502926307890085;0.027502926307890085;0.027502926307890085
2022-11-22 06:00:00;0.023548947761312975;0.023548947761312975;0.023548947761312975
2022-11-22 07:00:00;0.020416282406860595;0.018169523587145395;0.020041822603574726
2022-11-22 08:00:00;0.05159065109884414;0.040321869576124915;0.049712520845057596
2022-11-22 09:00:00;0.09039964634378789;0.07288467374385625;0.08748048424379928
2022-11-22 10:00:00;0.1219735030730756;0.0988918471343416;0.11812656041661994
2022-11-22 11:00:00;0.12844948910528944;0.10695285677152168;0.1248667170496615
2022-11-22 12:00:00;0.1122659779653237;0.09483262473479455;0.10936041909356885
2022-11-22 13:00:00;0.08758753726681372;0.07721177985036999;0.08585824436407309
2022-11-22 14:00:00;0.061689400475310546;0.05602985816793398;0.06074614342408113
2022-11-22 15:00:00;0.0403928213494563;0.03873399715307511;0.04011635065005944
2022-11-22 16:00:00;0.0365980208956387;0.0365980208956387;0.0365980208956387
2022-11-22 17:00:00;0.03204129827080112;0.03204129827080112;0.03204129827080112
2022-11-22 18:00:00;0.03053121093661447;0.03053121093661447;0.03053121093661447
2022-11-22 19:00:00;0.02638814548859977;0.02638814548859977;0.02638814548859977
2022-11-22 20:00:00;0.026370135543353018;0.026370135543353018;0.026370135543353018
2022-11-22 21:00:00;0.02024727918427029;0.02024727918427029;0.02024727918427029
2022-11-22 22:00:00;0.021716856717166864;0.021716856717166864;0.021716856717166864
2022-11-22 23:00:00;0.023052254269842455;0.023052254269842455;0.023052254269842455
2022-11-23 00:00:00;0.016709627926937757;0.016709627926937757;0.016709627926937757
2022-11-23 01:00:00;0.018362959992932592;0.018362959992932592;0.018362959992932592
2022-11-23 02:00:00;0.018178403795016507;0.018178403795016507;0.018178403795016507
2022-11-23 03:00:00;0.014298835609563637;0.014298835609563637;0.014298835609563637
2022-11-23 04:00:00;0.012055151997392051;0.012055151997392051;0.012055151997392051
2022-11-23 05:00:00;0.010584327442983621;0.010584327442983621;0.010584327442983621
2022-11-23 06:00:00;0.010007941265062088;0.010007941265062088;0.010007941265062088
2022-11-23 07:00:00;0.004740217668569692;0.0015700032941866012;0.00421184860617251
2022-11-23 08:00:00;0.04718155547016831;0.034561400319056586;0.045078196278316364
2022-11-23 09:00:00;0.09529004056623759;0.07387410265606127;0.09172071758120821
2022-11-23 10:00:00;0.13298559416157607;0.10398649328214557;0.128152410681671
2022-11-23 11:00:00;0.13275811808658197;0.10694383164945963;0.12845573701372826
2022-11-23 12:00:00;0.08294036557086396;0.07272861178896725;0.08123840660721451
2022-11-23 13:00:00;0.07443368889024175;0.06537229397517229;0.07292345640439685
2022-11-23 14:00:00;0.0615204675917374;0.05592238547684731;0.06058745390592238
2022-11-23 15:00:00;0.040641095951900665;0.038294189926283875;0.04024994494763119
2022-11-23 16:00:00;0.033073894921558086;0.032892691836083045;0.033043694407312245
2022-11-23 17:00:00;0.031095615071536863;0.031095615071536863;0.031095615071536863
2022-11-23 18:00:00;0.03249082076040047;0.03249082076040047;0.03249082076040047
2022-11-23 19:00:00;0.028170847576945112;0.028170847576945112;0.028170847576945112
2022-11-23 20:00:00;0.03011623865917291;0.03011623865917291;0.03011623865917291
2022-11-23 21:00:00;0.030097756852824377;0.030097756852824377;0.030097756852824377
2022-11-23 22:00:00;0.023254544267760465;0.023254544267760465;0.023254544267760465
2022-11-23 23:00:00;0.017273811011232074;0.017273811011232074;0.017273811011232074
2022-11-24 00:00:00;0.013274783831995188;0.013274783831995188;0.013274783831995188
2022-11-24 01:00:00;0.01379690903275717;0.01379690903275717;0.01379690903275717
2022-11-24 02:00:00;0.012825318610830656;0.012825318610830656;0.012825318610830656
2022-11-24 03:00:00;0.01091053389650617;0.01091053389650617;0.01091053389650617
2022-11-24 04:00:00;0.011421588429419672;0.011421588429419672;0.011421588429419672
2022-11-24 05:00:00;0.009545839753812253;0.009545839753812253;0.009545839753812253
2022-11-24 06:00:00;0.009520608518684312;0.009520608518684312;0.009520608518684312
2022-11-24 07:00:00;0.007169536820126791;0.006515780842916711;0.007060577490591777
2022-11-24 08:00:00;0.020851701365030697;0.017316079177015515;0.0202624310003615
2022-11-24 09:00:00;0.031564489727555656;0.025976643121067625;0.030633181959807656
2022-11-24 10:00:00;0.03863242200296753;0.032100231378221496;0.03754372356550986
2022-11-24 11:00:00;0.0424612357655648;0.035207583717304605;0.04125229375752144
2022-11-24 12:00:00;0.04163467262287129;0.0347851799731004;0.040493090514576134
2022-11-24 13:00:00;0.03438725881324914;0.029307509227193468;0.033540633882239865
2022-11-24 14:00:00;0.029911436114836855;0.026470865660349074;0.029338007705755557
2022-11-24 15:00:00;0.01652264285975571;0.014907235878486837;0.016253408362877565
2022-11-24 16:00:00;0.020048646525693468;0.020048646525693468;0.020048646525693468
2022-11-24 17:00:00;0.02202837529192868;0.02202837529192868;0.02202837529192868
2022-11-24 18:00:00;0.024150179262171237;0.024150179262171237;0.024150179262171237
2022-11-24 19:00:00;0.017695659753661473;0.017695659753661473;0.017695659753661473
2022-11-24 20:00:00;0.020236551928279823;0.020236551928279823;0.020236551928279823
2022-11-24 21:00:00;0.024982319443562634;0.024982319443562634;0.024982319443562634
2022-11-24 22:00:00;0.025485952935187156;0.025485952935187156;0.025485952935187156
2022-11-24 23:00:00;0.021885220952316504;0.021885220952316504;0.021885220952316504
2022-11-25 00:00:00;0.02086993785787655;0.02086993785787655;0.02086993785787655
2022-11-25 01:00:00;0.020857087150207836;0.020857087150207836;0.020857087150207836
2022-11-25 02:00:00;0.017072880539621273;0.017072880539621273;0.017072880539621273
2022-11-25 03:00:00;0.0179512239242565;0.0179512239242565;0.0179512239242565
2022-11-25 04:00:00;0.019034940179573103;0.019034940179573103;0.019034940179573103
2022-11-25 05:00:00;0.017294569727863297;0.017294569727863297;0.017294569727863297
2022-11-25 06:00:00;0.017073049456083154;0.017073049456083154;0.017073049456083154
2022-11-25 07:00:00;0.01497723148209481;0.014336431299966012;0.01487043145174001
2022-11-25 08:00:00;0.01847462877679806;0.01719202216002618;0.01826086100733608
2022-11-25 09:00:00;0.02157038401387623;0.019306060900627156;0.021192996828334712
2022-11-25 10:00:00;0.027454317746718315;0.0239535288799088;0.0268708529355834
2022-11-25 11:00:00;0.03385065438301564;0.029152438228570852;0.03306761835727484
2022-11-25 12:00:00;0.035410143505735056;0.030175281477116483;0.0345376665009653
2022-11-25 13:00:00;0.03876353779489706;0.03239640982200515;0.03770234979941507
2022-11-25 14:00:00;0.03052212000452385;0.02571838433381485;0.029721497392739018
2022-11-25 15:00:00;0.017390622190719976;0.014770608206184688;0.016953953193297427
2022-11-25 16:00:00;0.013598089260359986;0.013364726970202289;0.013559195545333705
2022-11-25 17:00:00;0.03035891780720945;0.03035891780720945;0.03035891780720945
2022-11-25 18:00:00;0.03437869276543894;0.03437869276543894;0.03437869276543894
2022-11-25 19:00:00;0.0429346901356933;0.0429346901356933;0.0429346901356933
2022-11-25 20:00:00;0.03273746321912854;0.03273746321912854;0.03273746321912854
2022-11-25 21:00:00;0.04443588136389244;0.04443588136389244;0.04443588136389244
2022-11-25 22:00:00;0.04116682673333261;0.04116682673333261;0.04116682673333261
2022-11-25 23:00:00;0.05071394136174739;0.05071394136174739;0.05071394136174739
2022-11-26 00:00:00;0.04628253629600456;0.04628253629600456;0.04628253629600456
2022-11-26 01:00:00;0.04981958330401739;0.04981958330401739;0.04981958330401739
2022-11-26 02:00:00;0.049870755461170445;0.049870755461170445;0.049870755461170445
2022-11-26 03:00:00;0.04971591326047082;0.04971591326047082;0.04971591326047082
2022-11-26 04:00:00;0.04507736993527306;0.04507736993527306;0.04507736993527306
2022-11-26 05:00:00;0.049966652674579955;0.049966652674579955;0.049966652674579955
2022-11-26 06:00:00;0.03747448844340352;0.03747448844340352;0.03747448844340352
2022-11-26 07:00:00;0.02381023445547149;0.020904337053368284;0.023325918221787624
2022-11-26 08:00:00;0.045720945943316424;0.039162107010033316;0.04462780612110258
2022-11-26 09:00:00;0.06343650392375023;0.05578251630125556;0.06216083932000112
2022-11-26 10:00:00;0.0981831428002336;0.0844165944951522;0.09588871808272002
2022-11-26 11:00:00;0.11161036562666418;0.09515295752886528;0.10886746427703103
2022-11-26 12:00:00;0.10890276684851077;0.09501187698761919;0.10658761853836218
2022-11-26 13:00:00;0.09285407091940795;0.08000157398659463;0.0907119880972724
2022-11-26 14:00:00;0.07231641220326206;0.06473943700791085;0.07105358300403686
2022-11-26 15:00:00;0.04649647127057772;0.04233427176266128;0.04580277135259164
2022-11-26 16:00:00;0.03942916863556839;0.03923359688773565;0.039396573344262935
2022-11-26 17:00:00;0.027485681883144306;0.027485681883144306;0.027485681883144306
2022-11-26 18:00:00;0.01778640474320226;0.01778640474320226;0.01778640474320226
2022-11-26 19:00:00;0.014450718645434367;0.014450718645434367;0.014450718645434367
2022-11-26 20:00:00;0.013470561684552339;0.013470561684552339;0.013470561684552339
2022-11-26 21:00:00;0.013603879273948924;0.013603879273948924;0.013603879273948924
2022-11-26 22:00:00;0.01302559738226095;0.01302559738226095;0.01302559738226095
2022-11-26 23:00:00;0.012273020166849544;0.012273020166849544;0.012273020166849544
2022-11-27 00:00:00;0.01194664370361017;0.01194664370361017;0.01194664370361017
2022-11-27 01:00:00;0.01268949562743619;0.01268949562743619;0.01268949562743619
2022-11-27 02:00:00;0.01072419208680159;0.01072419208680159;0.01072419208680159
2022-11-27 03:00:00;0.011644279918825363;0.011644279918825363;0.011644279918825363
2022-11-27 04:00:00;0.013031780511219636;0.013031780511219636;0.013031780511219636
2022-11-27 05:00:00;0.011893566447925951;0.011893566447925951;0.011893566447925951
2022-11-27 06:00:00;0.011040668680814082;0.011040668680814082;0.011040668680814082
2022-11-27 07:00:00;0.008210273018632079;0.0066225153013917066;0.00794564673242535
2022-11-27 08:00:00;0.03671071343916678;0.027568498358242575;0.03518701092567942
2022-11-27 09:00:00;0.05928717592910829;0.04650378138547511;0.05715661017183609
2022-11-27 10:00:00;0.07798155734263686;0.06200787819239782;0.07531927748426367
2022-11-27 11:00:00;0.10369675530455798;0.08313147939417835;0.10026920931949472
2022-11-27 12:00:00;0.0825909628883985;0.06914964928151272;0.08035074395391754
2022-11-27 13:00:00;0.07479285526657084;0.06171534504281266;0.07261327022927781
2022-11-27 14:00:00;0.05743348917775121;0.04656005409965642;0.05562124999806875
2022-11-27 15:00:00;0.030227240207860558;0.027830944521292502;0.02982785759343255
2022-11-27 16:00:00;0.02222119995400957;0.02222119995400957;0.02222119995400957
2022-11-27 17:00:00;0.0235005703141057;0.0235005703141057;0.0235005703141057
2022-11-27 18:00:00;0.019737119214226644;0.019737119214226644;0.019737119214226644
2022-11-27 19:00:00;0.021795268315069144;0.021795268315069144;0.021795268315069144
2022-11-27 20:00:00;0.017883593223881424;0.017883593223881424;0.017883593223881424
2022-11-27 21:00:00;0.01976428918665102;0.01976428918665102;0.01976428918665102
2022-11-27 22:00:00;0.01886555757756731;0.01886555757756731;0.01886555757756731
2022-11-27 23:00:00;0.016056055993591636;0.016056055993591636;0.016056055993591636
2022-11-28 00:00:00;0.018232072571350816;0.018232072571350816;0.018232072571350816
2022-11-28 01:00:00;0.020782205008557264;0.020782205008557264;0.020782205008557264
2022-11-28 02:00:00;0.016140278414393534;0.016140278414393534;0.016140278414393534
2022-11-28 03:00:00;0.016149856323058133;0.016149856323058133;0.016149856323058133
2022-11-28 04:00:00;0.020515644618618035;0.020515644618618035;0.020515644618618035
2022-11-28 05:00:00;0.027247270239591226;0.027247270239591226;0.027247270239591226
2022-11-28 06:00:00;0.03378799513421294;0.03378799513421294;0.03378799513421294
2022-11-28 07:00:00;0.024893983918841758;0.024382006152170364;0.024808654291063194
2022-11-28 08:00:00;0.048587874214089666;0.043403545950751694;0.047723819503533334
2022-11-28 09:00:00;0.07686741013126508;0.06702582228929721;0.07522714549093709
2022-11-28 10:00:00;0.10294863331538563;0.08692717817416759;0.1002783907918493
2022-11-28 11:00:00;0.12397195993766569;0.10411985655060092;0.12066327603982156
2022-11-28 12:00:00;0.10827265833919315;0.0922684608893985;0.10560529209756071
2022-11-28 13:00:00;0.06794778916782057;0.06212404088808256;0.0669771644545309
2022-11-28 14:00:00;0.05807113943086662;0.054769393808518876;0.05752084849380867
2022-11-28 15:00:00;0.05202493453776352;0.05061771728902781;0.051790398329640906
2022-11-28 16:00:00;0.048391438298597114;0.048391438298597114;0.048391438298597114
2022-11-28 17:00:00;0.04204067073589143;0.04204067073589143;0.04204067073589143
2022-11-28 18:00:00;0.03830838815355728;0.03830838815355728;0.03830838815355728
2022-11-28 19:00:00;0.034641285747593384;0.034641285747593384;0.034641285747593384
2022-11-28 20:00:00;0.032942326440414955;0.032942326440414955;0.032942326440414955
2022-11-28 21:00:00;0.03751526107730916;0.03751526107730916;0.03751526107730916
2022-11-28 22:00:00;0.03464181411542816;0.03464181411542816;0.03464181411542816
2022-11-28 23:00:00;0.02897001068587343;0.02897001068587343;0.02897001068587343
2022-11-29 00:00:00;0.03294512947494493;0.03294512947494493;0.03294512947494493
2022-11-29 01:00:00;0.02776044639360481;0.02776044639360481;0.02776044639360481
2022-11-29 02:00:00;0.027483531843495414;0.027483531843495414;0.027483531843495414
2022-11-29 03:00:00;0.026321577876243393;0.026321577876243393;0.026321577876243393
2022-11-29 04:00:00;0.022909282174419336;0.022909282174419336;0.022909282174419336
2022-11-29 05:00:00;0.02258954786865759;0.02258954786865759;0.02258954786865759
2022-11-29 06:00:00;0.020042213593177302;0.020042213593177302;0.020042213593177302
2022-11-29 07:00:00;0.014774111046281924;0.013847256862855614;0.014619635349044206
2022-11-29 08:00:00;0.02777340837490719;0.024571454421184843;0.027239749382620134
2022-11-29 09:00:00;0.04445814403025397;0.03637325608708084;0.04311066270639178
2022-11-29 10:00:00;0.0556800292942749;0.04650686598673244;0.054151168743017834
2022-11-29 11:00:00;0.06697217777966924;0.05462708187541347;0.06491466179562662
2022-11-29 12:00:00;0.06436733908235792;0.052856430353670096;0.06244885429424328
2022-11-29 13:00:00;0.05349770717463557;0.04578274296468212;0.052211879806309994
2022-11-29 14:00:00;0.0409435339409714;0.037285495697997724;0.0403338609004758
2022-11-29 15:00:00;0.02868766297579358;0.02777698274504921;0.028535882937336186
2022-11-29 16:00:00;0.02489208308240484;0.02489208308240484;0.02489208308240484
2022-11-29 17:00:00;0.025050375361022236;0.025050375361022236;0.025050375361022236
2022-11-29 18:00:00;0.02779905276309948;0.02779905276309948;0.02779905276309948
2022-11-29 19:00:00;0.02528011984187702;0.02528011984187702;0.02528011984187702
2022-11-29 20:00:00;0.025087770626438237;0.025087770626438237;0.025087770626438237
2022-11-29 21:00:00;0.022693291227674252;0.022693291227674252;0.022693291227674252
2022-11-29 22:00:00;0.02371868330032166;0.02371868330032166;0.02371868330032166
2022-11-29 23:00:00;0.02465123720289695;0.02465123720289695;0.02465123720289695
2022-11-30 00:00:00;0.025459506112571993;0.025459506112571993;0.025459506112571993
2022-11-30 01:00:00;0.02548084747495368;0.02548084747495368;0.02548084747495368
2022-11-30 02:00:00;0.026014374470446952;0.026014374470446952;0.026014374470446952
2022-11-30 03:00:00;0.023653652868120552;0.023653652868120552;0.023653652868120552
2022-11-30 04:00:00;0.025542383071156468;0.025542383071156468;0.025542383071156468
2022-11-30 05:00:00;0.02630771269849686;0.02630771269849686;0.02630771269849686
2022-11-30 06:00:00;0.024873669961462577;0.024873669961462577;0.024873669961462577
2022-11-30 07:00:00;0.025442368900392236;0.02509804754330766;0.025384982007544802
2022-11-30 08:00:00;0.030845972818504375;0.029877237101944298;0.030684516865744364
2022-11-30 09:00:00;0.03815267308508417;0.03607409927191413;0.03780624411622249
2022-11-30 10:00:00;0.03962898197999266;0.03802616903403292;0.039361846488999375
2022-11-30 11:00:00;0.034926613196396145;0.03392958251225338;0.03476044141570568
2022-11-30 12:00:00;0.033285766766799764;0.03236967438052794;0.033133084702421135
2022-11-30 13:00:00;0.017744826234685304;0.01713152125233392;0.017642608737626738
2022-11-30 14:00:00;0.0171257830629351;0.01671209030907513;0.017056834270625102
2022-11-30 15:00:00;0.013199175148543602;0.012992072632964693;0.013164658062613781
2022-11-30 16:00:00;0.014026344083146418;0.014026344083146418;0.014026344083146418
2022-11-30 17:00:00;0.01424971995344029;0.01424971995344029;0.01424971995344029
2022-11-30 18:00:00;0.012214253067170942;0.012214253067170942;0.012214253067170942
2022-11-30 19:00:00;0.027224309466400934;0.027224309466400934;0.027224309466400934
2022-11-30 20:00:00;0.04457685429511394;0.04457685429511394;0.04457685429511394
2022-11-30 21:00:00;0.05087124382068989;0.05087124382068989;0.05087124382068989
2022-11-30 22:00:00;0.025543459015512048;0.025543459015512048;0.025543459015512048
2022-11-30 23:00:00;0.03440047216288249;0.03440047216288249;0.03440047216288249
2022-12-01 00:00:00;0.06236539282003592;0.06236539282003592;0.06236539282003592
2022-12-01 01:00:00;0.051337905629117324;0.051337905629117324;0.051337905629117324
2022-12-01 02:00:00;0.026576114912510683;0.026576114912510683;0.026576114912510683
2022-12-01 03:00:00;0.026782474061065112;0.026782474061065112;0.026782474061065112
2022-12-01 04:00:00;0.022979622028400013;0.022979622028400013;0.022979622028400013
2022-12-01 05:00:00;0.02929634269251137;0.02929634269251137;0.02929634269251137
2022-12-01 06:00:00;0.03177147379292085;0.03177147379292085;0.03177147379292085
2022-12-01 07:00:00;0.021780517572318428;0.021200089968418184;0.021683779638335055
2022-12-01 08:00:00;0.032649910674598236;0.02542043771228531;0.03144499851421275
2022-12-01 09:00:00;0.06024191389539313;0.05003764256721004;0.05854120200736262
2022-12-01 10:00:00;0.06047162635505128;0.05416253206470569;0.05942011063999369
2022-12-01 11:00:00;0.09392239584928458;0.08652205438358318;0.09268900560500101
2022-12-01 12:00:00;0.07314265598677429;0.06198635082059063;0.07128327179241035
2022-12-01 13:00:00;0.0822482535523858;0.0726685473797731;0.08065163585695036
2022-12-01 14:00:00;0.05209658687034252;0.04598680548498279;0.05107828997278256
2022-12-01 15:00:00;0.04588504203407667;0.04300492111388762;0.04540502188071183
2022-12-01 16:00:00;0.06312481854408065;0.06312481854408065;0.06312481854408065
2022-12-01 17:00:00;0.05218166242828762;0.05218166242828762;0.05218166242828762
2022-12-01 18:00:00;0.04631150867758968;0.04631150867758968;0.04631150867758968
2022-12-01 19:00:00;0.038344781663121504;0.038344781663121504;0.038344781663121504
2022-12-01 20:00:00;0.030526352576220724;0.030526352576220724;0.030526352576220724
2022-12-01 21:00:00;0.03547394701876855;0.03547394701876855;0.03547394701876855
2022-12-01 22:00:00;0.03176710950682918;0.03176710950682918;0.03176710950682918
2022-12-01 23:00:00;0.030114493695492846;0.030114493695492846;0.030114493695492846
2022-12-02 00:00:00;0.026154476368231212;0.026154476368231212;0.026154476368231212
2022-12-02 01:00:00;0.020055901234929112;0.020055901234929112;0.020055901234929112
2022-12-02 02:00:00;0.015310994307683084;0.015310994307683084;0.015310994307683084
2022-12-02 03:00:00;0.01771853591845441;0.01771853591845441;0.01771853591845441
2022-12-02 04:00:00;0.013749443528470169;0.013749443528470169;0.013749443528470169
2022-12-02 05:00:00;0.014177246159129396;0.014177246159129396;0.014177246159129396
2022-12-02 06:00:00;0.014981747545843117;0.014981747545843117;0.014981747545843117
2022-12-02 07:00:00;0.00768035940986617;0.006745515646392728;0.00752455211595393
2022-12-02 08:00:00;0.030990962069577337;0.022641134136508423;0.02959932408073252
2022-12-02 09:00:00;0.08454260992111966;0.06494775391800149;0.0812768005872666
2022-12-02 10:00:00;0.0936124479510679;0.07706824036400749;0.09085508001989119
2022-12-02 11:00:00;0.08458796343924103;0.06986156309550653;0.08213356338195195
2022-12-02 12:00:00;0.08210930865481869;0.0687666117111679;0.07988552583087688
2022-12-02 13:00:00;0.09596183567061871;0.07937745674659216;0.09319777251661429
2022-12-02 14:00:00;0.0586795844770177;0.054285865809942185;0.05794729803250512
2022-12-02 15:00:00;0.040049974489215025;0.03878871329526093;0.03983976429022268
2022-12-02 16:00:00;0.03257928715122272;0.03257928715122272;0.03257928715122272
2022-12-02 17:00:00;0.03279380721480757;0.03279380721480757;0.03279380721480757
2022-12-02 18:00:00;0.027870770127804416;0.027870770127804416;0.027870770127804416
2022-12-02 19:00:00;0.03396576902832511;0.03396576902832511;0.03396576902832511
2022-12-02 20:00:00;0.03511892102848421;0.03511892102848421;0.03511892102848421
2022-12-02 21:00:00;0.027493136452109927;0.027493136452109927;0.027493136452109927
2022-12-02 22:00:00;0.026278590650910504;0.026278590650910504;0.026278590650910504
2022-12-02 23:00:00;0.024555510855709204;0.024555510855709204;0.024555510855709204
2022-12-03 00:00:00;0.02636223472480639;0.02636223472480639;0.02636223472480639
2022-12-03 01:00:00;0.03259942008879336;0.03259942008879336;0.03259942008879336
2022-12-03 02:00:00;0.025393494455113106;0.025393494455113106;0.025393494455113106
2022-12-03 03:00:00;0.027623229313403014;0.027623229313403014;0.027623229313403014
2022-12-03 04:00:00;0.026471971477874955;0.026471971477874955;0.026471971477874955
2022-12-03 05:00:00;0.027270653219126126;0.027270653219126126;0.027270653219126126
2022-12-03 06:00:00;0.025416646830897865;0.025416646830897865;0.025416646830897865
2022-12-03 07:00:00;0.019331948086222676;0.019120569043539766;0.019296718245775526
2022-12-03 08:00:00;0.023727065040998467;0.022964590580461484;0.023599985964242304
2022-12-03 09:00:00;0.027999858033457725;0.02670735290668057;0.027784440512328198
2022-12-03 10:00:00;0.02335897499016234;0.021518668632680295;0.023052257263915334
2022-12-03 11:00:00;0.02397235293376946;0.021747884969046193;0.02360160827298225
2022-12-03 12:00:00;0.021639406044734383;0.019987351280712173;0.021364063584064015
2022-12-03 13:00:00;0.02087444327603813;0.019266485605941106;0.020606450331021965
2022-12-03 14:00:00;0.01841185615643781;0.01752550150263462;0.018264130380803944
2022-12-03 15:00:00;0.015457083869569782;0.015457083869569782;0.015457083869569782
2022-12-03 16:00:00;0.014775250130840228;0.014775250130840228;0.014775250130840228
2022-12-03 17:00:00;0.018828548850267055;0.018828548850267055;0.018828548850267055
2022-12-03 18:00:00;0.02740397475854049;0.02740397475854049;0.02740397475854049
2022-12-03 19:00:00;0.045994066245575;0.045994066245575;0.045994066245575
2022-12-03 20:00:00;0.05212249915782459;0.05212249915782459;0.05212249915782459
2022-12-03 21:00:00;0.03995355146015561;0.03995355146015561;0.03995355146015561
2022-12-03 22:00:00;0.03332943066456236;0.03332943066456236;0.03332943066456236
2022-12-03 23:00:00;0.04804862343414459;0.04804862343414459;0.04804862343414459
2022-12-04 00:00:00;0.04744141839646851;0.04744141839646851;0.04744141839646851
2022-12-04 01:00:00;0.049955758178555874;0.049955758178555874;0.049955758178555874
2022-12-04 02:00:00;0.03886902565836641;0.03886902565836641;0.03886902565836641
2022-12-04 03:00:00;0.042447992609268285;0.042447992609268285;0.042447992609268285
2022-12-04 04:00:00;0.04061549626279032;0.04061549626279032;0.04061549626279032
2022-12-04 05:00:00;0.035690527514077544;0.035690527514077544;0.035690527514077544
2022-12-04 06:00:00;0.030954593397543837;0.030954593397543837;0.030954593397543837
2022-12-04 07:00:00;0.022333816875776017;0.02145010853181126;0.02218653215178189
2022-12-04 08:00:00;0.03929125963513535;0.0320451137497601;0.03808356865423948
2022-12-04 09:00:00;0.0734880513351817;0.061818013565902184;0.07154304504030179
2022-12-04 10:00:00;0.08470593235911282;0.07211175313333976;0.08260690248815067
2022-12-04 11:00:00;0.08818873951240466;0.07675249026273782;0.08628269797079353
2022-12-04 12:00:00;0.0947534655025667;0.078831094458565;0.09209973699523306
2022-12-04 13:00:00;0.07464575691973571;0.06205054867139669;0.07254655554501255
2022-12-04 14:00:00;0.050710860203530515;0.04752101799851235;0.05017921983602749
2022-12-04 15:00:00;0.03661665291260852;0.034496936098889736;0.036263366776988736
2022-12-04 16:00:00;0.035023221642881304;0.035023221642881304;0.035023221642881304
2022-12-04 17:00:00;0.03123687310643951;0.03123687310643951;0.03123687310643951
2022-12-04 18:00:00;0.019976313138242316;0.019976313138242316;0.019976313138242316
2022-12-04 19:00:00;0.01942372387334182;0.01942372387334182;0.01942372387334182
2022-12-04 20:00:00;0.012787383339239372;0.012787383339239372;0.012787383339239372
2022-12-04 21:00:00;0.018521801961960162;0.018521801961960162;0.018521801961960162
2022-12-04 22:00:00;0.02141540674209694;0.02141540674209694;0.02141540674209694
2022-12-04 23:00:00;0.016746429001770164;0.016746429001770164;0.016746429001770164
2022-12-05 00:00:00;0.015410081358550229;0.015410081358550229;0.015410081358550229
2022-12-05 01:00:00;0.013403910803612518;0.013403910803612518;0.013403910803612518
2022-12-05 02:00:00;0.012732604820856868;0.012732604820856868;0.012732604820856868
2022-12-05 03:00:00;0.012942921698654157;0.012942921698654157;0.012942921698654157
2022-12-05 04:00:00;0.01450118331722149;0.01450118331722149;0.01450118331722149
2022-12-05 05:00:00;0.014589928172390307;0.014589928172390307;0.014589928172390307
2022-12-05 06:00:00;0.01763494769723183;0.01763494769723183;0.01763494769723183
2022-12-05 07:00:00;0.02414495489035767;0.02377527695064559;0.02408334190040566
2022-12-05 08:00:00;0.05176605845557853;0.04909065468175038;0.05132015782660718
2022-12-05 09:00:00;0.07944593130258482;0.07050795254667791;0.07795626817660033
2022-12-05 10:00:00;0.1053093742421545;0.09167089207984519;0.10303629388176963
2022-12-05 11:00:00;0.1398307607641725;0.12170472192182225;0.13680975429044748
2022-12-05 12:00:00;0.13103960146399576;0.11748064646792258;0.1287797756313169
2022-12-05 13:00:00;0.1268049870539943;0.11606659216141856;0.12501525457189833
2022-12-05 14:00:00;0.09093971008955526;0.0833238847236554;0.08967040586190529
2022-12-05 15:00:00;0.0709747122349435;0.06895315418744154;0.07063778589369318
2022-12-05 16:00:00;0.06897312543675654;0.06897312543675654;0.06897312543675654
2022-12-05 17:00:00;0.054345801700462805;0.054345801700462805;0.054345801700462805
2022-12-05 18:00:00;0.04290075211341655;0.04290075211341655;0.04290075211341655
2022-12-05 19:00:00;0.03509337430391848;0.03509337430391848;0.03509337430391848
2022-12-05 20:00:00;0.04425184114765323;0.04425184114765323;0.04425184114765323
2022-12-05 21:00:00;0.04068514228896734;0.04068514228896734;0.04068514228896734
2022-12-05 22:00:00;0.040955932101008;0.040955932101008;0.040955932101008
2022-12-05 23:00:00;0.024488941401294803;0.024488941401294803;0.024488941401294803
2022-12-06 00:00:00;0.023129543201837303;0.023129543201837303;0.023129543201837303
2022-12-06 01:00:00;0.02944660496095611;0.02944660496095611;0.02944660496095611
2022-12-06 02:00:00;0.027032231297774125;0.027032231297774125;0.027032231297774125
2022-12-06 03:00:00;0.02863941831459238;0.02863941831459238;0.02863941831459238
2022-12-06 04:00:00;0.03221817857789177;0.03221817857789177;0.03221817857789177
2022-12-06 05:00:00;0.031289728443216924;0.031289728443216924;0.031289728443216924
2022-12-06 06:00:00;0.027722452376872056;0.027722452376872056;0.027722452376872056
2022-12-06 07:00:00;0.007586269788482192;0.006011854186725858;0.0073238671881894705
2022-12-06 08:00:00;0.03623469176415219;0.02988297823131081;0.03517607284201196
2022-12-06 09:00:00;0.059948349181372554;0.04980394626473161;0.0582576153619324
2022-12-06 10:00:00;0.07111494106844941;0.06027353333844203;0.06930803978011486
2022-12-06 11:00:00;0.10374829051599983;0.08421734466187543;0.1004931328736458
2022-12-06 12:00:00;0.051870273742051366;0.047798032068587924;0.05119156679647414
2022-12-06 13:00:00;0.03461675793708731;0.0331202768430114;0.03436734442140799
2022-12-06 14:00:00;0.03011201471276891;0.029098477307418304;0.029943091811877143
2022-12-06 15:00:00;0.01606273470490906;0.015492818672323619;0.015967748699478153
2022-12-06 16:00:00;0.015486909023170242;0.015486909023170242;0.015486909023170242
2022-12-06 17:00:00;0.014923339297407245;0.014923339297407245;0.014923339297407245
2022-12-06 18:00:00;0.01491547269720752;0.01491547269720752;0.01491547269720752
2022-12-06 19:00:00;0.013986275655186425;0.013986275655186425;0.013986275655186425
2022-12-06 20:00:00;0.014352703110962744;0.014352703110962744;0.014352703110962744
2022-12-06 21:00:00;0.014911688581331932;0.014911688581331932;0.014911688581331932
2022-12-06 22:00:00;0.015274209037473547;0.015274209037473547;0.015274209037473547
2022-12-06 23:00:00;0.015586091069969386;0.015586091069969386;0.015586091069969386
2022-12-07 00:00:00;0.015085167793461826;0.015085167793461826;0.015085167793461826
2022-12-07 01:00:00;0.014069755870222874;0.014069755870222874;0.014069755870222874
2022-12-07 02:00:00;0.014903374836422853;0.014903374836422853;0.014903374836422853
2022-12-07 03:00:00;0.013417103387217827;0.013417103387217827;0.013417103387217827
2022-12-07 04:00:00;0.012802184202959425;0.012802184202959425;0.012802184202959425
2022-12-07 05:00:00;0.014386218338417918;0.014386218338417918;0.014386218338417918
2022-12-07 06:00:00;0.013138619872735898;0.013138619872735898;0.013138619872735898
2022-12-07 07:00:00;0.014644746899903404;0.014644746899903404;0.014644746899903404
2022-12-07 08:00:00;0.018156531418648904;0.016661584887333672;0.0179073736634297
2022-12-07 09:00:00;0.027784278055928945;0.02402166501733479;0.027157175882829922
2022-12-07 10:00:00;0.031286631338821924;0.026992234782589802;0.030570898579449904
2022-12-07 11:00:00;0.03964831920594419;0.033080548531618695;0.038553690760223275
2022-12-07 12:00:00;0.03493035499278502;0.02974741234074632;0.03406653121744524
2022-12-07 13:00:00;0.025460060414993935;0.022723982156556483;0.02500404737192103
2022-12-07 14:00:00;0.019197324034698777;0.01786496218661412;0.018975263726684666
2022-12-07 15:00:00;0.015877606584529726;0.015585160309093607;0.015828865538623706
2022-12-07 16:00:00;0.015010308768227777;0.015010308768227777;0.015010308768227777
2022-12-07 17:00:00;0.016475084484686067;0.016475084484686067;0.016475084484686067
2022-12-07 18:00:00;0.016055749410908537;0.016055749410908537;0.016055749410908537
2022-12-07 19:00:00;0.01841337229094442;0.01841337229094442;0.01841337229094442
2022-12-07 20:00:00;0.023200783489011105;0.023200783489011105;0.023200783489011105
2022-12-07 21:00:00;0.024915162753362256;0.024915162753362256;0.024915162753362256
2022-12-07 22:00:00;0.024873186867186904;0.024873186867186904;0.024873186867186904
2022-12-07 23:00:00;0.03229074127820983;0.03229074127820983;0.03229074127820983
2022-12-08 00:00:00;0.024829600587329935;0.024829600587329935;0.024829600587329935
2022-12-08 01:00:00;0.030441129603795764;0.030441129603795764;0.030441129603795764
2022-12-08 02:00:00;0.03342694397276973;0.03342694397276973;0.03342694397276973
2022-12-08 03:00:00;0.03267821222362841;0.03267821222362841;0.03267821222362841
2022-12-08 04:00:00;0.03577873589821721;0.03577873589821721;0.03577873589821721
2022-12-08 05:00:00;0.039064074125111196;0.039064074125111196;0.039064074125111196
2022-12-08 06:00:00;0.03832946647259221;0.03832946647259221;0.03832946647259221
2022-12-08 07:00:00;0.02903867301148002;0.02851862760265808;0.028951998776676365
2022-12-08 08:00:00;0.052850145901212106;0.044847168937506905;0.05151631640726124
2022-12-08 09:00:00;0.0860019071068443;0.07266251537717944;0.08377867515190017
2022-12-08 10:00:00;0.11576210329764118;0.09681741822193428;0.11260465578502335
2022-12-08 11:00:00;0.12436310355240734;0.10379963941951738;0.12093585953025904
2022-12-08 12:00:00;0.12621036771183525;0.10652553895747705;0.12292956291944221
2022-12-08 13:00:00;0.1155375082410862;0.096916021421191;0.11243392710443702
2022-12-08 14:00:00;0.08336756034853042;0.07101863766256127;0.08130940656753557
2022-12-08 15:00:00;0.05383274587402524;0.050816334789586644;0.053330010693285475
2022-12-08 16:00:00;0.036475642887246786;0.03627442680297856;0.03644210687320208
2022-12-08 17:00:00;0.036394579410970476;0.036394579410970476;0.036394579410970476
2022-12-08 18:00:00;0.0398330735849193;0.0398330735849193;0.0398330735849193
2022-12-08 19:00:00;0.03546855980536729;0.03546855980536729;0.03546855980536729
2022-12-08 20:00:00;0.029588303674317366;0.029588303674317366;0.029588303674317366
2022-12-08 21:00:00;0.03447288310015154;0.03447288310015154;0.03447288310015154
2022-12-08 22:00:00;0.02740529478868981;0.02740529478868981;0.02740529478868981
2022-12-08 23:00:00;0.02943964625744894;0.02943964625744894;0.02943964625744894
2022-12-09 00:00:00;0.02634741198927673;0.02634741198927673;0.02634741198927673
2022-12-09 01:00:00;0.021526364381237405;0.021526364381237405;0.021526364381237405
2022-12-09 02:00:00;0.02251686924836216;0.02251686924836216;0.02251686924836216
2022-12-09 03:00:00;0.019618316290851215;0.019618316290851215;0.019618316290851215
2022-12-09 04:00:00;0.02030522908339296;0.02030522908339296;0.02030522908339296
2022-12-09 05:00:00;0.023073592006325847;0.023073592006325847;0.023073592006325847
2022-12-09 06:00:00;0.02302274211338695;0.02302274211338695;0.02302274211338695
2022-12-09 07:00:00;0.022719951728781954;0.0222687331462676;0.02264474863169623
2022-12-09 08:00:00;0.03390376722091497;0.029794518588693787;0.03321889244887811
2022-12-09 09:00:00;0.05665649590470009;0.04869276532906379;0.05532920747542738
2022-12-09 10:00:00;0.07985115417035943;0.06758523365198903;0.07780683408396437
2022-12-09 11:00:00;0.08835406913168889;0.0769091812373946;0.08644658781597317
2022-12-09 12:00:00;0.08528420768640355;0.07346900838695583;0.08331500780316227
2022-12-09 13:00:00;0.0675839425580515;0.05964417745517213;0.06626064837423828
2022-12-09 14:00:00;0.05507804993995949;0.048832609554412834;0.05403714320903505
2022-12-09 15:00:00;0.03899102088384157;0.03735446313430402;0.03871826125891865
2022-12-09 16:00:00;0.030701575927382495;0.030610991381480036;0.03068647850306542
2022-12-09 17:00:00;0.027020355358027322;0.027020355358027322;0.027020355358027322
2022-12-09 18:00:00;0.025548787131833943;0.025548787131833943;0.025548787131833943
2022-12-09 19:00:00;0.024688662801428403;0.024688662801428403;0.024688662801428403
2022-12-09 20:00:00;0.02338971614550574;0.02338971614550574;0.02338971614550574
2022-12-09 21:00:00;0.026111393918847155;0.026111393918847155;0.026111393918847155
2022-12-09 22:00:00;0.022218288941311462;0.022218288941311462;0.022218288941311462
2022-12-09 23:00:00;0.019911269302829215;0.019911269302829215;0.019911269302829215
2022-12-10 00:00:00;0.02075114058423911;0.02075114058423911;0.02075114058423911
2022-12-10 01:00:00;0.01788911617373924;0.01788911617373924;0.01788911617373924
2022-12-10 02:00:00;0.015035455341842632;0.015035455341842632;0.015035455341842632
2022-12-10 03:00:00;0.017292972984764104;0.017292972984764104;0.017292972984764104
2022-12-10 04:00:00;0.019722492529145368;0.019722492529145368;0.019722492529145368
2022-12-10 05:00:00;0.017209658841818673;0.017209658841818673;0.017209658841818673
2022-12-10 06:00:00;0.013720470319134138;0.013720470319134138;0.013720470319134138
2022-12-10 07:00:00;0.009182286692043684;0.008701100533216018;0.009102088998905739
2022-12-10 08:00:00;0.02514700300762912;0.021305800001115996;0.0245068025065436
2022-12-10 09:00:00;0.04987353129456019;0.04167748555339902;0.04850752367103333
2022-12-10 10:00:00;0.07516360373452968;0.06285912356721889;0.07311285703997789
2022-12-10 11:00:00;0.08771443281939774;0.07508991724643137;0.08561034689057001
2022-12-10 12:00:00;0.08960413267381404;0.07842864282002045;0.08774155103151511
2022-12-10 13:00:00;0.08513707770381441;0.07465112448443177;0.0833894188339173
2022-12-10 14:00:00;0.06985538639676636;0.06308956710348995;0.06872774984788696
2022-12-10 15:00:00;0.05215759640885288;0.050150652514026686;0.05182310575971519
2022-12-10 16:00:00;0.046447276961836315;0.04633318898411815;0.046428262298883284
2022-12-10 17:00:00;0.0312837693317018;0.0312837693317018;0.0312837693317018
2022-12-10 18:00:00;0.02652535626706279;0.02652535626706279;0.02652535626706279
2022-12-10 19:00:00;0.019646909043458442;0.019646909043458442;0.019646909043458442
2022-12-10 20:00:00;0.02236335212595188;0.02236335212595188;0.02236335212595188
2022-12-10 21:00:00;0.023962590436505112;0.023962590436505112;0.023962590436505112
2022-12-10 22:00:00;0.022871356014401704;0.022871356014401704;0.022871356014401704
2022-12-10 23:00:00;0.018749403491197022;0.018749403491197022;0.018749403491197022
2022-12-11 00:00:00;0.017102789520933567;0.017102789520933567;0.017102789520933567
2022-12-11 01:00:00;0.015457780526224024;0.015457780526224024;0.015457780526224024
2022-12-11 02:00:00;0.01545640289136407;0.01545640289136407;0.01545640289136407
2022-12-11 03:00:00;0.014578005218352914;0.014578005218352914;0.014578005218352914
2022-12-11 04:00:00;0.01182345107601258;0.01182345107601258;0.01182345107601258
2022-12-11 05:00:00;0.014404396612894029;0.014404396612894029;0.014404396612894029
2022-12-11 06:00:00;0.017213137241600243;0.017213137241600243;0.017213137241600243
2022-12-11 07:00:00;0.0146259033598533;0.014274191506742596;0.014567284717668182
2022-12-11 08:00:00;0.026235391681143267;0.02307188560326258;0.025708140668163158
2022-12-11 09:00:00;0.04566374932176586;0.03944545697521429;0.04462736726400726
2022-12-11 10:00:00;0.05363081106606814;0.04732542957409993;0.052579914150740106
2022-12-11 11:00:00;0.060561832466995855;0.053519753133035176;0.05938815257800241
2022-12-11 12:00:00;0.0582179761750225;0.05304736246345065;0.057356207223093855
2022-12-11 13:00:00;0.05879730956971917;0.05162515497070902;0.05760195046988414
2022-12-11 14:00:00;0.05436224113370389;0.04959911939891712;0.05356838751123943
2022-12-11 15:00:00;0.04372320346816266;0.04254362343310412;0.04352660679565289
2022-12-11 16:00:00;0.03252057234902246;0.03252057234902246;0.03252057234902246
2022-12-11 17:00:00;0.028752273344485185;0.028752273344485185;0.028752273344485185
2022-12-11 18:00:00;0.025809890289666307;0.025809890289666307;0.025809890289666307
2022-12-11 19:00:00;0.023013307180011135;0.023013307180011135;0.023013307180011135
2022-12-11 20:00:00;0.019015029526109836;0.019015029526109836;0.019015029526109836
2022-12-11 21:00:00;0.0185154493871198;0.0185154493871198;0.0185154493871198
2022-12-11 22:00:00;0.018444878611076215;0.018444878611076215;0.018444878611076215
2022-12-11 23:00:00;0.015381348747300133;0.015381348747300133;0.015381348747300133
2022-12-12 00:00:00;0.017318248985748755;0.017318248985748755;0.017318248985748755
2022-12-12 01:00:00;0.01770782020767251;0.01770782020767251;0.01770782020767251
2022-12-12 02:00:00;0.01655191636422682;0.01655191636422682;0.01655191636422682
2022-12-12 03:00:00;0.01737962317458682;0.01737962317458682;0.01737962317458682
2022-12-12 04:00:00;0.016810878814178917;0.016810878814178917;0.016810878814178917
2022-12-12 05:00:00;0.016109061630707393;0.016109061630707393;0.016109061630707393
2022-12-12 06:00:00;0.016108565476717174;0.016108565476717174;0.016108565476717174
2022-12-12 07:00:00;0.007796623959113088;0.007387153405123083;0.007728378866781421
2022-12-12 08:00:00;0.026732473282580924;0.022890957576418125;0.026092220664887124
2022-12-12 09:00:00;0.046943822972708216;0.039428225054861224;0.04569122331973371
2022-12-12 10:00:00;0.06542818027003403;0.05477777121073774;0.06365311209348465
2022-12-12 11:00:00;0.08554756634277462;0.0716962517231713;0.08323901390617407
2022-12-12 12:00:00;0.09059714534123113;0.07885440793166203;0.08864002243963628
2022-12-12 13:00:00;0.0892563631892653;0.07762440387157951;0.08731770330298434
2022-12-12 14:00:00;0.07571639004030206;0.06697470933195844;0.07425944325557812
2022-12-12 15:00:00;0.05400146865272481;0.05142625674621403;0.05357226666830635
2022-12-12 16:00:00;0.047709594914651085;0.04756715815214408;0.04768585545423325
2022-12-12 17:00:00;0.037598640029371855;0.037598640029371855;0.037598640029371855
2022-12-12 18:00:00;0.01596240625434001;0.01596240625434001;0.01596240625434001
2022-12-12 19:00:00;0.02224737188360406;0.02224737188360406;0.02224737188360406
2022-12-12 20:00:00;0.02145087265019524;0.02145087265019524;0.02145087265019524
2022-12-12 21:00:00;0.023850498853603637;0.023850498853603637;0.023850498853603637
2022-12-12 22:00:00;0.02416259579437957;0.02416259579437957;0.02416259579437957
2022-12-12 23:00:00;0.015672550122825663;0.015672550122825663;0.015672550122825663
2022-12-13 00:00:00;0.012637422126387106;0.012637422126387106;0.012637422126387106
2022-12-13 01:00:00;0.013675079518534076;0.013675079518534076;0.013675079518534076
2022-12-13 02:00:00;0.014390903403885979;0.014390903403885979;0.014390903403885979
2022-12-13 03:00:00;0.030945844087802734;0.030945844087802734;0.030945844087802734
2022-12-13 04:00:00;0.0358577118662358;0.0358577118662358;0.0358577118662358
2022-12-13 05:00:00;0.019361498430370088;0.019361498430370088;0.019361498430370088
2022-12-13 06:00:00;0.02048495023636242;0.02048495023636242;0.02048495023636242
2022-12-13 07:00:00;0.0034383353046098047;0.002587646696215255;0.0032965538698773804
2022-12-13 08:00:00;0.03364094498364054;0.02689536719496618;0.03251668201886149
2022-12-13 09:00:00;0.06888830684877031;0.05367484327142106;0.06635272958587878
2022-12-13 10:00:00;0.08929129201195077;0.07661642517784303;0.08717881420626615
2022-12-13 11:00:00;0.09696331114915589;0.08376150915534965;0.09476301081685484
2022-12-13 12:00:00;0.08480356890556402;0.07413853816076955;0.08302606378143161
2022-12-13 13:00:00;0.09800335600832;0.08172461374296792;0.095290232297428
2022-12-13 14:00:00;0.07897636118785194;0.06709987275171232;0.07699694644849533
2022-12-13 15:00:00;0.045810618511251164;0.04245796685529964;0.04525184323525924
2022-12-13 16:00:00;0.04252997427093697;0.04240536482532306;0.042509206030001315
2022-12-13 17:00:00;0.03509328236608352;0.03509328236608352;0.03509328236608352
2022-12-13 18:00:00;0.04131817985387273;0.04131817985387273;0.04131817985387273
2022-12-13 19:00:00;0.04297824398275505;0.04297824398275505;0.04297824398275505
2022-12-13 20:00:00;0.03958014047347719;0.03958014047347719;0.03958014047347719
2022-12-13 21:00:00;0.03729215896241042;0.03729215896241042;0.03729215896241042
2022-12-13 22:00:00;0.03264994245412924;0.03264994245412924;0.03264994245412924
2022-12-13 23:00:00;0.0344288459814288;0.0344288459814288;0.0344288459814288
2022-12-14 00:00:00;0.031539151278257474;0.031539151278257474;0.031539151278257474
2022-12-14 01:00:00;0.02897621918124145;0.02897621918124145;0.02897621918124145
2022-12-14 02:00:00;0.03213521438879314;0.03213521438879314;0.03213521438879314
2022-12-14 03:00:00;0.029299704350946334;0.029299704350946334;0.029299704350946334
2022-12-14 04:00:00;0.026574255830184378;0.026574255830184378;0.026574255830184378
2022-12-14 05:00:00;0.027096955267759466;0.027096955267759466;0.027096955267759466
2022-12-14 06:00:00;0.029319864868954323;0.029319864868954323;0.029319864868954323
2022-12-14 07:00:00;0.026376531866102882;0.026047301133507162;0.02632166007733693
2022-12-14 08:00:00;0.039108204936826076;0.03452571253949198;0.03834445620393706
2022-12-14 09:00:00;0.07492331547582469;0.06480280574152841;0.07323656385344197
2022-12-14 10:00:00;0.0922973299630733;0.08045087543338078;0.0903229208747912
2022-12-14 11:00:00;0.09705711630679505;0.0858970700592269;0.09519710859886704
2022-12-14 12:00:00;0.09331401221936095;0.0829883175599056;0.09159306310945173
2022-12-14 13:00:00;0.10372731498851993;0.09165978355533594;0.10171605974965596
2022-12-14 14:00:00;0.09353005054940756;0.08106591232285272;0.09145269417831506
2022-12-14 15:00:00;0.07234919991504915;0.070389972780566;0.07202266205930195
2022-12-14 16:00:00;0.06148296597362973;0.06148296597362973;0.06148296597362973
2022-12-14 17:00:00;0.0582921920287341;0.0582921920287341;0.0582921920287341
2022-12-14 18:00:00;0.05762597756441712;0.05762597756441712;0.05762597756441712
2022-12-14 19:00:00;0.05453043563168096;0.05453043563168096;0.05453043563168096
2022-12-14 20:00:00;0.04707187291738426;0.04707187291738426;0.04707187291738426
2022-12-14 21:00:00;0.04800971263922766;0.04800971263922766;0.04800971263922766
2022-12-14 22:00:00;0.043483924259207093;0.043483924259207093;0.043483924259207093
2022-12-14 23:00:00;0.03603319660100879;0.03603319660100879;0.03603319660100879
2022-12-15 00:00:00;0.03447103773813035;0.03447103773813035;0.03447103773813035
2022-12-15 01:00:00;0.030476436109901642;0.030476436109901642;0.030476436109901642
2022-12-15 02:00:00;0.03209299849801709;0.03209299849801709;0.03209299849801709
2022-12-15 03:00:00;0.020593248845234065;0.020593248845234065;0.020593248845234065
2022-12-15 04:00:00;0.024650992153136066;0.024650992153136066;0.024650992153136066
2022-12-15 05:00:00;0.02365397853307828;0.02365397853307828;0.02365397853307828
2022-12-15 06:00:00;0.026864795277841812;0.026864795277841812;0.026864795277841812
2022-12-15 07:00:00;0.010595682993389385;0.009537027631937015;0.010419240433147323
2022-12-15 08:00:00;0.046043604811579694;0.03810226940816008;0.044720048911009766
2022-12-15 09:00:00;0.08229217087268062;0.0674535815362182;0.07981907264993689
2022-12-15 10:00:00;0.11869350782568651;0.10089871661679081;0.11572770929087058
2022-12-15 11:00:00;0.1293681000113494;0.11155622786890786;0.12639945465427582
2022-12-15 12:00:00;0.09992910460285634;0.08902174925411534;0.09811121204473283
2022-12-15 13:00:00;0.07465201822078328;0.0685998461537024;0.07364332287626982
2022-12-15 14:00:00;0.05980945229398218;0.05698558564995583;0.05933880785331112
2022-12-15 15:00:00;0.041078916370191565;0.039698882602451;0.0408489107422348
2022-12-15 16:00:00;0.04214204545484357;0.04214204545484357;0.04214204545484357
2022-12-15 17:00:00;0.04063034206792552;0.04063034206792552;0.04063034206792552
2022-12-15 18:00:00;0.03707432954707802;0.03707432954707802;0.03707432954707802
2022-12-15 19:00:00;0.030517677779402674;0.030517677779402674;0.030517677779402674
2022-12-15 20:00:00;0.03279493892335686;0.03279493892335686;0.03279493892335686
2022-12-15 21:00:00;0.03394115682033803;0.03394115682033803;0.03394115682033803
2022-12-15 22:00:00;0.03791591584558738;0.03791591584558738;0.03791591584558738
2022-12-15 23:00:00;0.03731180566244771;0.03731180566244771;0.03731180566244771
2022-12-16 00:00:00;0.038675133855361296;0.038675133855361296;0.038675133855361296
2022-12-16 01:00:00;0.037148554031790744;0.037148554031790744;0.037148554031790744
2022-12-16 02:00:00;0.036610383523507664;0.036610383523507664;0.036610383523507664
2022-12-16 03:00:00;0.04027730578626957;0.04027730578626957;0.04027730578626957
2022-12-16 04:00:00;0.038735541995143064;0.038735541995143064;0.038735541995143064
2022-12-16 05:00:00;0.034299273468754256;0.034299273468754256;0.034299273468754256
2022-12-16 06:00:00;0.037460383561936615;0.037460383561936615;0.037460383561936615
2022-12-16 07:00:00;0.043028031748935755;0.04289254210810816;0.043005450142131155
2022-12-16 08:00:00;0.04602093807263792;0.04473868634490969;0.04580722945134988
2022-12-16 09:00:00;0.053738560988063185;0.04989520450293928;0.05309800157387587
2022-12-16 10:00:00;0.053078101249535194;0.04898538288268982;0.052395981521727635
2022-12-16 11:00:00;0.061390629541331065;0.05473459305261707;0.0602812901265454
2022-12-16 12:00:00;0.054443508127210466;0.04971079571143073;0.053654722724580516
2022-12-16 13:00:00;0.05190871753354202;0.048726248156487156;0.051378305970699555
2022-12-16 14:00:00;0.045027696151048555;0.042946736254311904;0.044680869501592446
2022-12-16 15:00:00;0.03219207517718996;0.031768583777863915;0.032121493277302286
2022-12-16 16:00:00;0.022980065593717014;0.022980065593717014;0.022980065593717014
2022-12-16 17:00:00;0.0176751690208161;0.0176751690208161;0.0176751690208161
2022-12-16 18:00:00;0.019682893444074333;0.019682893444074333;0.019682893444074333
2022-12-16 19:00:00;0.01759020515513487;0.01759020515513487;0.01759020515513487
2022-12-16 20:00:00;0.029334900694189158;0.029334900694189158;0.029334900694189158
2022-12-16 21:00:00;0.02450833494537816;0.02450833494537816;0.02450833494537816
2022-12-16 22:00:00;0.026526142770537043;0.026526142770537043;0.026526142770537043
2022-12-16 23:00:00;0.01534868551495297;0.01534868551495297;0.01534868551495297
2022-12-17 00:00:00;0.01732712198087558;0.01732712198087558;0.01732712198087558
2022-12-17 01:00:00;0.017180097319928804;0.017180097319928804;0.017180097319928804
2022-12-17 02:00:00;0.015221827015227585;0.015221827015227585;0.015221827015227585
2022-12-17 03:00:00;0.011632286433730528;0.011632286433730528;0.011632286433730528
2022-12-17 04:00:00;0.011636845197352095;0.011636845197352095;0.011636845197352095
2022-12-17 05:00:00;0.01519479906912971;0.01519479906912971;0.01519479906912971
2022-12-17 06:00:00;0.015140823508127305;0.015140823508127305;0.015140823508127305
2022-12-17 07:00:00;0.014604142827932333;0.014443440738407271;0.014577359146344823
2022-12-17 08:00:00;0.016639626247512303;0.015093864166104903;0.016381999233944403
2022-12-17 09:00:00;0.023779813499232586;0.020451888211531783;0.023225159284615788
2022-12-17 10:00:00;0.03281687715233554;0.02776947945090699;0.03197564420209745
2022-12-17 11:00:00;0.04957166981294536;0.04042857228379052;0.048047820224752895
2022-12-17 12:00:00;0.04109900133714074;0.034108129181045374;0.03993385597779152
2022-12-17 13:00:00;0.029107357815210316;0.024866341488904705;0.02840052176082605
2022-12-17 14:00:00;0.022708824123153257;0.019707639588228947;0.022208626700665875
2022-12-17 15:00:00;0.014999086663371405;0.013922822702784752;0.014819709336606965
2022-12-17 16:00:00;0.013039953753900676;0.013039953753900676;0.013039953753900676
2022-12-17 17:00:00;0.013028532327011875;0.013028532327011875;0.013028532327011875
2022-12-17 18:00:00;0.013525472718155214;0.013525472718155214;0.013525472718155214
2022-12-17 19:00:00;0.01342780355085595;0.01342780355085595;0.01342780355085595
2022-12-17 20:00:00;0.013729596123891696;0.013729596123891696;0.013729596123891696
2022-12-17 21:00:00;0.013687493086351565;0.013687493086351565;0.013687493086351565
2022-12-17 22:00:00;0.012575901967489669;0.012575901967489669;0.012575901967489669
2022-12-17 23:00:00;0.012569077750831787;0.012569077750831787;0.012569077750831787
2022-12-18 00:00:00;0.012820792267400679;0.012820792267400679;0.012820792267400679
2022-12-18 01:00:00;0.013706848025846081;0.013706848025846081;0.013706848025846081
2022-12-18 02:00:00;0.013771188769905882;0.013771188769905882;0.013771188769905882
2022-12-18 03:00:00;0.012817935206208636;0.012817935206208636;0.012817935206208636
2022-12-18 04:00:00;0.01428761007410676;0.01428761007410676;0.01428761007410676
2022-12-18 05:00:00;0.013789527650033214;0.013789527650033214;0.013789527650033214
2022-12-18 06:00:00;0.013680672789079492;0.013680672789079492;0.013680672789079492
2022-12-18 07:00:00;0.0032650634968382644;0.0025845560674903688;0.003151645591946949
2022-12-18 08:00:00;0.01937612557699094;0.016234103811257;0.018852455282701953
2022-12-18 09:00:00;0.03273327800687961;0.026972270908379864;0.03177311015712966
2022-12-18 10:00:00;0.04316927927044489;0.035409805998114094;0.04187603372505642
2022-12-18 11:00:00;0.05354729143758892;0.043561054881745685;0.051882918678281716
2022-12-18 12:00:00;0.055537948038567785;0.045230324699474196;0.05382001081538553
2022-12-18 13:00:00;0.04295588200596157;0.03517425196449632;0.041658943665717374
2022-12-18 14:00:00;0.03524069248131399;0.028722212643707782;0.0341542791750463
2022-12-18 15:00:00;0.014555775579492327;0.011668391531810263;0.01407454490487865
2022-12-18 16:00:00;0.011052087845197657;0.01085486889384448;0.011019218019972127
2022-12-18 17:00:00;0.01517543090859251;0.01517543090859251;0.01517543090859251
2022-12-18 18:00:00;0.013750304300668165;0.013750304300668165;0.013750304300668165
2022-12-18 19:00:00;0.012442435694245151;0.012442435694245151;0.012442435694245151
2022-12-18 20:00:00;0.016270481585216365;0.016270481585216365;0.016270481585216365
2022-12-18 21:00:00;0.018097868605494765;0.018097868605494765;0.018097868605494765
2022-12-18 22:00:00;0.01602331274870514;0.01602331274870514;0.01602331274870514
2022-12-18 23:00:00;0.014329434165845534;0.014329434165845534;0.014329434165845534
2022-12-19 00:00:00;0.014407804029124477;0.014407804029124477;0.014407804029124477
2022-12-19 01:00:00;0.014081192900524253;0.014081192900524253;0.014081192900524253
2022-12-19 02:00:00;0.015651718149168915;0.015651718149168915;0.015651718149168915
2022-12-19 03:00:00;0.019457552002995378;0.019457552002995378;0.019457552002995378
2022-12-19 04:00:00;0.020658460421073624;0.020658460421073624;0.020658460421073624
2022-12-19 05:00:00;0.020586832736443784;0.020586832736443784;0.020586832736443784
2022-12-19 06:00:00;0.02033420054939576;0.02033420054939576;0.02033420054939576
2022-12-19 07:00:00;0.016579500184382177;0.016273764556144772;0.01652854424634261
2022-12-19 08:00:00;0.027873219051421313;0.024646229205323385;0.02733538741040499
2022-12-19 09:00:00;0.055935572536701304;0.046278211735699376;0.05432601240320099
2022-12-19 10:00:00;0.06641889629633409;0.056042700745482926;0.06468953037119224
2022-12-19 11:00:00;0.07611005529962409;0.06404544817460124;0.07409928744545362
2022-12-19 12:00:00;0.06447088410553488;0.056495390609017024;0.06314163518944858
2022-12-19 13:00:00;0.08877733437671467;0.07656682423301345;0.08674224935276446
2022-12-19 14:00:00;0.058591954581929076;0.05249550617762615;0.05757587984787859
2022-12-19 15:00:00;0.03210563632850549;0.030492719621663323;0.03183681687736513
2022-12-19 16:00:00;0.026389961152509536;0.026206640408483334;0.026359407695171838
2022-12-19 17:00:00;0.028786899404309955;0.028786899404309955;0.028786899404309955
2022-12-19 18:00:00;0.029241307824883073;0.029241307824883073;0.029241307824883073
2022-12-19 19:00:00;0.02634282254730117;0.02634282254730117;0.02634282254730117
2022-12-19 20:00:00;0.024829587076753087;0.024829587076753087;0.024829587076753087
2022-12-19 21:00:00;0.0310053988493237;0.0310053988493237;0.0310053988493237
2022-12-19 22:00:00;0.03100619753055155;0.03100619753055155;0.03100619753055155
2022-12-19 23:00:00;0.02987730933410905;0.02987730933410905;0.02987730933410905
2022-12-20 00:00:00;0.02556580140075149;0.02556580140075149;0.02556580140075149
2022-12-20 01:00:00;0.024696862000030243;0.024696862000030243;0.024696862000030243
2022-12-20 02:00:00;0.026726697916786033;0.026726697916786033;0.026726697916786033
2022-12-20 03:00:00;0.026744386402604996;0.026744386402604996;0.026744386402604996
2022-12-20 04:00:00;0.023958209910714734;0.023958209910714734;0.023958209910714734
2022-12-20 05:00:00;0.023909112086565886;0.023909112086565886;0.023909112086565886
2022-12-20 06:00:00;0.023962019606131018;0.023962019606131018;0.023962019606131018
2022-12-20 07:00:00;0.020497472937079854;0.020169078423212153;0.020442740518101903
2022-12-20 08:00:00;0.032399771539012266;0.02968100929192707;0.0319466444978314
2022-12-20 09:00:00;0.04728786474185475;0.040776673474226685;0.046202666197250074
2022-12-20 10:00:00;0.056661037893178806;0.049402638406199566;0.05545130464534893
2022-12-20 11:00:00;0.060144570927391255;0.05211358108426579;0.05880607262020368
2022-12-20 12:00:00;0.06419164956107701;0.05501056504362064;0.06266146880816761
2022-12-20 13:00:00;0.052735797460542154;0.045707260914461666;0.05156437470286207
2022-12-20 14:00:00;0.03846426086039498;0.03469263467176032;0.03783565649562254
2022-12-20 15:00:00;0.021744675297316357;0.020301609614933335;0.02150416435025252
2022-12-20 16:00:00;0.019152189155574165;0.019152189155574165;0.019152189155574165
2022-12-20 17:00:00;0.018238060712760407;0.018238060712760407;0.018238060712760407
2022-12-20 18:00:00;0.01784147690494413;0.01784147690494413;0.01784147690494413
2022-12-20 19:00:00;0.01695037049917614;0.01695037049917614;0.01695037049917614
2022-12-20 20:00:00;0.019361872723596667;0.019361872723596667;0.019361872723596667
2022-12-20 21:00:00;0.017108561636103838;0.017108561636103838;0.017108561636103838
2022-12-20 22:00:00;0.016595781735378744;0.016595781735378744;0.016595781735378744
2022-12-20 23:00:00;0.015168567739126261;0.015168567739126261;0.015168567739126261
2022-12-21 00:00:00;0.01585274698010304;0.01585274698010304;0.01585274698010304
2022-12-21 01:00:00;0.013653534783546877;0.013653534783546877;0.013653534783546877
2022-12-21 02:00:00;0.011676410909365172;0.011676410909365172;0.011676410909365172
2022-12-21 03:00:00;0.011433607976298308;0.011433607976298308;0.011433607976298308
2022-12-21 04:00:00;0.011593959771593795;0.011593959771593795;0.011593959771593795
2022-12-21 05:00:00;0.013308639345118946;0.013308639345118946;0.013308639345118946
2022-12-21 06:00:00;0.013536024191614551;0.013536024191614551;0.013536024191614551
2022-12-21 07:00:00;0.011730086329994815;0.011599987063882605;0.011708403118976113
2022-12-21 08:00:00;0.013816800418665056;0.01276016405577048;0.013640694358182626
2022-12-21 09:00:00;0.02493305133644493;0.02197945269548504;0.02444078489628495
2022-12-21 10:00:00;0.029258496282225342;0.02565700949250494;0.02865824848393861
2022-12-21 11:00:00;0.027817963232415668;0.024790352206775976;0.027313361394809055
2022-12-21 12:00:00;0.033328653944429944;0.0292439309633699;0.03264786678091993
2022-12-21 13:00:00;0.028268135668893378;0.024604951980669875;0.027657605054189464
2022-12-21 14:00:00;0.018480967756172882;0.017402629891363083;0.018301244778704585
2022-12-21 15:00:00;0.01545773533408978;0.01425661926151896;0.015257549321994643
2022-12-21 16:00:00;0.01567798747824637;0.01567798747824637;0.01567798747824637
2022-12-21 17:00:00;0.015298217649955313;0.015298217649955313;0.015298217649955313
2022-12-21 18:00:00;0.01994391481188269;0.01994391481188269;0.01994391481188269
2022-12-21 19:00:00;0.021862822821923474;0.021862822821923474;0.021862822821923474
2022-12-21 20:00:00;0.011749896271149347;0.011749896271149347;0.011749896271149347
2022-12-21 21:00:00;0.011831348300638929;0.011831348300638929;0.011831348300638929
2022-12-21 22:00:00;0.008471499970790355;0.008471499970790355;0.008471499970790355
2022-12-21 23:00:00;0.008055788497457887;0.008055788497457887;0.008055788497457887
2022-12-22 00:00:00;0.007835260909295464;0.007835260909295464;0.007835260909295464
2022-12-22 01:00:00;0.008675284970514575;0.008675284970514575;0.008675284970514575
2022-12-22 02:00:00;0.009556086455804788;0.009556086455804788;0.009556086455804788
2022-12-22 03:00:00;0.008468428640344023;0.008468428640344023;0.008468428640344023
2022-12-22 04:00:00;0.009902622642338805;0.009902622642338805;0.009902622642338805
2022-12-22 05:00:00;0.008269468597042492;0.008269468597042492;0.008269468597042492
2022-12-22 06:00:00;0.010707296356379258;0.010707296356379258;0.010707296356379258
2022-12-22 07:00:00;0.004699308939778984;0.004481805362351537;0.004663058343541076
2022-12-22 08:00:00;0.012569465946081089;0.010128221601498042;0.012162591888650582
2022-12-22 09:00:00;0.025291811717739504;0.020300637457028686;0.024459949340954367
2022-12-22 10:00:00;0.03357059583357736;0.027879468767708197;0.032622074655932504
2022-12-22 11:00:00;0.04002325299936645;0.03385296062472551;0.0389948709369263
2022-12-22 12:00:00;0.04589095908155716;0.038637351039800774;0.0446820244079311
2022-12-22 13:00:00;0.05680147041351687;0.04618566691533756;0.05503216983048699
2022-12-22 14:00:00;0.04002113554621631;0.035609307451388045;0.03928583086374493
2022-12-22 15:00:00;0.028168831458710287;0.027210427845047354;0.028009097523099796
2022-12-22 16:00:00;0.02165471423954537;0.02165471423954537;0.02165471423954537
2022-12-22 17:00:00;0.022612791535906004;0.022612791535906004;0.022612791535906004
2022-12-22 18:00:00;0.02048663028396418;0.02048663028396418;0.02048663028396418
2022-12-22 19:00:00;0.016930649485510804;0.016930649485510804;0.016930649485510804
2022-12-22 20:00:00;0.015382549905318963;0.015382549905318963;0.015382549905318963
2022-12-22 21:00:00;0.01763629412068424;0.01763629412068424;0.01763629412068424
2022-12-22 22:00:00;0.018238598832195065;0.018238598832195065;0.018238598832195065
2022-12-22 23:00:00;0.021020863167228853;0.021020863167228853;0.021020863167228853
2022-12-23 00:00:00;0.021536192619215067;0.021536192619215067;0.021536192619215067
2022-12-23 01:00:00;0.021703813591807446;0.021703813591807446;0.021703813591807446
2022-12-23 02:00:00;0.014925597147068254;0.014925597147068254;0.014925597147068254
2022-12-23 03:00:00;0.009885261846071674;0.009885261846071674;0.009885261846071674
2022-12-23 04:00:00;0.009865930491542876;0.009865930491542876;0.009865930491542876
2022-12-23 05:00:00;0.012559199560519195;0.012559199560519195;0.012559199560519195
2022-12-23 06:00:00;0.012544175835556084;0.012544175835556084;0.012544175835556084
2022-12-23 07:00:00;0.015353539951890212;0.015353539951890212;0.015353539951890212
2022-12-23 08:00:00;0.02129207233688586;0.021136021997730056;0.02126606394702656
2022-12-23 09:00:00;0.02239741078635439;0.02188880289169879;0.02231264280391179
2022-12-23 10:00:00;0.024843341826171563;0.02229054866737682;0.024417876299705772
2022-12-23 11:00:00;0.036564833055661806;0.03258814878101198;0.03590205234322018
2022-12-23 12:00:00;0.028229816543990035;0.027168012782093704;0.028052849250340642
2022-12-23 13:00:00;0.02914440004002415;0.028585245593954815;0.02905120763234593
2022-12-23 14:00:00;0.01875097785552462;0.018541159569658884;0.018716008141213665
2022-12-23 15:00:00;0.02385221577576711;0.02385221577576711;0.02385221577576711
2022-12-23 16:00:00;0.013374234514486152;0.013374234514486152;0.013374234514486152
2022-12-23 17:00:00;0.007849920007073418;0.007849920007073418;0.007849920007073418
2022-12-23 18:00:00;0.008965113017785926;0.008965113017785926;0.008965113017785926
2022-12-23 19:00:00;0.009931685765791086;0.009931685765791086;0.009931685765791086
2022-12-23 20:00:00;0.012768652969082422;0.012768652969082422;0.012768652969082422
2022-12-23 21:00:00;0.012496138625835011;0.012496138625835011;0.012496138625835011
2022-12-23 22:00:00;0.011501225582781079;0.011501225582781079;0.011501225582781079
2022-12-23 23:00:00;0.01086581599666218;0.01086581599666218;0.01086581599666218
2022-12-24 00:00:00;0.010873099025164654;0.010873099025164654;0.010873099025164654
2022-12-24 01:00:00;0.010416461991425372;0.010416461991425372;0.010416461991425372
2022-12-24 02:00:00;0.01018056986166231;0.01018056986166231;0.01018056986166231
2022-12-24 03:00:00;0.009908482141389292;0.009908482141389292;0.009908482141389292
2022-12-24 04:00:00;0.009939262973806554;0.009939262973806554;0.009939262973806554
2022-12-24 05:00:00;0.009926076408390768;0.009926076408390768;0.009926076408390768
2022-12-24 06:00:00;0.010177637266529089;0.010177637266529089;0.010177637266529089
2022-12-24 07:00:00;0.0072783112304623315;0.007081476021398753;0.007245505362285067
2022-12-24 08:00:00;0.013184626139739902;0.011264284121978968;0.012864569136779747
2022-12-24 09:00:00;0.024311569832306205;0.019888666811688473;0.023574419328869917
2022-12-24 10:00:00;0.03701209355020148;0.029714957883969512;0.035795904272496154
2022-12-24 11:00:00;0.03660871086622619;0.02970221400299696;0.03545762805568799
2022-12-24 12:00:00;0.04137553058164066;0.03311945636525472;0.039999518212243006
2022-12-24 13:00:00;0.03402449242818705;0.02727755478281019;0.03290000282062424
2022-12-24 14:00:00;0.02235450875334246;0.01804876197493593;0.021636884290274706
2022-12-24 15:00:00;0.009956673447204826;0.008085750037587944;0.009644852878935345
2022-12-24 16:00:00;0.009631474432501215;0.009631474432501215;0.009631474432501215
2022-12-24 17:00:00;0.009638336917273567;0.009638336917273567;0.009638336917273567
2022-12-24 18:00:00;0.009851185182122786;0.009851185182122786;0.009851185182122786
2022-12-24 19:00:00;0.009866092877025076;0.009866092877025076;0.009866092877025076
2022-12-24 20:00:00;0.009863115537632833;0.009863115537632833;0.009863115537632833
2022-12-24 21:00:00;0.009862371483540577;0.009862371483540577;0.009862371483540577
2022-12-24 22:00:00;0.009863115537632833;0.009863115537632833;0.009863115537632833
2022-12-24 23:00:00;0.009860883712085149;0.009860883712085149;0.009860883712085149
2022-12-25 00:00:00;0.009869451140810252;0.009869451140810252;0.009869451140810252
2022-12-25 01:00:00;0.009919651565400896;0.009919651565400896;0.009919651565400896
2022-12-25 02:00:00;0.009908052026886632;0.009908052026886632;0.009908052026886632
2022-12-25 03:00:00;0.009863498013097747;0.009863498013097747;0.009863498013097747
2022-12-25 04:00:00;0.009874296043743474;0.009874296043743474;0.009874296043743474
2022-12-25 05:00:00;0.010317315622710183;0.010317315622710183;0.010317315622710183
2022-12-25 06:00:00;0.010531033721032871;0.010531033721032871;0.010531033721032871
2022-12-25 07:00:00;0.007765616631020338;0.007557677456147947;0.007730960101874938
2022-12-25 08:00:00;0.01356425185879126;0.011902265041058945;0.01328725405583587
2022-12-25 09:00:00;0.021788521124850885;0.01832623498780269;0.021211473435342854
2022-12-25 10:00:00;0.029451615139476254;0.02435867132123487;0.028602791169769354
2022-12-25 11:00:00;0.032411471951193434;0.02680823175446758;0.031477598585072465
2022-12-25 12:00:00;0.0506134649578003;0.04025910369552668;0.04888773808075471
2022-12-25 13:00:00;;;
2022-12-25 14:00:00;;;
2022-12-25 15:00:00;;;
2022-12-25 16:00:00;;;
2022-12-25 17:00:00;;;
2022-12-25 18:00:00;;;
2022-12-25 19:00:00;;;
2022-12-25 20:00:00;;;
2022-12-25 21:00:00;;;
2022-12-25 22:00:00;;;
2022-12-25 23:00:00;;;
2022-12-26 00:00:00;;;
2022-12-26 01:00:00;;;
2022-12-26 02:00:00;;;
2022-12-26 03:00:00;;;
2022-12-26 04:00:00;;;
2022-12-26 05:00:00;;;
2022-12-26 06:00:00;;;
2022-12-26 07:00:00;;;
2022-12-26 08:00:00;;;
2022-12-26 09:00:00;;;
2022-12-26 10:00:00;;;
2022-12-26 11:00:00;;;
2022-12-26 12:00:00;;;
2022-12-26 13:00:00;0.041117752076676756;0.03587889544459115;0.04024460930466249
2022-12-26 14:00:00;0.03103332288728371;0.02805763991060413;0.030537375724503775
2022-12-26 15:00:00;0.020742355993104693;0.019169774830043788;0.02048025913259454
2022-12-26 16:00:00;0.013564192858741787;0.013436083423767457;0.013542841286246063
2022-12-26 17:00:00;0.010638000340454541;0.010638000340454541;0.010638000340454541
2022-12-26 18:00:00;0.010197953659924066;0.010197953659924066;0.010197953659924066
2022-12-26 19:00:00;0.010600280923548772;0.010600280923548772;0.010600280923548772
2022-12-26 20:00:00;0.014004386433243794;0.014004386433243794;0.014004386433243794
2022-12-26 21:00:00;0.01293129443316189;0.01293129443316189;0.01293129443316189
2022-12-26 22:00:00;0.01341555417322085;0.01341555417322085;0.01341555417322085
2022-12-26 23:00:00;0.015425186318434057;0.015425186318434057;0.015425186318434057
2022-12-27 00:00:00;0.016818709985210706;0.016818709985210706;0.016818709985210706
2022-12-27 01:00:00;0.017604725965727;0.017604725965727;0.017604725965727
2022-12-27 02:00:00;0.019507863671098427;0.019507863671098427;0.019507863671098427
2022-12-27 03:00:00;0.018883828395783377;0.018883828395783377;0.018883828395783377
2022-12-27 04:00:00;0.013595205043483827;0.013595205043483827;0.013595205043483827
2022-12-27 05:00:00;0.015576640378316268;0.015576640378316268;0.015576640378316268
2022-12-27 06:00:00;0.015042837681797226;0.015042837681797226;0.015042837681797226
2022-12-27 07:00:00;0.016357604079984;0.016213269456405683;0.016333548309387616
2022-12-27 08:00:00;0.0222754491954001;0.02128385702930399;0.02211018383438408
2022-12-27 09:00:00;0.03849280236865042;0.0323716685079988;0.03747261339187515
2022-12-27 10:00:00;0.07244222379339577;0.06030617462638994;0.07041954893222813
2022-12-27 11:00:00;0.07751385247019538;0.06638504118222868;0.07565905058886759
2022-12-27 12:00:00;0.07212546807135943;0.06007032551471785;0.07011627764525251
2022-12-27 13:00:00;0.05795620404576372;0.050039743672630775;0.0566367939835749
2022-12-27 14:00:00;0.041469935184840566;0.03703766367849601;0.04073122326711648
2022-12-27 15:00:00;0.01950945839495565;0.017261381631680835;0.019134778934409846
2022-12-27 16:00:00;0.018337664792240842;0.01820169148629843;0.018315002574583777
2022-12-27 17:00:00;0.016971541869539527;0.016971541869539527;0.016971541869539527
2022-12-27 18:00:00;0.017509739421711093;0.017509739421711093;0.017509739421711093
2022-12-27 19:00:00;0.01569590170587318;0.01569590170587318;0.01569590170587318
2022-12-27 20:00:00;0.010275194711489574;0.010275194711489574;0.010275194711489574
2022-12-27 21:00:00;0.009172880952292422;0.009172880952292422;0.009172880952292422
2022-12-27 22:00:00;0.009718370194554382;0.009718370194554382;0.009718370194554382
2022-12-27 23:00:00;0.009574797349595009;0.009574797349595009;0.009574797349595009
2022-12-28 00:00:00;0.009142154366175428;0.009142154366175428;0.009142154366175428
2022-12-28 01:00:00;0.009564111909447394;0.009564111909447394;0.009564111909447394
2022-12-28 02:00:00;0.010435627506212498;0.010435627506212498;0.010435627506212498
2022-12-28 03:00:00;0.00969790548742558;0.00969790548742558;0.00969790548742558
2022-12-28 04:00:00;0.010034704954206048;0.010034704954206048;0.010034704954206048
2022-12-28 05:00:00;0.009783512086489136;0.009783512086489136;0.009783512086489136
2022-12-28 06:00:00;0.011150348590943862;0.011150348590943862;0.011150348590943862
2022-12-28 07:00:00;0.008096923592638156;0.007950263661836338;0.008072480270837854
2022-12-28 08:00:00;0.013326956835781098;0.012124043640100599;0.01312647130316768
2022-12-28 09:00:00;0.016994087001566422;0.015300302639499318;0.016711789607888574
2022-12-28 10:00:00;0.01976154250071682;0.01754550325866377;0.019392202627041312
2022-12-28 11:00:00;0.020934477076954745;0.018716817243167594;0.020564867104656884
2022-12-28 12:00:00;0.023083335166623753;0.02020483361700415;0.022603584908353822
2022-12-28 13:00:00;0.021765325783341376;0.01901147352465226;0.021306350406893194
2022-12-28 14:00:00;0.01646083289518592;0.014953896423824123;0.016209676816625624
2022-12-28 15:00:00;0.011769937880477596;0.011359660861162465;0.011701558377258408
2022-12-28 16:00:00;0.012275850996456304;0.012275850996456304;0.012275850996456304
2022-12-28 17:00:00;0.01196481014057284;0.01196481014057284;0.01196481014057284
2022-12-28 18:00:00;0.012224602152871064;0.012224602152871064;0.012224602152871064
2022-12-28 19:00:00;0.01223406295075683;0.01223406295075683;0.01223406295075683
2022-12-28 20:00:00;0.011061285259437729;0.011061285259437729;0.011061285259437729
2022-12-28 21:00:00;0.010686136923050609;0.010686136923050609;0.010686136923050609
2022-12-28 22:00:00;0.012016484678640518;0.012016484678640518;0.012016484678640518
2022-12-28 23:00:00;0.012508521762618347;0.012508521762618347;0.012508521762618347
2022-12-29 00:00:00;0.011681320870608422;0.011681320870608422;0.011681320870608422
2022-12-29 01:00:00;0.012651900854566798;0.012651900854566798;0.012651900854566798
2022-12-29 02:00:00;0.011625592551378471;0.011625592551378471;0.011625592551378471
2022-12-29 03:00:00;0.011568286420930158;0.011568286420930158;0.011568286420930158
2022-12-29 04:00:00;0.011571917710144153;0.011571917710144153;0.011571917710144153
2022-12-29 05:00:00;0.011987848094735423;0.011987848094735423;0.011987848094735423
2022-12-29 06:00:00;0.011923223146515649;0.011923223146515649;0.011923223146515649
2022-12-29 07:00:00;0.011590339836466177;0.011590339836466177;0.011590339836466177
2022-12-29 08:00:00;0.012100217585782978;0.011631518697714721;0.012022101104438267
2022-12-29 09:00:00;0.019552916789269677;0.017544615667189456;0.019218199935589642
2022-12-29 10:00:00;0.0263225543827157;0.02318696944246062;0.02579995689267319
2022-12-29 11:00:00;0.039335957016100744;0.03328459186079284;0.03832739615688276
2022-12-29 12:00:00;0.04581949032777516;0.03861121614299638;0.0446181112969787
2022-12-29 13:00:00;0.07016559074598179;0.055635130375544684;0.06774384735090894
2022-12-29 14:00:00;0.05928768580720937;0.04701261456771394;0.0572418406006268
2022-12-29 15:00:00;0.01983734065135488;0.015383296459377863;0.019094999952692045
2022-12-29 16:00:00;0.008836230316227272;0.008386503808466214;0.008761275898267097
2022-12-29 17:00:00;0.01346404198879522;0.01346404198879522;0.01346404198879522
2022-12-29 18:00:00;0.01217193360401037;0.01217193360401037;0.01217193360401037
2022-12-29 19:00:00;0.013475467601425426;0.013475467601425426;0.013475467601425426
2022-12-29 20:00:00;0.013806230768821481;0.013806230768821481;0.013806230768821481
2022-12-29 21:00:00;0.01381939047906047;0.01381939047906047;0.01381939047906047
2022-12-29 22:00:00;0.013677637270257115;0.013677637270257115;0.013677637270257115
2022-12-29 23:00:00;0.013009403492308117;0.013009403492308117;0.013009403492308117
2022-12-30 00:00:00;0.013795447136885191;0.013795447136885191;0.013795447136885191
2022-12-30 01:00:00;0.013903250667343712;0.013903250667343712;0.013903250667343712
2022-12-30 02:00:00;0.014805234731824315;0.014805234731824315;0.014805234731824315
2022-12-30 03:00:00;0.01474217514340958;0.01474217514340958;0.01474217514340958
2022-12-30 04:00:00;0.014569915565327851;0.014569915565327851;0.014569915565327851
2022-12-30 05:00:00;0.014799124670900676;0.014799124670900676;0.014799124670900676
2022-12-30 06:00:00;0.013668542927411854;0.013668542927411854;0.013668542927411854
2022-12-30 07:00:00;0.0024506271762480447;0.0016749287880975798;0.002321344111556301
2022-12-30 08:00:00;0.021611459247749532;0.017766980585863186;0.020970712804101812
2022-12-30 09:00:00;0.032886797613037616;0.027352612357042148;0.03196443340370505
2022-12-30 10:00:00;0.03796992506415959;0.032418411321089274;0.03704467277364787
2022-12-30 11:00:00;0.05859127679322834;0.04857747706044661;0.056922310171098056
2022-12-30 12:00:00;0.038932483388517035;0.0336997610778347;0.038060363003403305
2022-12-30 13:00:00;0.03738395601885211;0.032224289886780916;0.03652401166350692
2022-12-30 14:00:00;0.026427865926218718;0.0234963746270065;0.02593928404301668
2022-12-30 15:00:00;0.018824918519208277;0.017800254920531517;0.018654141252762147
2022-12-30 16:00:00;0.01588918971049897;0.01588918971049897;0.01588918971049897
2022-12-30 17:00:00;0.015083933257216025;0.015083933257216025;0.015083933257216025
2022-12-30 18:00:00;0.0162543842409491;0.0162543842409491;0.0162543842409491
2022-12-30 19:00:00;0.015147124737846424;0.015147124737846424;0.015147124737846424
2022-12-30 20:00:00;0.014870800262814371;0.014870800262814371;0.014870800262814371
2022-12-30 21:00:00;0.016431537295245463;0.016431537295245463;0.016431537295245463
2022-12-30 22:00:00;0.013277230430575358;0.013277230430575358;0.013277230430575358
2022-12-30 23:00:00;0.014526387728072613;0.014526387728072613;0.014526387728072613
2022-12-31 00:00:00;0.015239326689685202;0.015239326689685202;0.015239326689685202
2022-12-31 01:00:00;0.014789861097276353;0.014789861097276353;0.014789861097276353
2022-12-31 02:00:00;0.014214723130603199;0.014214723130603199;0.014214723130603199
2022-12-31 03:00:00;0.016514315171074073;0.016514315171074073;0.016514315171074073
2022-12-31 04:00:00;0.01566574690993079;0.01566574690993079;0.01566574690993079
2022-12-31 05:00:00;0.016017990392189478;0.016017990392189478;0.016017990392189478
2022-12-31 06:00:00;0.015156729481754845;0.015156729481754845;0.015156729481754845
2022-12-31 07:00:00;0.014604206866912781;0.014604206866912781;0.014604206866912781
2022-12-31 08:00:00;0.01910251171879794;0.017490375116670585;0.018833822285110047
2022-12-31 09:00:00;0.02818909763566169;0.024169914394627106;0.027519233762155926
2022-12-31 10:00:00;0.036170998000726914;0.030942335790503043;0.035299554299022935
2022-12-31 11:00:00;0.04366967511777601;0.03675948739191095;0.04251797716346517
2022-12-31 12:00:00;0.04593484123760769;0.03851320780248443;0.04469790233175382
2022-12-31 13:00:00;0.04844141990481119;0.03995635717818489;0.04702724278370682
2022-12-31 14:00:00;0.03222813252734639;0.027418927689761716;0.031426598387748944
2022-12-31 15:00:00;0.01645925322879259;0.015227573694518909;0.016253973306413646
2022-12-31 16:00:00;0.015316392134161165;0.015316392134161165;0.015316392134161165
2022-12-31 17:00:00;0.015250063267851242;0.015250063267851242;0.015250063267851242
2022-12-31 18:00:00;0.015022149520760386;0.015022149520760386;0.015022149520760386
2022-12-31 19:00:00;0.015463795423431773;0.015463795423431773;0.015463795423431773
2022-12-31 20:00:00;0.01538119769412202;0.01538119769412202;0.01538119769412202
2022-12-31 21:00:00;0.01494128785082216;0.01494128785082216;0.01494128785082216
2022-12-31 22:00:00;0.014202210314207106;0.014202210314207106;0.014202210314207106
2022-12-31 23:00:00;0.01412473863555263;0.01412473863555263;0.01412473863555263
2023-01-01 00:00:00;0.013193133773094726;0.013193133773094726;0.013193133773094726
2023-01-01 01:00:00;0.012606004343016588;0.012606004343016588;0.012606004343016588
2023-01-01 02:00:00;0.015035085592246023;0.015035085592246023;0.015035085592246023
2023-01-01 03:00:00;0.018107624896634558;0.018107624896634558;0.018107624896634558
2023-01-01 04:00:00;0.022501863852844844;0.022501863852844844;0.022501863852844844
2023-01-01 05:00:00;0.024602708542179445;0.024602708542179445;0.024602708542179445
2023-01-01 06:00:00;0.02155347396069736;0.02155347396069736;0.02155347396069736
2023-01-01 07:00:00;0.022786668145329522;0.022613660669819992;0.022757833566077933
2023-01-01 08:00:00;0.026030196688493847;0.023674857910283256;0.025637640225458752
2023-01-01 09:00:00;0.04370198501378003;0.037799270370442194;0.0427181992398904
2023-01-01 10:00:00;0.08806381237832898;0.07402393411502901;0.08572383266777898
2023-01-01 11:00:00;0.09639611012732206;0.0805785037959966;0.0937598424054345
2023-01-01 12:00:00;0.09001029830481402;0.07871520720906323;0.0881277831221889
2023-01-01 13:00:00;0.10370578508135374;0.0882015670271612;0.10112174873898831
2023-01-01 14:00:00;0.0588006382017343;0.05253119997476646;0.057755731830573004
2023-01-01 15:00:00;0.02939535542528434;0.027136152555985792;0.02901882161373458
2023-01-01 16:00:00;0.03869518790914815;0.0385114503547059;0.03866456498340778
2023-01-01 17:00:00;0.03186697741758605;0.03186697741758605;0.03186697741758605
2023-01-01 18:00:00;0.03357982465865873;0.03357982465865873;0.03357982465865873
2023-01-01 19:00:00;0.03032635337183808;0.03032635337183808;0.03032635337183808
2023-01-01 20:00:00;0.024802070023823317;0.024802070023823317;0.024802070023823317
2023-01-01 21:00:00;0.021186267544161214;0.021186267544161214;0.021186267544161214
2023-01-01 22:00:00;0.02351830219002513;0.02351830219002513;0.02351830219002513
2023-01-01 23:00:00;0.02206562619666025;0.02206562619666025;0.02206562619666025
2023-01-02 00:00:00;0.025978094130747538;0.025978094130747538;0.025978094130747538
2023-01-02 01:00:00;0.02125990578733377;0.02125990578733377;0.02125990578733377
2023-01-02 02:00:00;0.021249444476707607;0.021249444476707607;0.021249444476707607
2023-01-02 03:00:00;0.021247756344600993;0.021247756344600993;0.021247756344600993
2023-01-02 04:00:00;0.01978677680272776;0.01978677680272776;0.01978677680272776
2023-01-02 05:00:00;0.019550569294662316;0.019550569294662316;0.019550569294662316
2023-01-02 06:00:00;0.016010215666238847;0.016010215666238847;0.016010215666238847
2023-01-02 07:00:00;0.011859082144455075;0.011615487906441504;0.011818483104786146
2023-01-02 08:00:00;0.01635395355793766;0.014747919278824198;0.01608628117808542
2023-01-02 09:00:00;0.028418131341990924;0.024412345355568896;0.02775050034425392
2023-01-02 10:00:00;0.0467734323811314;0.03880587482032414;0.04544550612099686
2023-01-02 11:00:00;0.05033437322509126;0.04167625914526826;0.04889135421178743
2023-01-02 12:00:00;0.04257619409109322;0.036026253591720604;0.04148453734119779
2023-01-02 13:00:00;0.036132495377296445;0.0315688576229073;0.03537188908489825
2023-01-02 14:00:00;0.02911594833294113;0.025500400806068364;0.028513357078462333
2023-01-02 15:00:00;0.02065829176184293;0.019350074679713607;0.020440255581488043
2023-01-02 16:00:00;0.016379287377456118;0.016379287377456118;0.016379287377456118
2023-01-02 17:00:00;0.014063535989053999;0.014063535989053999;0.014063535989053999
2023-01-02 18:00:00;0.012980937581099404;0.012980937581099404;0.012980937581099404
2023-01-02 19:00:00;0.012054067603081467;0.012054067603081467;0.012054067603081467
2023-01-02 20:00:00;0.01243767185261621;0.01243767185261621;0.01243767185261621
2023-01-02 21:00:00;0.012059057642457493;0.012059057642457493;0.012059057642457493
2023-01-02 22:00:00;0.01172348491065716;0.01172348491065716;0.01172348491065716
2023-01-02 23:00:00;0.01204885502719788;0.01204885502719788;0.01204885502719788
2023-01-03 00:00:00;0.0132206763194224;0.0132206763194224;0.0132206763194224
2023-01-03 01:00:00;0.014013781202886716;0.014013781202886716;0.014013781202886716
2023-01-03 02:00:00;0.012980132295804497;0.012980132295804497;0.012980132295804497
2023-01-03 03:00:00;0.014329880696840824;0.014329880696840824;0.014329880696840824
2023-01-03 04:00:00;0.014408246694765406;0.014408246694765406;0.014408246694765406
2023-01-03 05:00:00;0.014132294934867798;0.014132294934867798;0.014132294934867798
2023-01-03 06:00:00;0.012482970030727574;0.012482970030727574;0.012482970030727574
2023-01-03 07:00:00;0.011085162246353088;0.010857190931307353;0.0110471670271788
2023-01-03 08:00:00;0.016983613136938365;0.01531119236874131;0.01670487634223886
2023-01-03 09:00:00;0.029259172827237064;0.024900817335858513;0.028532780245340644
2023-01-03 10:00:00;0.03769549107097884;0.03170781067824091;0.03669754433885586
2023-01-03 11:00:00;0.06514463030935684;0.05256126479123594;0.06304740272300337
2023-01-03 12:00:00;0.07719380071287121;0.06158919747991942;0.07459303350737925
2023-01-03 13:00:00;0.07296643207852864;0.05834217292751618;0.07052905555335989
2023-01-03 14:00:00;0.03849217849949494;0.03167888745570921;0.03735662999219733
2023-01-03 15:00:00;0.01878611622422957;0.01620524408814043;0.018355970868214715
2023-01-03 16:00:00;0.012919575373448403;0.01266188298826109;0.012876626642583853
2023-01-03 17:00:00;0.014360031612310161;0.014360031612310161;0.014360031612310161
2023-01-03 18:00:00;0.013543846101568953;0.013543846101568953;0.013543846101568953
2023-01-03 19:00:00;0.012661543400187191;0.012661543400187191;0.012661543400187191
2023-01-03 20:00:00;0.01265793243979925;0.01265793243979925;0.01265793243979925
2023-01-03 21:00:00;0.011718018554725112;0.011718018554725112;0.011718018554725112
2023-01-03 22:00:00;0.012223962563135807;0.012223962563135807;0.012223962563135807
2023-01-03 23:00:00;0.012099012474231594;0.012099012474231594;0.012099012474231594
2023-01-04 00:00:00;0.013624911886228289;0.013624911886228289;0.013624911886228289
2023-01-04 01:00:00;0.014245475186441836;0.014245475186441836;0.014245475186441836
2023-01-04 02:00:00;0.01413027820373887;0.01413027820373887;0.01413027820373887
2023-01-04 03:00:00;0.013748282498176967;0.013748282498176967;0.013748282498176967
2023-01-04 04:00:00;0.014977289987450218;0.014977289987450218;0.014977289987450218
2023-01-04 05:00:00;0.01635235454426006;0.01635235454426006;0.01635235454426006
2023-01-04 06:00:00;0.02121185263916372;0.02121185263916372;0.02121185263916372
2023-01-04 07:00:00;0.013738901099321459;0.013479230398299775;0.013695622649151178
2023-01-04 08:00:00;0.02562266811766083;0.022595310713746597;0.025118108550341793
2023-01-04 09:00:00;0.03828110684855917;0.03475724834821261;0.03769379709850141
2023-01-04 10:00:00;0.07084215016843244;0.061390873989033715;0.06926693747186599
2023-01-04 11:00:00;0.08447209313746545;0.07362928567040149;0.08266495855962146
2023-01-04 12:00:00;0.08316984784213802;0.072367402565265;0.08136944029599252
2023-01-04 13:00:00;0.08574454923653077;0.07616858881237133;0.08414855583250419
2023-01-04 14:00:00;0.06949460943672454;0.06328474546817353;0.0684596321086327
2023-01-04 15:00:00;0.04373764834528531;0.041426088110099804;0.04335238830608773
2023-01-04 16:00:00;0.0418321831532719;0.041670798776009293;0.04180528575706146
2023-01-04 17:00:00;0.03879261533894699;0.03879261533894699;0.03879261533894699
2023-01-04 18:00:00;0.038335443198368534;0.038335443198368534;0.038335443198368534
2023-01-04 19:00:00;0.04783694599398438;0.04783694599398438;0.04783694599398438
2023-01-04 20:00:00;0.05378637975662041;0.05378637975662041;0.05378637975662041
2023-01-04 21:00:00;0.06304688268084442;0.06304688268084442;0.06304688268084442
2023-01-04 22:00:00;0.055162954098465826;0.055162954098465826;0.055162954098465826
2023-01-04 23:00:00;0.05124701785552004;0.05124701785552004;0.05124701785552004
2023-01-05 00:00:00;0.051787385717880635;0.051787385717880635;0.051787385717880635
2023-01-05 01:00:00;0.043052266588482505;0.043052266588482505;0.043052266588482505
2023-01-05 02:00:00;0.03213479907946899;0.03213479907946899;0.03213479907946899
2023-01-05 03:00:00;0.014163014017492415;0.014163014017492415;0.014163014017492415
2023-01-05 04:00:00;0.018332263954646804;0.018332263954646804;0.018332263954646804
2023-01-05 05:00:00;0.016355475385833203;0.016355475385833203;0.016355475385833203
2023-01-05 06:00:00;0.014321254940128054;0.014321254940128054;0.014321254940128054
2023-01-05 07:00:00;0.014950535387328715;0.0148595772486808;0.014935375697554062
2023-01-05 08:00:00;0.014686392048678271;0.01421633268802433;0.014608048821902616
2023-01-05 09:00:00;0.02060465325247;0.01936727581221144;0.020398423679093572
2023-01-05 10:00:00;0.021577671424878014;0.019536971425060997;0.021237554758241847
2023-01-05 11:00:00;0.023737829319787407;0.021211125538426683;0.023316712022893954
2023-01-05 12:00:00;0.02357502800464409;0.021728375144575814;0.023267252527966045
2023-01-05 13:00:00;0.01957734417528119;0.018093063963593402;0.019329964139999895
2023-01-05 14:00:00;0.016980756126851508;0.015992045951536443;0.016815971097632332
2023-01-05 15:00:00;0.016192880231144173;0.015709226138141838;0.016112271215643785
2023-01-05 16:00:00;0.013083766480689296;0.013083766480689296;0.013083766480689296
2023-01-05 17:00:00;0.011836479445735073;0.011836479445735073;0.011836479445735073
2023-01-05 18:00:00;0.011821790317002345;0.011821790317002345;0.011821790317002345
2023-01-05 19:00:00;0.013465830982745128;0.013465830982745128;0.013465830982745128
2023-01-05 20:00:00;0.011936772633878476;0.011936772633878476;0.011936772633878476
2023-01-05 21:00:00;0.011914791654822773;0.011914791654822773;0.011914791654822773
2023-01-05 22:00:00;0.01050071038626828;0.01050071038626828;0.01050071038626828
2023-01-05 23:00:00;0.012020356153211766;0.012020356153211766;0.012020356153211766
2023-01-06 00:00:00;0.010624217671966705;0.010624217671966705;0.010624217671966705
2023-01-06 01:00:00;0.009113915829699268;0.009113915829699268;0.009113915829699268
2023-01-06 02:00:00;0.010748773648720511;0.010748773648720511;0.010748773648720511
2023-01-06 03:00:00;0.010875695690469832;0.010875695690469832;0.010875695690469832
2023-01-06 04:00:00;0.011112816390171486;0.011112816390171486;0.011112816390171486
2023-01-06 05:00:00;0.01239669342965567;0.01239669342965567;0.01239669342965567
2023-01-06 06:00:00;0.012392537670923794;0.012392537670923794;0.012392537670923794
2023-01-06 07:00:00;0.006152217666575055;0.005804967014322144;0.006094342557866237
2023-01-06 08:00:00;0.014467513344611445;0.01335415072230475;0.014281952907560328
2023-01-06 09:00:00;0.029083984098636433;0.024379698409917137;0.028299936483849885
2023-01-06 10:00:00;0.05271627282777195;0.04288819046884591;0.05107825910128428
2023-01-06 11:00:00;0.05540680466313511;0.04548070597378719;0.05375245488157713
2023-01-06 12:00:00;0.05367423218284835;0.043787070769203816;0.052026371947240926
2023-01-06 13:00:00;0.05247704423004717;0.04236128274557718;0.05079108398263551
2023-01-06 14:00:00;0.03461604882160925;0.028161698240889464;0.03354032372482262
2023-01-06 15:00:00;0.018162452751117147;0.015547425775306385;0.017726614921815355
2023-01-06 16:00:00;0.010907580226177093;0.010677673339191205;0.010869262411679445
2023-01-06 17:00:00;0.013604714297964993;0.013604714297964993;0.013604714297964993
2023-01-06 18:00:00;0.013089051514155974;0.013089051514155974;0.013089051514155974
2023-01-06 19:00:00;0.01338533463041895;0.01338533463041895;0.01338533463041895
2023-01-06 20:00:00;0.013078207218932427;0.013078207218932427;0.013078207218932427
2023-01-06 21:00:00;0.013741733669945647;0.013741733669945647;0.013741733669945647
2023-01-06 22:00:00;0.01326370193262863;0.01326370193262863;0.01326370193262863
2023-01-06 23:00:00;0.012311323505167709;0.012311323505167709;0.012311323505167709
2023-01-07 00:00:00;0.012651936756345725;0.012651936756345725;0.012651936756345725
2023-01-07 01:00:00;0.012423484959668052;0.012423484959668052;0.012423484959668052
2023-01-07 02:00:00;0.012205114768674696;0.012205114768674696;0.012205114768674696
2023-01-07 03:00:00;0.012896215006430713;0.012896215006430713;0.012896215006430713
2023-01-07 04:00:00;0.012648980884338674;0.012648980884338674;0.012648980884338674
2023-01-07 05:00:00;0.012767785920868063;0.012767785920868063;0.012767785920868063
2023-01-07 06:00:00;0.015063204793970775;0.015063204793970775;0.015063204793970775
2023-01-07 07:00:00;0.015439062869316839;0.015243365475564872;0.015406446637024845
2023-01-07 08:00:00;0.019133722935518117;0.017653289150611283;0.018886983971366976
2023-01-07 09:00:00;0.03483073731605503;0.03167847920405823;0.034305360964055565
2023-01-07 10:00:00;0.04757764260327048;0.041623228058698676;0.04658524017917519
2023-01-07 11:00:00;0.0730870703813438;0.06053186268898996;0.0709945357659515
2023-01-07 12:00:00;0.0663232885509422;0.05588240881039564;0.06458314192751777
2023-01-07 13:00:00;0.05679493956298725;0.049282834929979015;0.055542922124152544
2023-01-07 14:00:00;0.049340725405198925;0.04451652349006857;0.048536691752677205
2023-01-07 15:00:00;0.03778066542648852;0.03661806443717779;0.03758689859493674
2023-01-07 16:00:00;0.030035978355651673;0.029924679106644134;0.03001742848081708
2023-01-07 17:00:00;0.03153260388517093;0.03153260388517093;0.03153260388517093
2023-01-07 18:00:00;0.0281509960737973;0.0281509960737973;0.0281509960737973
2023-01-07 19:00:00;0.029744750481327617;0.029744750481327617;0.029744750481327617
2023-01-07 20:00:00;0.02571412969673814;0.02571412969673814;0.02571412969673814
2023-01-07 21:00:00;0.026246566511108967;0.026246566511108967;0.026246566511108967
2023-01-07 22:00:00;0.027686295293801958;0.027686295293801958;0.027686295293801958
2023-01-07 23:00:00;0.025606462939385653;0.025606462939385653;0.025606462939385653
2023-01-08 00:00:00;0.019758550041543334;0.019758550041543334;0.019758550041543334
2023-01-08 01:00:00;0.01822109523948724;0.01822109523948724;0.01822109523948724
2023-01-08 02:00:00;0.016839933262013718;0.016839933262013718;0.016839933262013718
2023-01-08 03:00:00;0.018773201316794604;0.018773201316794604;0.018773201316794604
2023-01-08 04:00:00;0.018849400919637032;0.018849400919637032;0.018849400919637032
2023-01-08 05:00:00;0.019413332386941935;0.019413332386941935;0.019413332386941935
2023-01-08 06:00:00;0.014537262025774987;0.014537262025774987;0.014537262025774987
2023-01-08 07:00:00;0.012232118674982188;0.011993003975012377;0.01219226622498722
2023-01-08 08:00:00;0.021270448534645568;0.01681261583120638;0.020527476417405707
2023-01-08 09:00:00;0.046188123254030954;0.03689502793891668;0.044639274034845244
2023-01-08 10:00:00;0.04731296638883746;0.041476298669794236;0.04634018843566359
2023-01-08 11:00:00;0.04781460086188025;0.04278628412251973;0.04697654807198683
2023-01-08 12:00:00;0.03961721101280121;0.03538567977769353;0.03891195580694993
2023-01-08 13:00:00;0.03685861592376941;0.033377779917373826;0.036278476589370154
2023-01-08 14:00:00;0.030847506910622255;0.028228168094501044;0.030410950441268722
2023-01-08 15:00:00;0.023151398413839706;0.02197584115197238;0.022955472203528483
2023-01-08 16:00:00;0.018038226558393784;0.017872408987165606;0.01801059029652242
2023-01-08 17:00:00;0.01529282623005143;0.01529282623005143;0.01529282623005143
2023-01-08 18:00:00;0.012599139494820208;0.012599139494820208;0.012599139494820208
2023-01-08 19:00:00;0.017526305397728502;0.017526305397728502;0.017526305397728502
2023-01-08 20:00:00;0.019631625339048372;0.019631625339048372;0.019631625339048372
2023-01-08 21:00:00;0.015928904526844145;0.015928904526844145;0.015928904526844145
2023-01-08 22:00:00;0.013534410940046185;0.013534410940046185;0.013534410940046185
2023-01-08 23:00:00;0.011794450261036614;0.011794450261036614;0.011794450261036614
2023-01-09 00:00:00;0.009161516834364046;0.009161516834364046;0.009161516834364046
2023-01-09 01:00:00;0.00867051561654874;0.00867051561654874;0.00867051561654874
2023-01-09 02:00:00;0.008920171123141321;0.008920171123141321;0.008920171123141321
2023-01-09 03:00:00;0.010209001550815264;0.010209001550815264;0.010209001550815264
2023-01-09 04:00:00;0.009777243686822775;0.009777243686822775;0.009777243686822775
2023-01-09 05:00:00;0.009426692343914378;0.009426692343914378;0.009426692343914378
2023-01-09 06:00:00;0.010272673490810163;0.010272673490810163;0.010272673490810163
2023-01-09 07:00:00;0.007113172014983503;0.006920465606652698;0.007081054280261703
2023-01-09 08:00:00;0.016868593475285815;0.013496510885194789;0.016306579710270646
2023-01-09 09:00:00;0.03660711909434872;0.029353166790277524;0.03539812704367018
2023-01-09 10:00:00;0.031634591389407586;0.02691112748437143;0.030847347405234895
2023-01-09 11:00:00;0.039640674712227646;0.03341760335082782;0.038603496151994335
2023-01-09 12:00:00;0.030963101960031804;0.02752930015757617;0.030390801659622532
2023-01-09 13:00:00;0.02750458456282092;0.024684436563686973;0.027034559896298594
2023-01-09 14:00:00;0.021486907124247216;0.019235220358073908;0.021111625996551666
2023-01-09 15:00:00;0.015722092870119532;0.014720794490331599;0.015555209806821544
2023-01-09 16:00:00;0.010365679278565658;0.010212968194196101;0.010340227431170732
2023-01-09 17:00:00;0.012714033218746455;0.012714033218746455;0.012714033218746455
2023-01-09 18:00:00;0.014403558192375506;0.014403558192375506;0.014403558192375506
2023-01-09 19:00:00;0.012877760152055003;0.012877760152055003;0.012877760152055003
2023-01-09 20:00:00;0.012846777965061224;0.012846777965061224;0.012846777965061224
2023-01-09 21:00:00;0.013977006062245695;0.013977006062245695;0.013977006062245695
2023-01-09 22:00:00;0.012799854819334176;0.012799854819334176;0.012799854819334176
2023-01-09 23:00:00;0.03697224699967384;0.03697224699967384;0.03697224699967384
2023-01-10 00:00:00;0.027838344696450558;0.027838344696450558;0.027838344696450558
2023-01-10 01:00:00;0.030126980011486275;0.030126980011486275;0.030126980011486275
2023-01-10 02:00:00;0.023663145889205248;0.023663145889205248;0.023663145889205248
2023-01-10 03:00:00;0.027698236201414313;0.027698236201414313;0.027698236201414313
2023-01-10 04:00:00;0.026355969971619764;0.026355969971619764;0.026355969971619764
2023-01-10 05:00:00;0.025048036346728444;0.025048036346728444;0.025048036346728444
2023-01-10 06:00:00;0.01754161981977424;0.01754161981977424;0.01754161981977424
2023-01-10 07:00:00;0.02027143957466954;0.020003674417766914;0.020226812048519102
2023-01-10 08:00:00;0.03236095399610819;0.029268727469613166;0.03184558290835902
2023-01-10 09:00:00;0.05330655498500525;0.04390181684179464;0.05173909862780349
2023-01-10 10:00:00;0.06402957425565921;0.05470759600845032;0.062475911214457745
2023-01-10 11:00:00;0.07145784583444152;0.06196260927819802;0.06987530640840094
2023-01-10 12:00:00;0.09171605114532562;0.07573260290033153;0.08905214310449328
2023-01-10 13:00:00;0.08169501753433445;0.06806007105645268;0.07942252645468749
2023-01-10 14:00:00;0.05543367418482381;0.04539764828276564;0.053761003201147455
2023-01-10 15:00:00;0.03391767324027976;0.02861341818587781;0.033033630731212765
2023-01-10 16:00:00;0.021347411253521225;0.020976332472658298;0.021285564790044068
2023-01-10 17:00:00;0.016957965813057425;0.016957965813057425;0.016957965813057425
2023-01-10 18:00:00;0.012159251481335023;0.012159251481335023;0.012159251481335023
2023-01-10 19:00:00;0.010495589032663287;0.010495589032663287;0.010495589032663287
2023-01-10 20:00:00;0.011039429197468654;0.011039429197468654;0.011039429197468654
2023-01-10 21:00:00;0.013402584152360127;0.013402584152360127;0.013402584152360127
2023-01-10 22:00:00;0.01185628090701748;0.01185628090701748;0.01185628090701748
2023-01-10 23:00:00;0.013342642557642944;0.013342642557642944;0.013342642557642944
2023-01-11 00:00:00;0.008631275595312191;0.008631275595312191;0.008631275595312191
2023-01-11 01:00:00;0.011136531207513107;0.011136531207513107;0.011136531207513107
2023-01-11 02:00:00;0.01056232945587969;0.01056232945587969;0.01056232945587969
2023-01-11 03:00:00;0.010163145724744981;0.010163145724744981;0.010163145724744981
2023-01-11 04:00:00;0.011532022675830197;0.011532022675830197;0.011532022675830197
2023-01-11 05:00:00;0.007549072375758121;0.007549072375758121;0.007549072375758121
2023-01-11 06:00:00;0.007661120719660927;0.007661120719660927;0.007661120719660927
2023-01-11 07:00:00;0.003116417759018185;0.00286604463353958;0.003074688904771751
2023-01-11 08:00:00;0.014487117614558157;0.011147573883876381;0.013930526992777862
2023-01-11 09:00:00;0.037819917899831704;0.029128868235667793;0.036371409622471054
2023-01-11 10:00:00;0.06139360415683713;0.04802659775321463;0.059165769756233375
2023-01-11 11:00:00;0.09407044378992438;0.07300513776079255;0.09055955945173574
2023-01-11 12:00:00;0.08813694184562057;0.06998632656919435;0.08511183929954955
2023-01-11 13:00:00;0.09606802187710534;0.07287542662486217;0.09220258933506481
2023-01-11 14:00:00;0.05631703683060843;0.04561472901448735;0.05453331886125492
2023-01-11 15:00:00;0.03028533187752162;0.027031529488340762;0.029743031479324812
2023-01-11 16:00:00;0.015419877458764998;0.015158901073118057;0.01537638139449051
2023-01-11 17:00:00;0.01680370353723499;0.01680370353723499;0.01680370353723499
2023-01-11 18:00:00;0.015069089625301207;0.015069089625301207;0.015069089625301207
2023-01-11 19:00:00;0.015183767223314906;0.015183767223314906;0.015183767223314906
2023-01-11 20:00:00;0.01313050558350825;0.01313050558350825;0.01313050558350825
2023-01-11 21:00:00;0.013494462631162222;0.013494462631162222;0.013494462631162222
2023-01-11 22:00:00;0.013494237990215105;0.013494237990215105;0.013494237990215105
2023-01-11 23:00:00;0.013493344188718302;0.013493344188718302;0.013493344188718302
2023-01-12 00:00:00;0.01182281220691609;0.01182281220691609;0.01182281220691609
2023-01-12 01:00:00;0.011721283926558764;0.011721283926558764;0.011721283926558764
2023-01-12 02:00:00;0.012190357425466418;0.012190357425466418;0.012190357425466418
2023-01-12 03:00:00;0.012113643492581436;0.012113643492581436;0.012113643492581436
2023-01-12 04:00:00;0.01262052581102594;0.01262052581102594;0.01262052581102594
2023-01-12 05:00:00;0.014453124387151342;0.014453124387151342;0.014453124387151342
2023-01-12 06:00:00;0.014272876005222422;0.014272876005222422;0.014272876005222422
2023-01-12 07:00:00;0.01410084929869827;0.013974566176144393;0.014079802111605956
2023-01-12 08:00:00;0.018034623994530433;0.0171703798252052;0.017890583299642895
2023-01-12 09:00:00;0.02448506558269744;0.022594697763508614;0.0241700042794993
2023-01-12 10:00:00;0.028050815304100873;0.02613168682930578;0.027730960558301692
2023-01-12 11:00:00;0.03887907294039126;0.03510037922124221;0.038249290653866425
2023-01-12 12:00:00;0.04119868785777637;0.03662368669862853;0.040436187664585066
2023-01-12 13:00:00;0.02801074612083179;0.025236667025967705;0.02754839960502111
2023-01-12 14:00:00;0.021218083906419133;0.019528109881165906;0.020936421568876932
2023-01-12 15:00:00;0.01469653267217539;0.014069109093397961;0.014591962075712487
2023-01-12 16:00:00;0.010017396351382827;0.009891981001264233;0.009996493793029729
2023-01-12 17:00:00;0.013862623327173085;0.013862623327173085;0.013862623327173085
2023-01-12 18:00:00;0.013948885781445678;0.013948885781445678;0.013948885781445678
2023-01-12 19:00:00;0.013782815501731254;0.013782815501731254;0.013782815501731254
2023-01-12 20:00:00;0.012168908156572471;0.012168908156572471;0.012168908156572471
2023-01-12 21:00:00;0.012273045891505043;0.012273045891505043;0.012273045891505043
2023-01-12 22:00:00;0.012472193567439546;0.012472193567439546;0.012472193567439546
2023-01-12 23:00:00;0.01255916956066769;0.01255916956066769;0.01255916956066769
2023-01-13 00:00:00;0.012652157559750946;0.012652157559750946;0.012652157559750946
2023-01-13 01:00:00;0.012847334178105213;0.012847334178105213;0.012847334178105213
2023-01-13 02:00:00;0.010881639166068238;0.010881639166068238;0.010881639166068238
2023-01-13 03:00:00;0.013064184507314367;0.013064184507314367;0.013064184507314367
2023-01-13 04:00:00;0.011149380739188714;0.011149380739188714;0.011149380739188714
2023-01-13 05:00:00;0.013301750674551784;0.013301750674551784;0.013301750674551784
2023-01-13 06:00:00;0.013423454901872417;0.013423454901872417;0.013423454901872417
2023-01-13 07:00:00;0.013369993077925994;0.013369993077925994;0.013369993077925994
2023-01-13 08:00:00;0.01479098328321984;0.014076982332663704;0.014671983124793817
2023-01-13 09:00:00;0.018835973705348077;0.017058663229695854;0.018539755292739376
2023-01-13 10:00:00;0.023016055802745673;0.02081945905636882;0.022649956345016195
2023-01-13 11:00:00;0.02373775859051792;0.021426465312150714;0.023352543044123382
2023-01-13 12:00:00;0.027153652921734096;0.024594907049783774;0.026727195276409044
2023-01-13 13:00:00;0.028755200351181138;0.025728053110720562;0.028250675811104374
2023-01-13 14:00:00;0.023375772377942278;0.021497710735257934;0.023062762104161555
2023-01-13 15:00:00;0.02110103472554544;0.020103754193254237;0.020934821303496907
2023-01-13 16:00:00;0.017195647132024924;0.017084310178027123;0.01717709097302529
2023-01-13 17:00:00;0.018809737563090165;0.018809737563090165;0.018809737563090165
2023-01-13 18:00:00;0.01950188533086186;0.01950188533086186;0.01950188533086186
2023-01-13 19:00:00;0.024657697919929705;0.024657697919929705;0.024657697919929705
2023-01-13 20:00:00;0.025029480819968693;0.025029480819968693;0.025029480819968693
2023-01-13 21:00:00;0.0271694055072055;0.0271694055072055;0.0271694055072055
2023-01-13 22:00:00;0.026363224986070005;0.026363224986070005;0.026363224986070005
2023-01-13 23:00:00;0.024540017256246466;0.024540017256246466;0.024540017256246466
2023-01-14 00:00:00;0.021070622527161947;0.021070622527161947;0.021070622527161947
2023-01-14 01:00:00;0.02238329861483303;0.02238329861483303;0.02238329861483303
2023-01-14 02:00:00;0.020470559680963788;0.020470559680963788;0.020470559680963788
2023-01-14 03:00:00;0.021739346178468563;0.021739346178468563;0.021739346178468563
2023-01-14 04:00:00;0.021692841720724342;0.021692841720724342;0.021692841720724342
2023-01-14 05:00:00;0.021600324441274563;0.021600324441274563;0.021600324441274563
2023-01-14 06:00:00;0.01874579006896181;0.01874579006896181;0.01874579006896181
2023-01-14 07:00:00;0.016456953025210382;0.016257932632541054;0.01642378295976549
2023-01-14 08:00:00;0.0239495098008278;0.021846361699033544;0.023598985117195423
2023-01-14 09:00:00;0.03774110606860705;0.03330084160113102;0.037001061990694376
2023-01-14 10:00:00;0.05493962994646836;0.046995466499441634;0.05361560270529724
2023-01-14 11:00:00;0.08303780110838681;0.06945748425121784;0.08077441496552533
2023-01-14 12:00:00;0.07763266580428212;0.06633624382464426;0.07574992880767581
2023-01-14 13:00:00;0.07011875985148916;0.059376020522340846;0.06832830329663112
2023-01-14 14:00:00;0.06658157864358098;0.055787217337420716;0.06478251842588761
2023-01-14 15:00:00;0.03985162600605399;0.033758491058251454;0.03883610351475357
2023-01-14 16:00:00;0.020450773003145472;0.019949330869188077;0.020367199314152575
2023-01-14 17:00:00;0.019257988155133958;0.019257988155133958;0.019257988155133958
2023-01-14 18:00:00;0.01949250165127879;0.01949250165127879;0.01949250165127879
2023-01-14 19:00:00;0.020625979964890597;0.020625979964890597;0.020625979964890597
2023-01-14 20:00:00;0.019546286046385447;0.019546286046385447;0.019546286046385447
2023-01-14 21:00:00;0.016144432417238296;0.016144432417238296;0.016144432417238296
2023-01-14 22:00:00;0.017299705308300026;0.017299705308300026;0.017299705308300026
2023-01-14 23:00:00;0.01722665470599187;0.01722665470599187;0.01722665470599187
2023-01-15 00:00:00;0.017868132293432305;0.017868132293432305;0.017868132293432305
2023-01-15 01:00:00;0.01770170459934837;0.01770170459934837;0.01770170459934837
2023-01-15 02:00:00;0.017149673688309944;0.017149673688309944;0.017149673688309944
2023-01-15 03:00:00;0.016454575802396957;0.016454575802396957;0.016454575802396957
2023-01-15 04:00:00;0.011757869123185268;0.011757869123185268;0.011757869123185268
2023-01-15 05:00:00;0.012866420538300843;0.012866420538300843;0.012866420538300843
2023-01-15 06:00:00;0.01610944751249283;0.01610944751249283;0.01610944751249283
2023-01-15 07:00:00;0.013779081620844034;0.013499099616256217;0.013732417953412733
2023-01-15 08:00:00;0.02321471121844316;0.01884979391764985;0.022487225001644275
2023-01-15 09:00:00;0.04973062972814923;0.04137351652837079;0.04833777752818615
2023-01-15 10:00:00;0.07183867839559578;0.059938822957147336;0.06985536915585437
2023-01-15 11:00:00;0.09417749781715508;0.07774416018651097;0.09143860821204775
2023-01-15 12:00:00;0.10382246656518429;0.08532994785314221;0.1007403801131773
2023-01-15 13:00:00;0.10370430785096317;0.08591700732202276;0.10073975776280644
2023-01-15 14:00:00;0.0837414118235793;0.06959356692830766;0.08138343767436737
2023-01-15 15:00:00;0.05285075109111757;0.046092555976850365;0.05172438523873971
2023-01-15 16:00:00;0.030348053922693432;0.029764573407882095;0.030250807170224877
2023-01-15 17:00:00;0.031758477832465465;0.031758477832465465;0.031758477832465465
2023-01-15 18:00:00;0.02728967943096327;0.02728967943096327;0.02728967943096327
2023-01-15 19:00:00;0.015176147803839298;0.015176147803839298;0.015176147803839298
2023-01-15 20:00:00;0.014245687582764451;0.014245687582764451;0.014245687582764451
2023-01-15 21:00:00;0.016000874641232097;0.016000874641232097;0.016000874641232097
2023-01-15 22:00:00;0.018948304214867956;0.018948304214867956;0.018948304214867956
2023-01-15 23:00:00;0.0094743076305532;0.0094743076305532;0.0094743076305532
2023-01-16 00:00:00;0.007877834354613228;0.007877834354613228;0.007877834354613228
2023-01-16 01:00:00;0.008237547589790846;0.008237547589790846;0.008237547589790846
2023-01-16 02:00:00;0.008431704568062722;0.008431704568062722;0.008431704568062722
2023-01-16 03:00:00;0.00966426766616334;0.00966426766616334;0.00966426766616334
2023-01-16 04:00:00;0.022136052442678338;0.022136052442678338;0.022136052442678338
2023-01-16 05:00:00;0.023774960747048823;0.023774960747048823;0.023774960747048823
2023-01-16 06:00:00;0.023732358008124226;0.023732358008124226;0.023732358008124226
2023-01-16 07:00:00;0.018809066905099796;0.018610771517304597;0.018776017673800594
2023-01-16 08:00:00;0.02373779592298558;0.021521910277085436;0.02336848164866889
2023-01-16 09:00:00;0.03362524698583812;0.03095308858653703;0.03317988725262127
2023-01-16 10:00:00;0.0456946426641092;0.040525839413322655;0.044833175455644775
2023-01-16 11:00:00;0.05322258381105004;0.04682784288549623;0.052156793656791066
2023-01-16 12:00:00;0.06826903533923828;0.05891306953692035;0.06670970770551864
2023-01-16 13:00:00;0.07251771740705626;0.06205769762033682;0.07077438077593634
2023-01-16 14:00:00;0.0628357978961968;0.055155021878868365;0.06155566855997539
2023-01-16 15:00:00;0.05702834223823635;0.05315490600542358;0.05638276953276756
2023-01-16 16:00:00;0.02534980050386435;0.024204105017644896;0.02515885125616111
2023-01-16 17:00:00;0.04140857938158686;0.04140857938158686;0.04140857938158686
2023-01-16 18:00:00;0.03953728194019658;0.03953728194019658;0.03953728194019658
2023-01-16 19:00:00;0.05041135076099083;0.05041135076099083;0.05041135076099083
2023-01-16 20:00:00;0.04578133106925996;0.04578133106925996;0.04578133106925996
2023-01-16 21:00:00;0.041521221725850946;0.041521221725850946;0.041521221725850946
2023-01-16 22:00:00;0.03814718227972275;0.03814718227972275;0.03814718227972275
2023-01-16 23:00:00;0.04233604308552439;0.04233604308552439;0.04233604308552439
2023-01-17 00:00:00;0.03653432447772809;0.03653432447772809;0.03653432447772809
2023-01-17 01:00:00;0.03864683042423344;0.03864683042423344;0.03864683042423344
2023-01-17 02:00:00;0.03655960172213395;0.03655960172213395;0.03655960172213395
2023-01-17 03:00:00;0.038682891482041654;0.038682891482041654;0.038682891482041654
2023-01-17 04:00:00;0.030433476435772863;0.030433476435772863;0.030433476435772863
2023-01-17 05:00:00;0.02732704988821511;0.02732704988821511;0.02732704988821511
2023-01-17 06:00:00;0.01848334104166741;0.01848334104166741;0.01848334104166741
2023-01-17 07:00:00;0.003948459658534266;0.003418977932563485;0.003860212704205802
2023-01-17 08:00:00;0.03136515135540816;0.02571425282667298;0.030423334933952304
2023-01-17 09:00:00;0.07150414324221638;0.05747565258655625;0.06916606146627303
2023-01-17 10:00:00;0.11541710802492629;0.09312026623941186;0.11170096772734053
2023-01-17 11:00:00;0.14663398306982098;0.11872684136884182;0.14198279278632445
2023-01-17 12:00:00;0.1501886490504168;0.12324562977371631;0.14569814583763338
2023-01-17 13:00:00;0.1392898036935817;0.1176257584910362;0.13567912949315747
2023-01-17 14:00:00;0.09335382143820044;0.08483879172833628;0.09193464981988975
2023-01-17 15:00:00;0.06038485840596908;0.0527979751098672;0.059120377856618764
2023-01-17 16:00:00;0.02613116549517186;0.025441546199560582;0.026016228945903313
2023-01-17 17:00:00;0.03343385856402356;0.03343385856402356;0.03343385856402356
2023-01-17 18:00:00;0.02775124303034561;0.02775124303034561;0.02775124303034561
2023-01-17 19:00:00;0.014160681127544648;0.014160681127544648;0.014160681127544648
2023-01-17 20:00:00;0.011529586555086704;0.011529586555086704;0.011529586555086704
2023-01-17 21:00:00;0.016071585816062633;0.016071585816062633;0.016071585816062633
2023-01-17 22:00:00;0.01524463294033821;0.01524463294033821;0.01524463294033821
2023-01-17 23:00:00;0.016502716653600584;0.016502716653600584;0.016502716653600584
2023-01-18 00:00:00;0.012984313592542223;0.012984313592542223;0.012984313592542223
2023-01-18 01:00:00;0.011855122808164243;0.011855122808164243;0.011855122808164243
2023-01-18 02:00:00;0.010290334248228158;0.010290334248228158;0.010290334248228158
2023-01-18 03:00:00;0.01050542566055649;0.01050542566055649;0.01050542566055649
2023-01-18 04:00:00;0.010493186128373988;0.010493186128373988;0.010493186128373988
2023-01-18 05:00:00;0.010494283457929906;0.010494283457929906;0.010494283457929906
2023-01-18 06:00:00;0.010584729593590508;0.010584729593590508;0.010584729593590508
2023-01-18 07:00:00;0.005514354591190086;0.0051216791966894725;0.00544890869210665
2023-01-18 08:00:00;0.01902025166114194;0.015309459322391101;0.018401786271350137
2023-01-18 09:00:00;0.0431380671118072;0.0339737608972606;0.0416106827427161
2023-01-18 10:00:00;0.09210372439784363;0.07411865918669305;0.08910621352931854
2023-01-18 11:00:00;0.1735424199646554;0.1408823174749775;0.16809906954970907
2023-01-18 12:00:00;0.13841955911704634;0.1171765665381853;0.13487906035390285
2023-01-18 13:00:00;0.1338946207443714;0.11101228145071386;0.13008089752876184
2023-01-18 14:00:00;0.09629710689170616;0.08167595460900406;0.09386024817792248
2023-01-18 15:00:00;0.09518396390311523;0.08906315349737971;0.09416382883549265
2023-01-18 16:00:00;0.01963993351502179;0.017896916212706008;0.019349430631302494
2023-01-18 17:00:00;0.05153033271721154;0.05153033271721154;0.05153033271721154
2023-01-18 18:00:00;0.06068029487020816;0.06068029487020816;0.06068029487020816
2023-01-18 19:00:00;0.05602954165574517;0.05602954165574517;0.05602954165574517
2023-01-18 20:00:00;0.056412008871530125;0.056412008871530125;0.056412008871530125
2023-01-18 21:00:00;0.05216060848309938;0.05216060848309938;0.05216060848309938
2023-01-18 22:00:00;0.04334253279734639;0.04334253279734639;0.04334253279734639
2023-01-18 23:00:00;0.04234138490490382;0.04234138490490382;0.04234138490490382
2023-01-19 00:00:00;0.04080782616350283;0.04080782616350283;0.04080782616350283
2023-01-19 01:00:00;0.04078454317607208;0.04078454317607208;0.04078454317607208
2023-01-19 02:00:00;0.04612373012235704;0.04612373012235704;0.04612373012235704
2023-01-19 03:00:00;0.04741995181380656;0.04741995181380656;0.04741995181380656
2023-01-19 04:00:00;0.046392990865936026;0.046392990865936026;0.046392990865936026
2023-01-19 05:00:00;0.0363610559038358;0.0363610559038358;0.0363610559038358
2023-01-19 06:00:00;0.03863765930331705;0.03863765930331705;0.03863765930331705
2023-01-19 07:00:00;0.039331161864366665;0.039041182914783305;0.039282832039436104
2023-01-19 08:00:00;0.03562979641907359;0.033074869055087955;0.03520397519174265
2023-01-19 09:00:00;0.04759185769513394;0.04480826115698517;0.04712792493877582
2023-01-19 10:00:00;0.05000345601723036;0.04560232189138072;0.049269933662922094
2023-01-19 11:00:00;0.07012898911447456;0.060102925756748714;0.06845797855485358
2023-01-19 12:00:00;0.06739219505180494;0.06057310925095279;0.06625568075166292
2023-01-19 13:00:00;0.06087341817198953;0.054916225913832696;0.059880552795630065
2023-01-19 14:00:00;0.04720331782905609;0.04343042466735676;0.046574502302106205
2023-01-19 15:00:00;0.033596897297329655;0.030713491491404232;0.03311632966300875
2023-01-19 16:00:00;0.02301013173666054;0.022630495212536857;0.02294685898263993
2023-01-19 17:00:00;0.0249908400156695;0.0249908400156695;0.0249908400156695
2023-01-19 18:00:00;0.016928256699651385;0.016928256699651385;0.016928256699651385
2023-01-19 19:00:00;0.02306470634903647;0.02306470634903647;0.02306470634903647
2023-01-19 20:00:00;0.027560418183304538;0.027560418183304538;0.027560418183304538
2023-01-19 21:00:00;0.02602635356051366;0.02602635356051366;0.02602635356051366
2023-01-19 22:00:00;0.029849431158646498;0.029849431158646498;0.029849431158646498
2023-01-19 23:00:00;0.03050331767261817;0.03050331767261817;0.03050331767261817
2023-01-20 00:00:00;0.038319776026971945;0.038319776026971945;0.038319776026971945
2023-01-20 01:00:00;0.038325801607255995;0.038325801607255995;0.038325801607255995
2023-01-20 02:00:00;0.03200390422989867;0.03200390422989867;0.03200390422989867
2023-01-20 03:00:00;0.01715319635437266;0.01715319635437266;0.01715319635437266
2023-01-20 04:00:00;0.017000150133345788;0.017000150133345788;0.017000150133345788
2023-01-20 05:00:00;0.012541131318664066;0.012541131318664066;0.012541131318664066
2023-01-20 06:00:00;0.012496788138341297;0.012496788138341297;0.012496788138341297
2023-01-20 07:00:00;0.008641219699679655;0.008520133069071763;0.00862103859457834
2023-01-20 08:00:00;0.014867537790672234;0.013825765021419066;0.014693908995796708
2023-01-20 09:00:00;0.02857646136271262;0.02457963171599458;0.027910323088259616
2023-01-20 10:00:00;0.03909288063597989;0.03344429782894895;0.0381514501681414
2023-01-20 11:00:00;0.051482168788605294;0.043880251825922194;0.05021518262815811
2023-01-20 12:00:00;0.06604911042203793;0.054913282920415196;0.06419313917176747
2023-01-20 13:00:00;0.055348672491516114;0.04814734612560183;0.05414845143053041
2023-01-20 14:00:00;0.04543910038411414;0.04024798034519936;0.04457391371096167
2023-01-20 15:00:00;0.03318599308331935;0.029849048525847;0.03262983565707397
2023-01-20 16:00:00;0.011783690309057722;0.011152447675678865;0.01167848320349458
2023-01-20 17:00:00;0.015407623487124699;0.015407623487124699;0.015407623487124699
2023-01-20 18:00:00;0.014725433578231611;0.014725433578231611;0.014725433578231611
2023-01-20 19:00:00;0.01822757814319547;0.01822757814319547;0.01822757814319547
2023-01-20 20:00:00;0.02486700124015614;0.02486700124015614;0.02486700124015614
2023-01-20 21:00:00;0.018297158498181587;0.018297158498181587;0.018297158498181587
2023-01-20 22:00:00;0.014352122584178902;0.014352122584178902;0.014352122584178902
2023-01-20 23:00:00;0.013511688529866657;0.013511688529866657;0.013511688529866657
2023-01-21 00:00:00;0.011438178836948944;0.011438178836948944;0.011438178836948944
2023-01-21 01:00:00;0.012132643172886069;0.012132643172886069;0.012132643172886069
2023-01-21 02:00:00;0.014872901398203658;0.014872901398203658;0.014872901398203658
2023-01-21 03:00:00;0.01901617637646592;0.01901617637646592;0.01901617637646592
2023-01-21 04:00:00;0.018373363169466323;0.018373363169466323;0.018373363169466323
2023-01-21 05:00:00;0.019584421463696055;0.019584421463696055;0.019584421463696055
2023-01-21 06:00:00;0.01950142822576874;0.01950142822576874;0.01950142822576874
2023-01-21 07:00:00;0.006759420223328478;0.006356997436616763;0.006692349758876524
2023-01-21 08:00:00;0.022695715987885366;0.020306887792929974;0.022297577955392802
2023-01-21 09:00:00;0.036020777737612385;0.03042226620563031;0.03508769248228204
2023-01-21 10:00:00;0.04588071078547023;0.039116610078779916;0.044753360667688515
2023-01-21 11:00:00;0.05155882792672099;0.044167691810135745;0.05032697190729012
2023-01-21 12:00:00;0.05718458403986412;0.04872083867278476;0.05577395981201758
2023-01-21 13:00:00;0.05773860265223235;0.049123490878478754;0.05630275068994009
2023-01-21 14:00:00;0.04797522098839205;0.04194476253351891;0.046970144579246524
2023-01-21 15:00:00;0.026556894303117938;0.024172800589541556;0.02615954535085521
2023-01-21 16:00:00;0.01688878009807593;0.016565114003337923;0.01683483574895293
2023-01-21 17:00:00;0.020297394908939632;0.020297394908939632;0.020297394908939632
2023-01-21 18:00:00;0.01815169124651528;0.01815169124651528;0.01815169124651528
2023-01-21 19:00:00;0.017795739057750913;0.017795739057750913;0.017795739057750913
2023-01-21 20:00:00;0.01698721236891689;0.01698721236891689;0.01698721236891689
2023-01-21 21:00:00;0.013830310530523086;0.013830310530523086;0.013830310530523086
2023-01-21 22:00:00;0.014418779558225618;0.014418779558225618;0.014418779558225618
2023-01-21 23:00:00;0.01442836211143741;0.01442836211143741;0.01442836211143741
2023-01-22 00:00:00;0.011751199887309409;0.011751199887309409;0.011751199887309409
2023-01-22 01:00:00;0.012535062282512567;0.012535062282512567;0.012535062282512567
2023-01-22 02:00:00;0.011683978997063919;0.011683978997063919;0.011683978997063919
2023-01-22 03:00:00;0.013044306185558054;0.013044306185558054;0.013044306185558054
2023-01-22 04:00:00;0.012735528342710557;0.012735528342710557;0.012735528342710557
2023-01-22 05:00:00;0.0115023822585464;0.0115023822585464;0.0115023822585464
2023-01-22 06:00:00;0.011907022989014221;0.011907022989014221;0.011907022989014221
2023-01-22 07:00:00;0.009164819545121905;0.009000177196408839;0.009137379153669729
2023-01-22 08:00:00;0.017864325290975498;0.016352964819632883;0.017612431879085063
2023-01-22 09:00:00;0.0265618715340808;0.022423250497564294;0.025872101361328052
2023-01-22 10:00:00;0.03039395305910781;0.026062026368022274;0.029671965277260223
2023-01-22 11:00:00;0.028965758025054987;0.025273498316925446;0.028350381407033394
2023-01-22 12:00:00;0.04014705599030597;0.033673371072193876;0.03906810850395396
2023-01-22 13:00:00;0.032885441576126224;0.028113395052660008;0.03209010048888185
2023-01-22 14:00:00;0.02787853780830232;0.024455171917372613;0.0273079768264807
2023-01-22 15:00:00;0.02122360636767825;0.019647880042672938;0.0209609853135107
2023-01-22 16:00:00;0.012219903529495126;0.012025233360048668;0.012187458501254047
2023-01-22 17:00:00;0.011977637334757454;0.011977637334757454;0.011977637334757454
2023-01-22 18:00:00;0.013257891051236509;0.013257891051236509;0.013257891051236509
2023-01-22 19:00:00;0.012656373698141175;0.012656373698141175;0.012656373698141175
2023-01-22 20:00:00;0.011697673424412195;0.011697673424412195;0.011697673424412195
2023-01-22 21:00:00;0.013186417252356248;0.013186417252356248;0.013186417252356248
2023-01-22 22:00:00;0.011913771744274182;0.011913771744274182;0.011913771744274182
2023-01-22 23:00:00;0.01230771387393716;0.01230771387393716;0.01230771387393716
2023-01-23 00:00:00;0.012536569118767943;0.012536569118767943;0.012536569118767943
2023-01-23 01:00:00;0.012973642784031342;0.012973642784031342;0.012973642784031342
2023-01-23 02:00:00;0.01251988269696863;0.01251988269696863;0.01251988269696863
2023-01-23 03:00:00;0.012274530015756131;0.012274530015756131;0.012274530015756131
2023-01-23 04:00:00;0.012288710225836474;0.012288710225836474;0.012288710225836474
2023-01-23 05:00:00;0.011658934399777823;0.011658934399777823;0.011658934399777823
2023-01-23 06:00:00;0.011655715322329075;0.011655715322329075;0.011655715322329075
2023-01-23 07:00:00;0.005635085099762811;0.005088642585600627;0.005544011347402448
2023-01-23 08:00:00;0.02304093017611429;0.019210343123116647;0.022402499000614685
2023-01-23 09:00:00;0.05172305671333764;0.04139747837210668;0.05000212698979915
2023-01-23 10:00:00;0.09348666756882817;0.07535689461376667;0.0904650387429846
2023-01-23 11:00:00;0.10941954360843305;0.08879405609211638;0.10598196235571362
2023-01-23 12:00:00;0.13619272034215688;0.11143169876596523;0.13206588341279163
2023-01-23 13:00:00;0.09023907432793041;0.07781149253279784;0.08816781069540831
2023-01-23 14:00:00;0.05552819195960935;0.04988344997390833;0.05458740162865919
2023-01-23 15:00:00;0.037422953439903144;0.03542109844798461;0.037089310941250064
2023-01-23 16:00:00;0.021553119593175903;0.021163722475173948;0.02148822007350891
2023-01-23 17:00:00;0.030229247230188046;0.030229247230188046;0.030229247230188046
2023-01-23 18:00:00;0.02548690630371946;0.02548690630371946;0.02548690630371946
2023-01-23 19:00:00;0.02548616435224287;0.02548616435224287;0.02548616435224287
2023-01-23 20:00:00;0.02662167983176893;0.02662167983176893;0.02662167983176893
2023-01-23 21:00:00;0.01985149771649797;0.01985149771649797;0.01985149771649797
2023-01-23 22:00:00;0.02074267738563441;0.02074267738563441;0.02074267738563441
2023-01-23 23:00:00;0.03128646406891659;0.03128646406891659;0.03128646406891659
2023-01-24 00:00:00;0.029148901488215303;0.029148901488215303;0.029148901488215303
2023-01-24 01:00:00;0.02534759439225018;0.02534759439225018;0.02534759439225018
2023-01-24 02:00:00;0.02287526408706407;0.02287526408706407;0.02287526408706407
2023-01-24 03:00:00;0.02287526408706407;0.02287526408706407;0.02287526408706407
2023-01-24 04:00:00;0.02551428092666322;0.02551428092666322;0.02551428092666322
2023-01-24 05:00:00;0.022470960281311465;0.022470960281311465;0.022470960281311465
2023-01-24 06:00:00;0.020476584149314962;0.020476584149314962;0.020476584149314962
2023-01-24 07:00:00;0.014708428704229448;0.014370280019511593;0.014652070590109804
2023-01-24 08:00:00;0.022205625970186115;0.018849167685175985;0.021646216256017762
2023-01-24 09:00:00;0.03726895595350688;0.030841892485885328;0.03619777870890328
2023-01-24 10:00:00;0.054607278750597475;0.04616422422461375;0.05320010299626685
2023-01-24 11:00:00;0.08773694336026516;0.0736047024866881;0.08538156988133568
2023-01-24 12:00:00;0.09691779512564645;0.08585316325600566;0.09507368981403966
2023-01-24 13:00:00;0.09045724534493031;0.07851770570458473;0.08846732207153939
2023-01-24 14:00:00;0.07910103920083358;0.0679688081695123;0.07724566736228004
2023-01-24 15:00:00;0.058568415397797564;0.05583132127442857;0.05811223304390273
2023-01-24 16:00:00;0.05535366383075774;0.05482940355803156;0.05526628711863671
2023-01-24 17:00:00;0.052163574191076416;0.052163574191076416;0.052163574191076416
2023-01-24 18:00:00;0.04030700372226321;0.04030700372226321;0.04030700372226321
2023-01-24 19:00:00;0.03771719429840799;0.03771719429840799;0.03771719429840799
2023-01-24 20:00:00;0.03674591507681442;0.03674591507681442;0.03674591507681442
2023-01-24 21:00:00;0.03002823557266379;0.03002823557266379;0.03002823557266379
2023-01-24 22:00:00;0.020616026590039933;0.020616026590039933;0.020616026590039933
2023-01-24 23:00:00;0.020982979708455557;0.020982979708455557;0.020982979708455557
2023-01-25 00:00:00;0.020141307343409954;0.020141307343409954;0.020141307343409954
2023-01-25 01:00:00;0.011586849685930814;0.011586849685930814;0.011586849685930814
2023-01-25 02:00:00;0.012339605463721025;0.012339605463721025;0.012339605463721025
2023-01-25 03:00:00;0.008490817902266634;0.008490817902266634;0.008490817902266634
2023-01-25 04:00:00;0.007046497001952612;0.007046497001952612;0.007046497001952612
2023-01-25 05:00:00;0.009645515522438943;0.009645515522438943;0.009645515522438943
2023-01-25 06:00:00;0.006788953909478972;0.006788953909478972;0.006788953909478972
2023-01-25 07:00:00;0.0010104711759203113;0.0004911139803328769;0.0009239116433224059
2023-01-25 08:00:00;0.01821732538627204;0.01392218871262104;0.017501469273996876
2023-01-25 09:00:00;0.031126570072969886;0.024945498620680528;0.030096391497588325
2023-01-25 10:00:00;0.0576895299808216;0.04645332660019525;0.05581682941738388
2023-01-25 11:00:00;0.04936572415082568;0.042524785001680186;0.04822556762596811
2023-01-25 12:00:00;0.04897786750859908;0.040574678164555074;0.04757733595125842
2023-01-25 13:00:00;0.04512216303141536;0.03935538680564162;0.04416103366045308
2023-01-25 14:00:00;0.041576303283718405;0.036217283725127024;0.0406831333572865
2023-01-25 15:00:00;0.03526141656054911;0.03178911618354468;0.03468269983104837
2023-01-25 16:00:00;0.025042128614935953;0.02462763840316773;0.024973046912974584
2023-01-25 17:00:00;0.026437128050375694;0.026437128050375694;0.026437128050375694
2023-01-25 18:00:00;0.026127186728021078;0.026127186728021078;0.026127186728021078
2023-01-25 19:00:00;0.022082649126205642;0.022082649126205642;0.022082649126205642
2023-01-25 20:00:00;0.012904270165098805;0.012904270165098805;0.012904270165098805
2023-01-25 21:00:00;0.013297231807446177;0.013297231807446177;0.013297231807446177
2023-01-25 22:00:00;0.011122721592227743;0.011122721592227743;0.011122721592227743
2023-01-25 23:00:00;0.013675396179790465;0.013675396179790465;0.013675396179790465
2023-01-26 00:00:00;0.013755234856426107;0.013755234856426107;0.013755234856426107
2023-01-26 01:00:00;0.014054716175713262;0.014054716175713262;0.014054716175713262
2023-01-26 02:00:00;0.013840972574287654;0.013840972574287654;0.013840972574287654
2023-01-26 03:00:00;0.011565652410116435;0.011565652410116435;0.011565652410116435
2023-01-26 04:00:00;0.011611460475990121;0.011611460475990121;0.011611460475990121
2023-01-26 05:00:00;0.014324632380334134;0.014324632380334134;0.014324632380334134
2023-01-26 06:00:00;0.014329371699909287;0.014329371699909287;0.014329371699909287
2023-01-26 07:00:00;0.012100892987469884;0.011909628695196791;0.01206901560542437
2023-01-26 08:00:00;0.01594629624960135;0.014139237620846724;0.015645119811475577
2023-01-26 09:00:00;0.030758146358422167;0.026586536673524095;0.030062878077605826
2023-01-26 10:00:00;0.0400950322441324;0.03383052649446936;0.0390509479525219
2023-01-26 11:00:00;0.0480411633381889;0.0405868790491809;0.04679878262335424
2023-01-26 12:00:00;0.04474811284538527;0.03969213828691981;0.04390545041897436
2023-01-26 13:00:00;0.05298304107741548;0.04551928738247694;0.051739082128259055
2023-01-26 14:00:00;0.04210121570478455;0.034919806595603994;0.040904314186587784
2023-01-26 15:00:00;0.030409456454561147;0.026697146489318608;0.029790738127020724
2023-01-26 16:00:00;0.023981524553174944;0.023599266058817677;0.023917814804115402
2023-01-26 17:00:00;0.020086417307951653;0.020086417307951653;0.020086417307951653
2023-01-26 18:00:00;0.02003716118792529;0.02003716118792529;0.02003716118792529
2023-01-26 19:00:00;0.0263203719755576;0.0263203719755576;0.0263203719755576
2023-01-26 20:00:00;0.021469724011640358;0.021469724011640358;0.021469724011640358
2023-01-26 21:00:00;0.01903703121976031;0.01903703121976031;0.01903703121976031
2023-01-26 22:00:00;0.0205494589334995;0.0205494589334995;0.0205494589334995
2023-01-26 23:00:00;0.018195497792367073;0.018195497792367073;0.018195497792367073
2023-01-27 00:00:00;0.017092083618568885;0.017092083618568885;0.017092083618568885
2023-01-27 01:00:00;0.012654780744932663;0.012654780744932663;0.012654780744932663
2023-01-27 02:00:00;0.01566341825984407;0.01566341825984407;0.01566341825984407
2023-01-27 03:00:00;0.009357981807428695;0.009357981807428695;0.009357981807428695
2023-01-27 04:00:00;0.00791878808084218;0.00791878808084218;0.00791878808084218
2023-01-27 05:00:00;0.005808629990252154;0.005808629990252154;0.005808629990252154
2023-01-27 06:00:00;0.006780750793460041;0.006780750793460041;0.006780750793460041
2023-01-27 07:00:00;-5.820705413527009e-06;-0.0007712711495746703;-0.00013339577944038424
2023-01-27 08:00:00;0.022277404136640873;0.016131702759120393;0.021253120573720793
2023-01-27 09:00:00;0.04849506504220193;0.03764330744779179;0.046686438776466915
2023-01-27 10:00:00;0.08851383936639416;0.06963839212435372;0.08536793149272076
2023-01-27 11:00:00;0.1240183304753398;0.09659955028969848;0.11944853377773292
2023-01-27 12:00:00;0.12067745009304714;0.09569424054562654;0.11651358183514372
2023-01-27 13:00:00;0.11111812542732873;0.08992728393578772;0.10758631851207189
2023-01-27 14:00:00;0.08087433717358504;0.06687659940286395;0.07854138087846486
2023-01-27 15:00:00;0.047716833714261775;0.04002033553759055;0.046434084018149906
2023-01-27 16:00:00;0.021128801975183166;0.02031136021323439;0.020992561681525034
2023-01-27 17:00:00;0.016838503217899377;0.016838503217899377;0.016838503217899377
2023-01-27 18:00:00;0.012206924130373123;0.012206924130373123;0.012206924130373123
2023-01-27 19:00:00;0.016876504912782694;0.016876504912782694;0.016876504912782694
2023-01-27 20:00:00;0.018809959534811058;0.018809959534811058;0.018809959534811058
2023-01-27 21:00:00;0.018881381839928935;0.018881381839928935;0.018881381839928935
2023-01-27 22:00:00;0.01316662539155908;0.01316662539155908;0.01316662539155908
2023-01-27 23:00:00;0.013030630691088507;0.013030630691088507;0.013030630691088507
2023-01-28 00:00:00;0.013042323652223265;0.013042323652223265;0.013042323652223265
2023-01-28 01:00:00;0.01317566326648287;0.01317566326648287;0.01317566326648287
2023-01-28 02:00:00;0.013307626026842661;0.013307626026842661;0.013307626026842661
2023-01-28 03:00:00;0.011407614408046773;0.011407614408046773;0.011407614408046773
2023-01-28 04:00:00;0.011701366719135759;0.011701366719135759;0.011701366719135759
2023-01-28 05:00:00;0.011186032515496927;0.011186032515496927;0.011186032515496927
2023-01-28 06:00:00;0.010808918216958027;0.010808918216958027;0.010808918216958027
2023-01-28 07:00:00;0.010043526587064875;0.009850297657363461;0.010011321765447972
2023-01-28 08:00:00;0.014234383069411993;0.01336095542741396;0.014088811795745655
2023-01-28 09:00:00;0.021997678550556912;0.019413286030197225;0.021566946463830294
2023-01-28 10:00:00;0.035590195576611625;0.030321355053910575;0.034712055489494784
2023-01-28 11:00:00;0.06553124668646357;0.05407463148979985;0.06362181082035295
2023-01-28 12:00:00;0.10573287934858734;0.0870832055173619;0.10262460037671645
2023-01-28 13:00:00;0.14451433182264553;0.1293954788943813;0.14199452300126816
2023-01-28 14:00:00;0.10792833279874924;0.0988308578008582;0.1064120869657674
2023-01-28 15:00:00;0.09215750161020114;0.0837898103630852;0.09076288640234849
2023-01-28 16:00:00;0.058144159740998826;0.05670770115323613;0.05790474997637172
2023-01-28 17:00:00;0.05051412380449914;0.05051412380449914;0.05051412380449914
2023-01-28 18:00:00;0.04127405826415984;0.04127405826415984;0.04127405826415984
2023-01-28 19:00:00;0.03128660776482718;0.03128660776482718;0.03128660776482718
2023-01-28 20:00:00;0.03333466656050523;0.03333466656050523;0.03333466656050523
2023-01-28 21:00:00;0.028741106499135624;0.028741106499135624;0.028741106499135624
2023-01-28 22:00:00;0.03039118046110453;0.03039118046110453;0.03039118046110453
2023-01-28 23:00:00;0.027139476495047974;0.027139476495047974;0.027139476495047974
2023-01-29 00:00:00;0.022647176559439382;0.022647176559439382;0.022647176559439382
2023-01-29 01:00:00;0.028715518901667635;0.028715518901667635;0.028715518901667635
2023-01-29 02:00:00;0.021234944050640712;0.021234944050640712;0.021234944050640712
2023-01-29 03:00:00;0.01758847985101898;0.01758847985101898;0.01758847985101898
2023-01-29 04:00:00;0.015004259431687868;0.015004259431687868;0.015004259431687868
2023-01-29 05:00:00;0.013493589813607898;0.013493589813607898;0.013493589813607898
2023-01-29 06:00:00;0.011341060869907589;0.011341060869907589;0.011341060869907589
2023-01-29 07:00:00;0.008558235100032943;0.008113274180728198;0.008484074946815487
2023-01-29 08:00:00;0.018207100795280047;0.01672916013434221;0.01796077735179041
2023-01-29 09:00:00;0.02507688478541606;0.022862862806037165;0.024707881122186245
2023-01-29 10:00:00;0.022198035779901634;0.019594805815673074;0.021764164119196877
2023-01-29 11:00:00;0.021994050971544915;0.019609685745522434;0.021596656767207834
2023-01-29 12:00:00;0.021168395424205615;0.019055322293276007;0.02081621656905068
2023-01-29 13:00:00;0.022055304383966138;0.019707930727801744;0.021664075441272076
2023-01-29 14:00:00;0.023387221816525396;0.020993874988502293;0.022988330678521546
2023-01-29 15:00:00;0.01964602810785606;0.017666367496016893;0.019316084672549534
2023-01-29 16:00:00;0.012192116505981601;0.011641201326087704;0.012100297309332618
2023-01-29 17:00:00;0.012706614745482923;0.012706614745482923;0.012706614745482923
2023-01-29 18:00:00;0.014447090149605392;0.014447090149605392;0.014447090149605392
2023-01-29 19:00:00;0.014067667353903577;0.014067667353903577;0.014067667353903577
2023-01-29 20:00:00;0.014417664757081486;0.014417664757081486;0.014417664757081486
2023-01-29 21:00:00;0.015195433104353426;0.015195433104353426;0.015195433104353426
2023-01-29 22:00:00;0.013631692473568116;0.013631692473568116;0.013631692473568116
2023-01-29 23:00:00;0.00890490581810945;0.00890490581810945;0.00890490581810945
2023-01-30 00:00:00;0.012190306673864528;0.012190306673864528;0.012190306673864528
2023-01-30 01:00:00;0.011702772015432494;0.011702772015432494;0.011702772015432494
2023-01-30 02:00:00;0.011697545766870703;0.011697545766870703;0.011697545766870703
2023-01-30 03:00:00;0.009120855051649225;0.009120855051649225;0.009120855051649225
2023-01-30 04:00:00;0.006148881313154993;0.006148881313154993;0.006148881313154993
2023-01-30 05:00:00;0.006322067021367944;0.006322067021367944;0.006322067021367944
2023-01-30 06:00:00;0.0063211994093871834;0.0063211994093871834;0.0063211994093871834
2023-01-30 07:00:00;0.0054698956824695095;0.005052102837380234;0.005400263541621297
2023-01-30 08:00:00;0.013514253994362535;0.01192510718388468;0.013249396192616227
2023-01-30 09:00:00;0.03016391705374482;0.024712357240584727;0.029255323751551477
2023-01-30 10:00:00;0.045990922398881307;0.037366777212500445;0.044553564867817835
2023-01-30 11:00:00;0.05025592179751628;0.042097029504060475;0.048896106415273644
2023-01-30 12:00:00;0.0494003009078973;0.041338527527997375;0.04805667201124731
2023-01-30 13:00:00;0.038177665050207955;0.03214705679183609;0.03717256367381265
2023-01-30 14:00:00;0.03180873141552434;0.026537384382303963;0.03093017357665428
2023-01-30 15:00:00;0.017284357603462454;0.015178370411584662;0.01693335973814949
2023-01-30 16:00:00;0.01040217834790165;0.009905064409288003;0.010319326024799376
2023-01-30 17:00:00;0.008688624008947026;0.008688624008947026;0.008688624008947026
2023-01-30 18:00:00;0.00868414370960539;0.00868414370960539;0.00868414370960539
2023-01-30 19:00:00;0.008383157601586913;0.008383157601586913;0.008383157601586913
2023-01-30 20:00:00;0.009652474462279768;0.009652474462279768;0.009652474462279768
2023-01-30 21:00:00;0.00867010767081638;0.00867010767081638;0.00867010767081638
2023-01-30 22:00:00;0.00789941884603162;0.00789941884603162;0.00789941884603162
2023-01-30 23:00:00;0.00872713095567947;0.00872713095567947;0.00872713095567947
2023-01-31 00:00:00;0.00815393499263247;0.00815393499263247;0.00815393499263247
2023-01-31 01:00:00;0.00868074720738558;0.00868074720738558;0.00868074720738558
2023-01-31 02:00:00;0.008948791676502796;0.008948791676502796;0.008948791676502796
2023-01-31 03:00:00;0.008467246649326063;0.008467246649326063;0.008467246649326063
2023-01-31 04:00:00;0.010653031110148807;0.010653031110148807;0.010653031110148807
2023-01-31 05:00:00;0.008241469384532884;0.008241469384532884;0.008241469384532884
2023-01-31 06:00:00;0.011036004716382507;0.011036004716382507;0.011036004716382507
2023-01-31 07:00:00;0.006587144575867365;0.00560818748991322;0.006423985061541674
2023-01-31 08:00:00;0.020264439465992132;0.017106081806391452;0.01973804652272535
2023-01-31 09:00:00;0.03437688809567781;0.03082495144091021;0.03378489865321655
2023-01-31 10:00:00;0.05126066853444069;0.04527659894911993;0.0502633236035539
2023-01-31 11:00:00;0.08735927136485415;0.07242451827825185;0.08487014585042045
2023-01-31 12:00:00;;;
2023-01-31 13:00:00;0.08724214183795842;0.07315960654303193;0.08489505262213735
2023-01-31 14:00:00;0.06602131923195792;0.05568842054394675;0.06429916945062274
2023-01-31 15:00:00;0.047656032846136565;0.04174365773375924;0.04667063699407368
2023-01-31 16:00:00;0.028354545504098466;0.027196038497128053;0.028161461002936733
2023-01-31 17:00:00;0.02026587429105518;0.02026587429105518;0.02026587429105518
2023-01-31 18:00:00;0.012369048391101487;0.012369048391101487;0.012369048391101487
2023-01-31 19:00:00;0.006411297964420382;0.006411297964420382;0.006411297964420382
2023-01-31 20:00:00;0.011735593261112197;0.011735593261112197;0.011735593261112197
2023-01-31 21:00:00;0.009485032015515142;0.009485032015515142;0.009485032015515142
2023-01-31 22:00:00;0.005313900650042696;0.005313900650042696;0.005313900650042696
2023-01-31 23:00:00;0.0052105287107932245;0.0052105287107932245;0.0052105287107932245
2023-02-01 00:00:00;0.004939169329432145;0.004939169329432145;0.004939169329432145
2023-02-01 01:00:00;0.004455954328344308;0.004455954328344308;0.004455954328344308
2023-02-01 02:00:00;0.005173333697820699;0.005173333697820699;0.005173333697820699
2023-02-01 03:00:00;0.00494425435574072;0.00494425435574072;0.00494425435574072
2023-02-01 04:00:00;0.0032826356058661393;0.0032826356058661393;0.0032826356058661393
2023-02-01 05:00:00;0.004419351529533201;0.004419351529533201;0.004419351529533201
2023-02-01 06:00:00;0.004417442545082588;0.004417442545082588;0.004417442545082588
2023-02-01 07:00:00;0.003103416532146646;0.0027177390327605463;0.00303913694891563
2023-02-01 08:00:00;0.01344583337655136;0.01034429040486097;0.012928909547936298
2023-02-01 09:00:00;0.028694202058234593;0.022414019488301896;0.02764750496324581
2023-02-01 10:00:00;0.05678719666427879;0.044222188007515296;0.054693028554818224
2023-02-01 11:00:00;0.08507098445126018;0.06650995090409205;0.0819774788600655
2023-02-01 12:00:00;0.0615685038298415;0.049226470038348645;0.05951149819792603
2023-02-01 13:00:00;0.045824870465654345;0.03761179777721343;0.04445602501758086
2023-02-01 14:00:00;0.060512566361923155;0.04858324819319897;0.058524346667135796
2023-02-01 15:00:00;0.03801031426587832;0.03299454906497726;0.037174353399061486
2023-02-01 16:00:00;0.01607949404912105;0.014794761501140086;0.01586537195779089
2023-02-01 17:00:00;0.011861019484988987;0.011861019484988987;0.011861019484988987
2023-02-01 18:00:00;0.009781907320004623;0.009781907320004623;0.009781907320004623
2023-02-01 19:00:00;0.009595604553656354;0.009595604553656354;0.009595604553656354
2023-02-01 20:00:00;0.006149849065065254;0.006149849065065254;0.006149849065065254
2023-02-01 21:00:00;0.006649623367141559;0.006649623367141559;0.006649623367141559
2023-02-01 22:00:00;0.008101451790232847;0.008101451790232847;0.008101451790232847
2023-02-01 23:00:00;0.007679380891865098;0.007679380891865098;0.007679380891865098
2023-02-02 00:00:00;0.007058549241844299;0.007058549241844299;0.007058549241844299
2023-02-02 01:00:00;0.005898937450692381;0.005898937450692381;0.005898937450692381
2023-02-02 02:00:00;0.007070784366770827;0.007070784366770827;0.007070784366770827
2023-02-02 03:00:00;0.0057751624792753455;0.0057751624792753455;0.0057751624792753455
2023-02-02 04:00:00;0.006085384381670164;0.006085384381670164;0.006085384381670164
2023-02-02 05:00:00;0.006697570765263454;0.006697570765263454;0.006697570765263454
2023-02-02 06:00:00;0.007460135712860251;0.007460135712860251;0.007460135712860251
2023-02-02 07:00:00;0.0038032177041050965;0.0029605406063595366;0.0036627715211475028
2023-02-02 08:00:00;0.0202300234366752;0.01568826501442717;0.019473063699633864
2023-02-02 09:00:00;0.03143422217114732;0.025143332150392432;0.03038574050102151
2023-02-02 10:00:00;0.04986794825782232;0.03971578929238765;0.048175921763583214
2023-02-02 11:00:00;0.07549475751065268;0.06058269892344805;0.07300941441278526
2023-02-02 12:00:00;0.06581970355880756;0.055623844800056665;0.06412039376568242
2023-02-02 13:00:00;0.04599887883348003;0.0401532737471512;0.045024611319091884
2023-02-02 14:00:00;0.03251578831598689;0.028245358478798895;0.03180405000978889
2023-02-02 15:00:00;0.02507426492492145;0.023082557198686453;0.02474231363721562
2023-02-02 16:00:00;0.016411686317230147;0.015946891023846162;0.016334220434999484
2023-02-02 17:00:00;0.014789186050263001;0.014789186050263001;0.014789186050263001
2023-02-02 18:00:00;0.017161263759679433;0.017161263759679433;0.017161263759679433
2023-02-02 19:00:00;0.019304028356332516;0.019304028356332516;0.019304028356332516
2023-02-02 20:00:00;0.014799167526660694;0.014799167526660694;0.014799167526660694
2023-02-02 21:00:00;0.017178585046952355;0.017178585046952355;0.017178585046952355
2023-02-02 22:00:00;0.027140484529053634;0.027140484529053634;0.027140484529053634
2023-02-02 23:00:00;0.030589822728949456;0.030589822728949456;0.030589822728949456
2023-02-03 00:00:00;0.02151108651552537;0.02151108651552537;0.02151108651552537
2023-02-03 01:00:00;0.0244781947895135;0.0244781947895135;0.0244781947895135
2023-02-03 02:00:00;0.018978972484840703;0.018978972484840703;0.018978972484840703
2023-02-03 03:00:00;0.017396381013073805;0.017396381013073805;0.017396381013073805
2023-02-03 04:00:00;0.01470533534126068;0.01470533534126068;0.01470533534126068
2023-02-03 05:00:00;0.012020088573759127;0.012020088573759127;0.012020088573759127
2023-02-03 06:00:00;0.011380990007253275;0.011380990007253275;0.011380990007253275
2023-02-03 07:00:00;0.011713930501820636;0.011433801157469775;0.011667242277762162
2023-02-03 08:00:00;0.01344553626420266;0.012110464338290678;0.013223024276550664
2023-02-03 09:00:00;0.02155646435772987;0.019213118453713034;0.021165906707060405
2023-02-03 10:00:00;0.021318862778917952;0.019455171141063134;0.02100824750594215
2023-02-03 11:00:00;0.02131990987542448;0.019351845026320123;0.02099189906724042
2023-02-03 12:00:00;0.01939291650975981;0.017076982998590055;0.01900692759123152
2023-02-03 13:00:00;0.02135859254766948;0.019263403273487405;0.021009394335305798
2023-02-03 14:00:00;0.014470556973855804;0.013216490212230092;0.014261545846918185
2023-02-03 15:00:00;0.011516484008284606;0.010680213867346388;0.01137710565146157
2023-02-03 16:00:00;0.009658201696890871;0.009506932086757739;0.009632990095202016
2023-02-03 17:00:00;0.009755625072840123;0.009755625072840123;0.009755625072840123
2023-02-03 18:00:00;0.008985643302540008;0.008985643302540008;0.008985643302540008
2023-02-03 19:00:00;0.007605353695040091;0.007605353695040091;0.007605353695040091
2023-02-03 20:00:00;0.008285697147517482;0.008285697147517482;0.008285697147517482
2023-02-03 21:00:00;0.0076083183977398595;0.0076083183977398595;0.0076083183977398595
2023-02-03 22:00:00;0.008995652158288648;0.008995652158288648;0.008995652158288648
2023-02-03 23:00:00;0.008826730903717538;0.008826730903717538;0.008826730903717538
2023-02-04 00:00:00;0.008999428684614405;0.008999428684614405;0.008999428684614405
2023-02-04 01:00:00;0.005903104468535982;0.005903104468535982;0.005903104468535982
2023-02-04 02:00:00;0.008399046202654354;0.008399046202654354;0.008399046202654354
2023-02-04 03:00:00;0.008611332544151485;0.008611332544151485;0.008611332544151485
2023-02-04 04:00:00;0.007940118524879301;0.007940118524879301;0.007940118524879301
2023-02-04 05:00:00;0.007765712637930512;0.007765712637930512;0.007765712637930512
2023-02-04 06:00:00;0.0029511585432091506;0.0029511585432091506;0.0029511585432091506
2023-02-04 07:00:00;0.0026079317848698514;0.002357255702604148;0.0025661524378255674
2023-02-04 08:00:00;0.006943920838011401;0.005812304596268841;0.006755318131054308
2023-02-04 09:00:00;0.015831462803520217;0.013295613205562565;0.015408821203860612
2023-02-04 10:00:00;0.02534229573392294;0.021231743580767813;0.02465720370839709
2023-02-04 11:00:00;0.02691572340477826;0.022518574530354232;0.026182865259040924
2023-02-04 12:00:00;0.027884059982254163;0.02404735303965115;0.02724460882515366
2023-02-04 13:00:00;0.01980481640487359;0.017196287974591717;0.01937006166649328
2023-02-04 14:00:00;0.021181769522463516;0.01876237170239148;0.02077853655245151
2023-02-04 15:00:00;0.021683008169447907;0.01929070783096909;0.021284291446368106
2023-02-04 16:00:00;0.011576384100753194;0.011221347966620974;0.011517211411731156
2023-02-04 17:00:00;0.01116493115391645;0.01116493115391645;0.01116493115391645
2023-02-04 18:00:00;0.008395165603735735;0.008395165603735735;0.008395165603735735
2023-02-04 19:00:00;0.005990529152632221;0.005990529152632221;0.005990529152632221
2023-02-04 20:00:00;0.0053920855443137464;0.0053920855443137464;0.0053920855443137464
2023-02-04 21:00:00;0.006714658634417606;0.006714658634417606;0.006714658634417606
2023-02-04 22:00:00;0.007095502075323798;0.007095502075323798;0.007095502075323798
2023-02-04 23:00:00;0.006720917397965335;0.006720917397965335;0.006720917397965335
2023-02-05 00:00:00;0.006724540304887958;0.006724540304887958;0.006724540304887958
2023-02-05 01:00:00;0.005614131485861631;0.005614131485861631;0.005614131485861631
2023-02-05 02:00:00;0.00573710967484891;0.00573710967484891;0.00573710967484891
2023-02-05 03:00:00;0.0075196229166342035;0.0075196229166342035;0.0075196229166342035
2023-02-05 04:00:00;0.006948906626549752;0.006948906626549752;0.006948906626549752
2023-02-05 05:00:00;0.005660841069266038;0.005660841069266038;0.005660841069266038
2023-02-05 06:00:00;0.007164889622708831;0.007164889622708831;0.007164889622708831
2023-02-05 07:00:00;0.005985487927437932;0.005609336507981579;0.005922796024195207
2023-02-05 08:00:00;0.012305710645153537;0.01041243463846514;0.011990164644038803
2023-02-05 09:00:00;0.02072649357251237;0.01729180295475424;0.020154045136219347
2023-02-05 10:00:00;0.027838060734217827;0.02330678478864646;0.0270828480766226
2023-02-05 11:00:00;0.02790745921933184;0.023453472746665024;0.027165128140554037
2023-02-05 12:00:00;0.0388015135513322;0.03173636698050535;0.03762398912286105
2023-02-05 13:00:00;0.03466228463808878;0.02830402864976702;0.03360257530670182
2023-02-05 14:00:00;0.028162520543378436;0.023240882798841494;0.027342247585955614
2023-02-05 15:00:00;0.016598313899455323;0.014723249483854027;0.016285803163521777
2023-02-05 16:00:00;0.009515064152524818;0.009000443352112291;0.00942929401912273
2023-02-05 17:00:00;0.01085673688831112;0.01085673688831112;0.01085673688831112
2023-02-05 18:00:00;0.009913624775704101;0.009913624775704101;0.009913624775704101
2023-02-05 19:00:00;0.009917266147091305;0.009917266147091305;0.009917266147091305
2023-02-05 20:00:00;0.009947035506332193;0.009947035506332193;0.009947035506332193
2023-02-05 21:00:00;0.009878327421259263;0.009878327421259263;0.009878327421259263
2023-02-05 22:00:00;0.010050997933733197;0.010050997933733197;0.010050997933733197
2023-02-05 23:00:00;0.01137524921583063;0.01137524921583063;0.01137524921583063
2023-02-06 00:00:00;0.011669872017025643;0.011669872017025643;0.011669872017025643
2023-02-06 01:00:00;0.011949554597872794;0.011949554597872794;0.011949554597872794
2023-02-06 02:00:00;0.01639085249373624;0.01639085249373624;0.01639085249373624
2023-02-06 03:00:00;0.013692088066090772;0.013692088066090772;0.013692088066090772
2023-02-06 04:00:00;0.015147864806057652;0.015147864806057652;0.015147864806057652
2023-02-06 05:00:00;0.018090931905720673;0.018090931905720673;0.018090931905720673
2023-02-06 06:00:00;0.019073563862797425;0.019073563862797425;0.019073563862797425
2023-02-06 07:00:00;0.012388778418788831;0.011082995026205252;0.012171147853358233
2023-02-06 08:00:00;0.03736524283730948;0.030295320211580188;0.03618692239968793
2023-02-06 09:00:00;0.06222738147078085;0.052033617134603104;0.060528420748084566
2023-02-06 10:00:00;0.08460673104649397;0.07084804473050553;0.0823136166604959
2023-02-06 11:00:00;0.10536165077068868;0.08854666946449094;0.10255915388632239
2023-02-06 12:00:00;0.11471885920687819;0.09560258885107728;0.11153281414757804
2023-02-06 13:00:00;0.11939268365544158;0.09911853732913943;0.11601365926772458
2023-02-06 14:00:00;0.09880798210902333;0.08287420802220022;0.09615235309455282
2023-02-06 15:00:00;0.0722249820603116;0.06219908594084454;0.07055399937373376
2023-02-06 16:00:00;0.03286622886400162;0.02968668238310657;0.03233630445051912
2023-02-06 17:00:00;0.03652375655452918;0.03652375655452918;0.03652375655452918
2023-02-06 18:00:00;0.020790676872269234;0.020790676872269234;0.020790676872269234
2023-02-06 19:00:00;0.01811544729234507;0.01811544729234507;0.01811544729234507
2023-02-06 20:00:00;0.01094385166620787;0.01094385166620787;0.01094385166620787
2023-02-06 21:00:00;0.009430189489088421;0.009430189489088421;0.009430189489088421
2023-02-06 22:00:00;0.008430314829212025;0.008430314829212025;0.008430314829212025
2023-02-06 23:00:00;0.008946286207574511;0.008946286207574511;0.008946286207574511
2023-02-07 00:00:00;0.007981563704789424;0.007981563704789424;0.007981563704789424
2023-02-07 01:00:00;0.0068292852915750706;0.0068292852915750706;0.0068292852915750706
2023-02-07 02:00:00;0.006610853255410877;0.006610853255410877;0.006610853255410877
2023-02-07 03:00:00;0.006386716371918082;0.006386716371918082;0.006386716371918082
2023-02-07 04:00:00;0.005980654478981175;0.005980654478981175;0.005980654478981175
2023-02-07 05:00:00;0.006383968170797886;0.006383968170797886;0.006383968170797886
2023-02-07 06:00:00;0.0071988749440033235;0.0071988749440033235;0.0071988749440033235
2023-02-07 07:00:00;0.0039501804655813575;0.0026751344324833547;0.0037376727933983583
2023-02-07 08:00:00;0.026937462008554482;0.020847344659989303;0.025922442450460288
2023-02-07 09:00:00;0.0516037287973813;0.04054220417669731;0.049760141360600633
2023-02-07 10:00:00;0.08580409229677917;0.07090383910340856;0.08332071676455073
2023-02-07 11:00:00;0.10862811325524224;0.09196347473043544;0.10585067350110777
2023-02-07 12:00:00;0.09722894067498761;0.08317665293282965;0.09488689271796126
2023-02-07 13:00:00;0.07450317166879498;0.0650558859920549;0.07292862405600498
2023-02-07 14:00:00;0.05226011352140577;0.047795582168598895;0.051516024962604635
2023-02-07 15:00:00;0.047186459974457334;0.04256247038583437;0.04641579504302018
2023-02-07 16:00:00;0.028576812195832767;0.027840229822145596;0.028454048466884912
2023-02-07 17:00:00;0.028817202858927318;0.028817202858927318;0.028817202858927318
2023-02-07 18:00:00;0.013742320350026312;0.013742320350026312;0.013742320350026312
2023-02-07 19:00:00;0.01193028437259221;0.01193028437259221;0.01193028437259221
2023-02-07 20:00:00;0.01165434805488915;0.01165434805488915;0.01165434805488915
2023-02-07 21:00:00;0.01247701349913153;0.01247701349913153;0.01247701349913153
2023-02-07 22:00:00;0.012536723775879196;0.012536723775879196;0.012536723775879196
2023-02-07 23:00:00;0.01248158782874386;0.01248158782874386;0.01248158782874386
2023-02-08 00:00:00;0.012191310284648517;0.012191310284648517;0.012191310284648517
2023-02-08 01:00:00;0.011034695636841637;0.011034695636841637;0.011034695636841637
2023-02-08 02:00:00;0.013039611746808736;0.013039611746808736;0.013039611746808736
2023-02-08 03:00:00;0.01126082030908426;0.01126082030908426;0.01126082030908426
2023-02-08 04:00:00;0.011281857897379679;0.011281857897379679;0.011281857897379679
2023-02-08 05:00:00;0.011423838693613622;0.011423838693613622;0.011423838693613622
2023-02-08 06:00:00;0.012197508240151573;0.012197508240151573;0.012197508240151573
2023-02-08 07:00:00;0.018282736163325847;0.01664099670546755;0.018009112920349464
2023-02-08 08:00:00;0.06285124084804398;0.050770272097553346;0.06083774605629556
2023-02-08 09:00:00;0.10954619099443436;0.08847160471363272;0.1060337599476341
2023-02-08 10:00:00;0.15723678736929647;0.13328834253313612;0.15324537989660314
2023-02-08 11:00:00;0.19989519552927112;0.16532108355401504;0.19413284353339513
2023-02-08 12:00:00;0.2069891493890651;0.17117096419597497;0.20101945185688344
2023-02-08 13:00:00;0.15109364837645084;0.13392773350972764;0.14823266256533033
2023-02-08 14:00:00;0.13759979112724552;0.12149603623683755;0.13491583197884421
2023-02-08 15:00:00;0.09139929545251761;0.08661922336193467;0.09060261677075378
2023-02-08 16:00:00;0.06369283576680411;0.06299774667233297;0.06357698758439226
2023-02-08 17:00:00;0.04015169566870833;0.04015169566870833;0.04015169566870833
2023-02-08 18:00:00;0.025218707379063628;0.025218707379063628;0.025218707379063628
2023-02-08 19:00:00;0.028132599915037873;0.028132599915037873;0.028132599915037873
2023-02-08 20:00:00;0.02574506705276794;0.02574506705276794;0.02574506705276794
2023-02-08 21:00:00;0.021657577242060754;0.021657577242060754;0.021657577242060754
2023-02-08 22:00:00;0.02052291881876066;0.02052291881876066;0.02052291881876066
2023-02-08 23:00:00;0.02198689055444236;0.02198689055444236;0.02198689055444236
2023-02-09 00:00:00;0.013250826936461716;0.013250826936461716;0.013250826936461716
2023-02-09 01:00:00;0.015360291389972107;0.015360291389972107;0.015360291389972107
2023-02-09 02:00:00;0.01469240452040278;0.01469240452040278;0.01469240452040278
2023-02-09 03:00:00;0.015765463556369635;0.015765463556369635;0.015765463556369635
2023-02-09 04:00:00;0.016788419411880647;0.016788419411880647;0.016788419411880647
2023-02-09 05:00:00;0.012241185708372461;0.012241185708372461;0.012241185708372461
2023-02-09 06:00:00;0.013010104932016715;0.013010104932016715;0.013010104932016715
2023-02-09 07:00:00;0.009524114975688454;0.0062921832457319155;0.008985459687362366
2023-02-09 08:00:00;0.038338388573670376;0.03112412926181602;0.037136012021694656
2023-02-09 09:00:00;0.07169371375815695;0.058413925866990436;0.06948041577629588
2023-02-09 10:00:00;0.10483993115447283;0.08479909283808719;0.10149979143507522
2023-02-09 11:00:00;0.12758477408047064;0.10439451655985316;0.12371973116036776
2023-02-09 12:00:00;0.0981709415212856;0.08293938338149114;0.09563234849798653
2023-02-09 13:00:00;0.07880626849389966;0.06789334145159659;0.07698744732018249
2023-02-09 14:00:00;0.06289343183976724;0.05693508751239981;0.061900374451872665
2023-02-09 15:00:00;0.04154263329215305;0.03892497815009228;0.04110635743514292
2023-02-09 16:00:00;0.033303460709818516;0.032642620844671295;0.03319332073229398
2023-02-09 17:00:00;0.031826779773140766;0.031826779773140766;0.031826779773140766
2023-02-09 18:00:00;0.016209070312946595;0.016209070312946595;0.016209070312946595
2023-02-09 19:00:00;0.014469187600119176;0.014469187600119176;0.014469187600119176
2023-02-09 20:00:00;0.01269114529764088;0.01269114529764088;0.01269114529764088
2023-02-09 21:00:00;0.012675380455783147;0.012675380455783147;0.012675380455783147
2023-02-09 22:00:00;0.01258146745882577;0.01258146745882577;0.01258146745882577
2023-02-09 23:00:00;0.012576573372263129;0.012576573372263129;0.012576573372263129
2023-02-10 00:00:00;0.012745409456137998;0.012745409456137998;0.012745409456137998
2023-02-10 01:00:00;0.013002296410392541;0.013002296410392541;0.013002296410392541
2023-02-10 02:00:00;0.013334127099647158;0.013334127099647158;0.013334127099647158
2023-02-10 03:00:00;0.013317645817924368;0.013317645817924368;0.013317645817924368
2023-02-10 04:00:00;0.013784922249763786;0.013784922249763786;0.013784922249763786
2023-02-10 05:00:00;0.013922215611962706;0.013922215611962706;0.013922215611962706
2023-02-10 06:00:00;0.013598452656286638;0.013598452656286638;0.013598452656286638
2023-02-10 07:00:00;0.013156518409343796;0.012101287602150259;0.012980646608144873
2023-02-10 08:00:00;0.022594516236229004;0.019902407419925765;0.022145831433511797
2023-02-10 09:00:00;0.026590143158096866;0.023242138439523028;0.026032142371667892
2023-02-10 10:00:00;0.052877539370141474;0.04373177617638995;0.051353245504516226
2023-02-10 11:00:00;0.049334360392271084;0.04225361256665218;0.04815423575466794
2023-02-10 12:00:00;0.03732384935131268;0.033188027515353415;0.036634545711986134
2023-02-10 13:00:00;0.04206990465308962;0.03672093837857767;0.0411784102740043
2023-02-10 14:00:00;0.038183998583387724;0.034024784407974;0.037490796220818766
2023-02-10 15:00:00;0.04345229689992092;0.04027849927325642;0.04292333062881016
2023-02-10 16:00:00;0.0296921859443793;0.028252831770118867;0.02945229358200256
2023-02-10 17:00:00;0.034317485137066325;0.03419262224015988;0.034296674654248585
2023-02-10 18:00:00;0.03249310955337521;0.03249310955337521;0.03249310955337521
2023-02-10 19:00:00;0.020648873969316903;0.020648873969316903;0.020648873969316903
2023-02-10 20:00:00;0.017385191842529738;0.017385191842529738;0.017385191842529738
2023-02-10 21:00:00;0.013277045479331416;0.013277045479331416;0.013277045479331416
2023-02-10 22:00:00;0.026033257313696295;0.026033257313696295;0.026033257313696295
2023-02-10 23:00:00;0.021975527331374468;0.021975527331374468;0.021975527331374468
2023-02-11 00:00:00;0.021805159423346876;0.021805159423346876;0.021805159423346876
2023-02-11 01:00:00;0.015286080253996144;0.015286080253996144;0.015286080253996144
2023-02-11 02:00:00;0.021008287928140378;0.021008287928140378;0.021008287928140378
2023-02-11 03:00:00;0.02446198771734283;0.02446198771734283;0.02446198771734283
2023-02-11 04:00:00;0.022505288775516077;0.022505288775516077;0.022505288775516077
2023-02-11 05:00:00;0.020151382266778574;0.020151382266778574;0.020151382266778574
2023-02-11 06:00:00;0.01943600274004325;0.01943600274004325;0.01943600274004325
2023-02-11 07:00:00;0.017720483795641746;0.015203822319313732;0.017301040216253744
2023-02-11 08:00:00;0.04681183628846658;0.03892968596106607;0.04549814456723317
2023-02-11 09:00:00;0.09428252645307235;0.07366071098358837;0.09084555720815836
2023-02-11 10:00:00;0.12121049614133503;0.09860783748889762;0.11744338636592881
2023-02-11 11:00:00;0.15775055087966822;0.1270366441514445;0.15263156642496425
2023-02-11 12:00:00;0.13515816078315582;0.11361557396496544;0.13156772964679075
2023-02-11 13:00:00;0.12601023899195055;0.10616741263799655;0.12270310126629154
2023-02-11 14:00:00;0.10747401619983299;0.0933111061207173;0.10511353118664706
2023-02-11 15:00:00;0.08352097566144578;0.07459661431407236;0.08203358210355022
2023-02-11 16:00:00;0.050912593283366565;0.048828169853589384;0.0505651893784037
2023-02-11 17:00:00;0.042178365368631975;0.042178365368631975;0.042178365368631975
2023-02-11 18:00:00;0.034687082956010265;0.034687082956010265;0.034687082956010265
2023-02-11 19:00:00;0.04846893680479951;0.04846893680479951;0.04846893680479951
2023-02-11 20:00:00;0.03929593031057105;0.03929593031057105;0.03929593031057105
2023-02-11 21:00:00;0.030476497373307477;0.030476497373307477;0.030476497373307477
2023-02-11 22:00:00;0.028484173206078888;0.028484173206078888;0.028484173206078888
2023-02-11 23:00:00;0.028531431722193346;0.028531431722193346;0.028531431722193346
2023-02-12 00:00:00;0.0274091153517285;0.0274091153517285;0.0274091153517285
2023-02-12 01:00:00;0.02891543563395893;0.02891543563395893;0.02891543563395893
2023-02-12 02:00:00;0.028032830565899745;0.028032830565899745;0.028032830565899745
2023-02-12 03:00:00;0.025095099186071574;0.025095099186071574;0.025095099186071574
2023-02-12 04:00:00;0.027339822086395116;0.027339822086395116;0.027339822086395116
2023-02-12 05:00:00;0.024222467910843412;0.024222467910843412;0.024222467910843412
2023-02-12 06:00:00;0.02378076136479362;0.02378076136479362;0.02378076136479362
2023-02-12 07:00:00;0.02261144925978103;0.02199224123915629;0.02250824792301024
2023-02-12 08:00:00;0.034768550139805614;0.030743148714852415;0.03409764990231342
2023-02-12 09:00:00;0.06685973901149894;0.05582067796156484;0.0650198955031766
2023-02-12 10:00:00;0.09803600264546554;0.08185013793788452;0.09533835852753539
2023-02-12 11:00:00;0.13380014278825664;0.10956965579122598;0.12976172828875157
2023-02-12 12:00:00;0.16622376919750084;0.13792539921287683;0.16150737420006353
2023-02-12 13:00:00;0.16612035928443328;0.1377338449461418;0.16138927356138472
2023-02-12 14:00:00;0.09628196066577775;0.08421734059960069;0.09427119065474825
2023-02-12 15:00:00;0.06663582763900813;0.060151235488752036;0.06555506228063211
2023-02-12 16:00:00;0.042414580624707154;0.04131777124863285;0.042231779062028095
2023-02-12 17:00:00;0.03487052293833586;0.03487052293833586;0.03487052293833586
2023-02-12 18:00:00;0.02722887590573942;0.02722887590573942;0.02722887590573942
2023-02-12 19:00:00;0.022313348317587925;0.022313348317587925;0.022313348317587925
2023-02-12 20:00:00;0.020058406203663746;0.020058406203663746;0.020058406203663746
2023-02-12 21:00:00;0.015081951921872436;0.015081951921872436;0.015081951921872436
2023-02-12 22:00:00;0.018013012151831122;0.018013012151831122;0.018013012151831122
2023-02-12 23:00:00;0.017851573541241412;0.017851573541241412;0.017851573541241412
2023-02-13 00:00:00;0.01724096053195555;0.01724096053195555;0.01724096053195555
2023-02-13 01:00:00;0.01654711686934916;0.01654711686934916;0.01654711686934916
2023-02-13 02:00:00;0.016039557481811028;0.016039557481811028;0.016039557481811028
2023-02-13 03:00:00;0.01962622230509047;0.01962622230509047;0.01962622230509047
2023-02-13 04:00:00;0.019580552469744494;0.019580552469744494;0.019580552469744494
2023-02-13 05:00:00;0.020603455405806555;0.020603455405806555;0.020603455405806555
2023-02-13 06:00:00;0.015933855449949644;0.015933855449949644;0.015933855449949644
2023-02-13 07:00:00;0.013554566122421799;0.009279551322881085;0.012842063655831681
2023-02-13 08:00:00;0.0636667130823083;0.049819844446038535;0.061358901642930015
2023-02-13 09:00:00;0.1106351118646676;0.08821720853600547;0.10689879464322394
2023-02-13 10:00:00;0.10791976276538212;0.08950816970461588;0.10485116392192109
2023-02-13 11:00:00;0.1743144163773243;0.1433651318525904;0.16915620228986866
2023-02-13 12:00:00;0.20090938388559132;0.16369824536454172;0.19470752746541642
2023-02-13 13:00:00;0.18106975839275039;0.1488782555111447;0.1757045079124828
2023-02-13 14:00:00;0.14229038827573764;0.11786499760606767;0.13821948983079266
2023-02-13 15:00:00;0.09015109367555683;0.0769433603667434;0.08794980479075461
2023-02-13 16:00:00;0.05059013099973898;0.04816375038792389;0.05018573423110314
2023-02-13 17:00:00;0.030511531047739824;0.030328916581203902;0.030481095303317166
2023-02-13 18:00:00;0.03289086893199295;0.03289086893199295;0.03289086893199295
2023-02-13 19:00:00;0.028007062768961363;0.028007062768961363;0.028007062768961363
2023-02-13 20:00:00;0.026778936749709388;0.026778936749709388;0.026778936749709388
2023-02-13 21:00:00;0.026752964787628068;0.026752964787628068;0.026752964787628068
2023-02-13 22:00:00;0.025560437672338072;0.025560437672338072;0.025560437672338072
2023-02-13 23:00:00;0.023911968761720203;0.023911968761720203;0.023911968761720203
2023-02-14 00:00:00;0.020285979629945907;0.020285979629945907;0.020285979629945907
2023-02-14 01:00:00;0.018607856609289958;0.018607856609289958;0.018607856609289958
2023-02-14 02:00:00;0.015591596643408187;0.015591596643408187;0.015591596643408187
2023-02-14 03:00:00;0.015743163113338978;0.015743163113338978;0.015743163113338978
2023-02-14 04:00:00;0.013531927611400799;0.013531927611400799;0.013531927611400799
2023-02-14 05:00:00;0.01751783396391381;0.01751783396391381;0.01751783396391381
2023-02-14 06:00:00;0.015581832323811514;0.015581832323811514;0.015581832323811514
2023-02-14 07:00:00;0.014253840690997088;0.013310732480288582;0.014096655989212338
2023-02-14 08:00:00;0.027400162302797505;0.02350850420606254;0.026751552620008345
2023-02-14 09:00:00;0.04212964471482041;0.03528779485267401;0.04098933640446269
2023-02-14 10:00:00;0.07060088854232839;0.058095990304166976;0.06851673883596818
2023-02-14 11:00:00;0.14725807760809909;0.11750151608158763;0.14229865068701386
2023-02-14 12:00:00;0.11342672071638449;0.09282077347118128;0.10999239617551729
2023-02-14 13:00:00;0.11225240273842432;0.0928044423291117;0.1090110760035389
2023-02-14 14:00:00;0.15290648723585176;0.12185758023398034;0.14773166940220653
2023-02-14 15:00:00;0.10545126029009479;0.08371590964840639;0.1018287018498134
2023-02-14 16:00:00;0.03459858371298333;0.0276722178839555;0.03344418940814536
2023-02-14 17:00:00;0.03244990924995675;0.03223714323197666;0.03241444824696007
2023-02-14 18:00:00;0.019774024163558397;0.019774024163558397;0.019774024163558397
2023-02-14 19:00:00;0.01855140797487094;0.01855140797487094;0.01855140797487094
2023-02-14 20:00:00;0.013529165640098824;0.013529165640098824;0.013529165640098824
2023-02-14 21:00:00;0.012363434582787344;0.012363434582787344;0.012363434582787344
2023-02-14 22:00:00;0.0117670313462588;0.0117670313462588;0.0117670313462588
2023-02-14 23:00:00;0.011974913552253103;0.011974913552253103;0.011974913552253103
2023-02-15 00:00:00;0.010914638018168315;0.010914638018168315;0.010914638018168315
2023-02-15 01:00:00;0.010814137896440451;0.010814137896440451;0.010814137896440451
2023-02-15 02:00:00;0.010296020192866542;0.010296020192866542;0.010296020192866542
2023-02-15 03:00:00;0.009938707748466155;0.009938707748466155;0.009938707748466155
2023-02-15 04:00:00;0.010122803444781026;0.010122803444781026;0.010122803444781026
2023-02-15 05:00:00;0.01169779821048834;0.01169779821048834;0.01169779821048834
2023-02-15 06:00:00;0.011875259712690604;0.011875259712690604;0.011875259712690604
2023-02-15 07:00:00;0.013851636798394767;0.011865991333144721;0.01352069588751976
2023-02-15 08:00:00;0.02901964515014053;0.024817982264925164;0.028319368002604636
2023-02-15 09:00:00;0.04804227580930948;0.04001080505449404;0.04670369735017358
2023-02-15 10:00:00;0.0804347604209593;0.06587293207368149;0.07800778902974634
2023-02-15 11:00:00;0.10402074274908212;0.08665580162654968;0.10112658589532673
2023-02-15 12:00:00;0.09692448182918292;0.08127842277734705;0.09431680532054361
2023-02-15 13:00:00;0.07086209950161144;0.06243411585134368;0.06945743555990015
2023-02-15 14:00:00;0.06148497077648629;0.05585215234521247;0.06054616770460733
2023-02-15 15:00:00;0.035581117573927595;0.03307033964444078;0.0351626545856798
2023-02-15 16:00:00;0.024951932943321434;0.02421464878658075;0.02482905225053132
2023-02-15 17:00:00;0.017636175956395567;0.017636175956395567;0.017636175956395567
2023-02-15 18:00:00;0.015809621742939876;0.015809621742939876;0.015809621742939876
2023-02-15 19:00:00;0.01584995862578839;0.01584995862578839;0.01584995862578839
2023-02-15 20:00:00;0.015619204702482636;0.015619204702482636;0.015619204702482636
2023-02-15 21:00:00;0.014825607218570699;0.014825607218570699;0.014825607218570699
2023-02-15 22:00:00;0.014764585944501588;0.014764585944501588;0.014764585944501588
2023-02-15 23:00:00;0.013898041540963016;0.013898041540963016;0.013898041540963016
2023-02-16 00:00:00;0.014875907826077932;0.014875907826077932;0.014875907826077932
2023-02-16 01:00:00;0.016496110809659122;0.016496110809659122;0.016496110809659122
2023-02-16 02:00:00;0.024703811516611496;0.024703811516611496;0.024703811516611496
2023-02-16 03:00:00;0.029461070257404964;0.029461070257404964;0.029461070257404964
2023-02-16 04:00:00;0.02437915450784099;0.02437915450784099;0.02437915450784099
2023-02-16 05:00:00;0.02199262921074128;0.02199262921074128;0.02199262921074128
2023-02-16 06:00:00;0.02433889887001796;0.02433889887001796;0.02433889887001796
2023-02-16 07:00:00;0.02646317717096657;0.024190360326640008;0.02608437436357881
2023-02-16 08:00:00;0.056725557801172936;0.05227791216625641;0.05598428352868685
2023-02-16 09:00:00;0.11537644231175441;0.10483968673346127;0.11362031638203889
2023-02-16 10:00:00;0.0902609893346176;0.07987610881182207;0.08853017591415169
2023-02-16 11:00:00;0.11068274229218109;0.09970516564182835;0.10885314618378897
2023-02-16 12:00:00;0.13883595265261411;0.12362844530814168;0.13630136809520205
2023-02-16 13:00:00;0.14990143561738437;0.12834223086350177;0.1463082348250706
2023-02-16 14:00:00;0.12606034833044835;0.1108891393437459;0.12353181349933126
2023-02-16 15:00:00;0.08547636328209667;0.07706595554925219;0.08407462865995592
2023-02-16 16:00:00;0.06639260749654488;0.06461765100486261;0.06609678141459784
2023-02-16 17:00:00;0.04367400112860633;0.04344745054170323;0.043636242697455814
2023-02-16 18:00:00;0.04486191540040184;0.04486191540040184;0.04486191540040184
2023-02-16 19:00:00;0.05219656182816953;0.05219656182816953;0.05219656182816953
2023-02-16 20:00:00;0.054791331346298426;0.054791331346298426;0.054791331346298426
2023-02-16 21:00:00;0.05498641515864139;0.05498641515864139;0.05498641515864139
2023-02-16 22:00:00;0.04897000546136189;0.04897000546136189;0.04897000546136189
2023-02-16 23:00:00;0.043329574537375994;0.043329574537375994;0.043329574537375994
2023-02-17 00:00:00;0.04525349770619307;0.04525349770619307;0.04525349770619307
2023-02-17 01:00:00;0.03719991711734774;0.03719991711734774;0.03719991711734774
2023-02-17 02:00:00;0.024222091145243648;0.024222091145243648;0.024222091145243648
2023-02-17 03:00:00;0.01384635156234858;0.01384635156234858;0.01384635156234858
2023-02-17 04:00:00;0.013211036958024539;0.013211036958024539;0.013211036958024539
2023-02-17 05:00:00;0.013463043135365185;0.013463043135365185;0.013463043135365185
2023-02-17 06:00:00;0.013067495661347671;0.013067495661347671;0.013067495661347671
2023-02-17 07:00:00;0.010916253633312945;0.010841897192532712;0.010903860893182906
2023-02-17 08:00:00;0.014857024736816011;0.014437981012157819;0.014787184116039648
2023-02-17 09:00:00;0.01606269271130851;0.0146651800046763;0.01582977392686981
2023-02-17 10:00:00;0.02039510241936313;0.018078591891682802;0.020009017331416412
2023-02-17 11:00:00;0.029151135498378656;0.025478218423768358;0.028538982652610272
2023-02-17 12:00:00;0.036917339643246554;0.03273770526942048;0.03622073391427554
2023-02-17 13:00:00;0.02830156164166652;0.02627976706895338;0.02796459587954767
2023-02-17 14:00:00;0.03528159597741179;0.030891301725057916;0.03454988026868615
2023-02-17 15:00:00;0.03609152878797167;0.03246533422210068;0.03548716302699318
2023-02-17 16:00:00;0.024932994685282716;0.023139515996429744;0.02463408157047389
2023-02-17 17:00:00;0.023490178636063966;0.023408743925678276;0.023476606184333018
2023-02-17 18:00:00;0.025146746616649496;0.025146746616649496;0.025146746616649496
2023-02-17 19:00:00;0.0233931744974901;0.0233931744974901;0.0233931744974901
2023-02-17 20:00:00;0.018472620936570452;0.018472620936570452;0.018472620936570452
2023-02-17 21:00:00;0.014363920690470742;0.014363920690470742;0.014363920690470742
2023-02-17 22:00:00;0.014127037564600995;0.014127037564600995;0.014127037564600995
2023-02-17 23:00:00;0.010025963912997921;0.010025963912997921;0.010025963912997921
2023-02-18 00:00:00;0.013384622548763556;0.013384622548763556;0.013384622548763556
2023-02-18 01:00:00;0.006463873367122789;0.006463873367122789;0.006463873367122789
2023-02-18 02:00:00;0.005374391226327108;0.005374391226327108;0.005374391226327108
2023-02-18 03:00:00;0.005607626028268451;0.005607626028268451;0.005607626028268451
2023-02-18 04:00:00;0.005752435370902026;0.005752435370902026;0.005752435370902026
2023-02-18 05:00:00;0.005651787653998119;0.005651787653998119;0.005651787653998119
2023-02-18 06:00:00;0.004020121960308482;0.003941554432681308;0.004007027372370619
2023-02-18 07:00:00;0.006889482510668362;0.005219736646335248;0.0066111915332795115
2023-02-18 08:00:00;0.02333477895609127;0.018215524712663658;0.022481569915520003
2023-02-18 09:00:00;0.043023175829713454;0.03404209426212253;0.041526328901781644
2023-02-18 10:00:00;0.05919034684092254;0.04829913655897947;0.05737514512726535
2023-02-18 11:00:00;0.06811366349784562;0.05676736640806127;0.06622261398288157
2023-02-18 12:00:00;0.09264454043441536;0.07696422259641586;0.09003115412808212
2023-02-18 13:00:00;0.07594888925219272;0.06523536785334282;0.07416330235238441
2023-02-18 14:00:00;0.07135457894677565;0.06280171120403441;0.06992910098965212
2023-02-18 15:00:00;0.04840404466024174;0.044959669877209105;0.04782998219640297
2023-02-18 16:00:00;0.033905631376127225;0.03295991923188326;0.033748012685419895
2023-02-18 17:00:00;0.024574117054396816;0.02445559229453315;0.02455436292775287
2023-02-18 18:00:00;0.022909773003563623;0.022909773003563623;0.022909773003563623
2023-02-18 19:00:00;0.01769497967630084;0.01769497967630084;0.01769497967630084
2023-02-18 20:00:00;0.014961651729350009;0.014961651729350009;0.014961651729350009
2023-02-18 21:00:00;0.017116332124756883;0.017116332124756883;0.017116332124756883
2023-02-18 22:00:00;0.012555924306978009;0.012555924306978009;0.012555924306978009
2023-02-18 23:00:00;0.010365075679879784;0.010365075679879784;0.010365075679879784
2023-02-19 00:00:00;0.011891551775324498;0.011891551775324498;0.011891551775324498
2023-02-19 01:00:00;0.01383405937422373;0.01383405937422373;0.01383405937422373
2023-02-19 02:00:00;0.010806946704038374;0.010806946704038374;0.010806946704038374
2023-02-19 03:00:00;0.01078594036366737;0.01078594036366737;0.01078594036366737
2023-02-19 04:00:00;0.008909878658458699;0.008909878658458699;0.008909878658458699
2023-02-19 05:00:00;0.009133918456024473;0.009133918456024473;0.009133918456024473
2023-02-19 06:00:00;0.006995318209756977;0.00686362349823529;0.00697336909117003
2023-02-19 07:00:00;0.012234115060881786;0.00854416470940436;0.011619123335635551
2023-02-19 08:00:00;0.03280345440936225;0.025977892473332476;0.03166586075335729
2023-02-19 09:00:00;0.06551044992681965;0.05213715648071979;0.06328156768580301
2023-02-19 10:00:00;0.06781951871759495;0.05499915961200924;0.06568279219999734
2023-02-19 11:00:00;0.09128196320955126;0.07384271953481783;0.0883754225970957
2023-02-19 12:00:00;0.10135484240058903;0.08343935967890607;0.09836892861364188
2023-02-19 13:00:00;0.08720391433924359;0.07369229810609745;0.0849519783003859
2023-02-19 14:00:00;0.10172572265624064;0.08545428788052775;0.0990138168602885
2023-02-19 15:00:00;0.07999454922742778;0.07092002627013043;0.0784821287345449
2023-02-19 16:00:00;0.05248361851579609;0.04837993338546519;0.05179967099407428
2023-02-19 17:00:00;0.03260877322546541;0.032383844988454064;0.03257128518596352
2023-02-19 18:00:00;0.030812331090055885;0.030812331090055885;0.030812331090055885
2023-02-19 19:00:00;0.023996234548112092;0.023996234548112092;0.023996234548112092
2023-02-19 20:00:00;0.024595624763626468;0.024595624763626468;0.024595624763626468
2023-02-19 21:00:00;0.02143325110217583;0.02143325110217583;0.02143325110217583
2023-02-19 22:00:00;0.019934022449519438;0.019934022449519438;0.019934022449519438
2023-02-19 23:00:00;0.01677030229686418;0.01677030229686418;0.01677030229686418
2023-02-20 00:00:00;0.021376720366900442;0.021376720366900442;0.021376720366900442
2023-02-20 01:00:00;0.022250245188776316;0.022250245188776316;0.022250245188776316
2023-02-20 02:00:00;0.023613083294888593;0.023613083294888593;0.023613083294888593
2023-02-20 03:00:00;0.024841562863354417;0.024841562863354417;0.024841562863354417
2023-02-20 04:00:00;0.013539649004708531;0.013539649004708531;0.013539649004708531
2023-02-20 05:00:00;0.013453945464396816;0.013453945464396816;0.013453945464396816
2023-02-20 06:00:00;0.015110282506897112;0.015110282506897112;0.015110282506897112
2023-02-20 07:00:00;0.015518946516263446;0.014839363024856158;0.015405682601028895
2023-02-20 08:00:00;0.0369277586739525;0.030208044113733797;0.03580780624724939
2023-02-20 09:00:00;0.06508916718289727;0.053207927848799325;0.0631089606272143
2023-02-20 10:00:00;0.11851256988151107;0.09810104151753123;0.11511064848751444
2023-02-20 11:00:00;0.19438293710426383;0.16112624294997313;0.18884015474521537
2023-02-20 12:00:00;0.1577409284742494;0.12954939080255198;0.15304233886229987
2023-02-20 13:00:00;0.09146969017947612;0.08381573813711336;0.090194031505749
2023-02-20 14:00:00;0.07678724475964448;0.06827975514313349;0.07536932982355932
2023-02-20 15:00:00;0.10733115151926517;0.09733329625695089;0.10566484230887947
2023-02-20 16:00:00;0.07380497733777232;0.06943979187498898;0.07307744642730843
2023-02-20 17:00:00;0.057942955662544496;0.0577180319245773;0.05790546837288329
2023-02-20 18:00:00;0.044386138216630115;0.044386138216630115;0.044386138216630115
2023-02-20 19:00:00;0.0388509153681357;0.0388509153681357;0.0388509153681357
2023-02-20 20:00:00;0.03182129659734796;0.03182129659734796;0.03182129659734796
2023-02-20 21:00:00;0.022629746892461576;0.022629746892461576;0.022629746892461576
2023-02-20 22:00:00;0.02484849353104481;0.02484849353104481;0.02484849353104481
2023-02-20 23:00:00;0.021108761586858267;0.021108761586858267;0.021108761586858267
2023-02-21 00:00:00;0.018390066889479053;0.018390066889479053;0.018390066889479053
2023-02-21 01:00:00;0.014974429828876794;0.014974429828876794;0.014974429828876794
2023-02-21 02:00:00;0.014352270397098429;0.014352270397098429;0.014352270397098429
2023-02-21 03:00:00;0.010946612347427265;0.010946612347427265;0.010946612347427265
2023-02-21 04:00:00;0.012759472136492546;0.012759472136492546;0.012759472136492546
2023-02-21 05:00:00;0.009171772397604538;0.009171772397604538;0.009171772397604538
2023-02-21 06:00:00;0.008994338120815175;0.008929436846558803;0.008983521241772445
2023-02-21 07:00:00;0.011351571471738821;0.008796896388383591;0.010925792291179617
2023-02-21 08:00:00;0.0344112477921819;0.027981818603215396;0.033339676260687484
2023-02-21 09:00:00;0.06212853292752188;0.05090740162116734;0.06025834437646279
2023-02-21 10:00:00;0.0916248579412815;0.07543302147711732;0.08892621853058748
2023-02-21 11:00:00;;;
2023-02-21 12:00:00;0.11415359744793543;0.09580655860415682;0.111095757640639
2023-02-21 13:00:00;0.12349431362247454;0.10272998161202625;0.12003359162073317
2023-02-21 14:00:00;0.10723316249825068;0.0925040877021985;0.10477831669890864
2023-02-21 15:00:00;0.07252047673915865;0.0656614366459795;0.07137730339029547
2023-02-21 16:00:00;0.0431134094528187;0.04092160383463835;0.0427481085164553
2023-02-21 17:00:00;0.032770818606657065;0.032645221400416015;0.03274988573895023
2023-02-21 18:00:00;0.016440264441081317;0.016440264441081317;0.016440264441081317
2023-02-21 19:00:00;0.011916260149623268;0.011916260149623268;0.011916260149623268
2023-02-21 20:00:00;0.013244470814313621;0.013244470814313621;0.013244470814313621
2023-02-21 21:00:00;0.010690569364027288;0.010690569364027288;0.010690569364027288
2023-02-21 22:00:00;0.011846480456685848;0.011846480456685848;0.011846480456685848
2023-02-21 23:00:00;0.01274523741676542;0.01274523741676542;0.01274523741676542
2023-02-22 00:00:00;0.008840526053264774;0.008840526053264774;0.008840526053264774
2023-02-22 01:00:00;0.008840425978640149;0.008840425978640149;0.008840425978640149
2023-02-22 02:00:00;0.010435474484686019;0.010435474484686019;0.010435474484686019
2023-02-22 03:00:00;0.023041671650408276;0.023041671650408276;0.023041671650408276
2023-02-22 04:00:00;0.023012991638275478;0.023012991638275478;0.023012991638275478
2023-02-22 05:00:00;0.02765112750563015;0.02765112750563015;0.02765112750563015
2023-02-22 06:00:00;0.024863168409313897;0.02478191942864055;0.02484962691253501
2023-02-22 07:00:00;0.023643204399556177;0.020519880187953424;0.023122650364289052
2023-02-22 08:00:00;0.047421458821429015;0.03924299523356828;0.04605838155678556
2023-02-22 09:00:00;0.08232812280670943;0.06853182218625328;0.08002873936996674
2023-02-22 10:00:00;0.10776020550376568;0.0885030318211314;0.10455067655665998
2023-02-22 11:00:00;;;
2023-02-22 12:00:00;0.17588904325287866;0.14008986803871382;0.16992251405051786
2023-02-22 13:00:00;0.13845244470834678;0.1161168190812957;0.1347298404371716
2023-02-22 14:00:00;0.129116656234832;0.10928958095259043;0.12581214368779176
2023-02-22 15:00:00;0.09645374550916265;0.08150651571134897;0.09396254054286038
2023-02-22 16:00:00;0.06288981592097355;0.05832156090875973;0.06212844008560458
2023-02-22 17:00:00;0.043607454875304055;0.04337639940433784;0.04356894563014302
2023-02-22 18:00:00;0.03488162120807356;0.03488162120807356;0.03488162120807356
2023-02-22 19:00:00;0.03337926539730124;0.03337926539730124;0.03337926539730124
2023-02-22 20:00:00;0.029838221944288708;0.029838221944288708;0.029838221944288708
2023-02-22 21:00:00;0.0200890652823927;0.0200890652823927;0.0200890652823927
2023-02-22 22:00:00;0.026915019104517695;0.026915019104517695;0.026915019104517695
2023-02-22 23:00:00;0.027362805888335996;0.027362805888335996;0.027362805888335996
2023-02-23 00:00:00;0.02633174358060509;0.02633174358060509;0.02633174358060509
2023-02-23 01:00:00;0.026025790550373292;0.026025790550373292;0.026025790550373292
2023-02-23 02:00:00;0.026034248607645985;0.026034248607645985;0.026034248607645985
2023-02-23 03:00:00;0.024723326607511843;0.024723326607511843;0.024723326607511843
2023-02-23 04:00:00;0.02539667865505022;0.02539667865505022;0.02539667865505022
2023-02-23 05:00:00;0.024601795526417367;0.024601795526417367;0.024601795526417367
2023-02-23 06:00:00;0.025397471874799977;0.025397471874799977;0.025397471874799977
2023-02-23 07:00:00;0.026541156120355767;0.025811986322317237;0.02641962782068268
2023-02-23 08:00:00;0.034385501084208896;0.0317109017160291;0.0339397345228456
2023-02-23 09:00:00;0.04866671903905136;0.043122478716389974;0.047742678985274456
2023-02-23 10:00:00;0.05708741995629729;0.04975472049740143;0.05586530337981466
2023-02-23 11:00:00;0.04985960979200555;0.04485668340236034;0.04902578872706467
2023-02-23 12:00:00;0.04736400424963162;0.04243793776648263;0.04654299316910679
2023-02-23 13:00:00;0.041064947349305346;0.03562278390519614;0.04015792010862048
2023-02-23 14:00:00;0.033315581384878126;0.028841691020577747;0.03256993299082807
2023-02-23 15:00:00;0.030994609604131747;0.026715088547774005;0.03028135609473879
2023-02-23 16:00:00;0.016835659331267166;0.015597526666402602;0.01662930388712307
2023-02-23 17:00:00;0.0127340889382828;0.012642919534434192;0.012718894037641365
2023-02-23 18:00:00;0.012533546706565438;0.012533546706565438;0.012533546706565438
2023-02-23 19:00:00;0.012361721674542256;0.012361721674542256;0.012361721674542256
2023-02-23 20:00:00;0.013012351839542212;0.013012351839542212;0.013012351839542212
2023-02-23 21:00:00;0.012790574422993212;0.012790574422993212;0.012790574422993212
2023-02-23 22:00:00;0.012537300220451856;0.012537300220451856;0.012537300220451856
2023-02-23 23:00:00;0.015645641107014795;0.015645641107014795;0.015645641107014795
2023-02-24 00:00:00;0.01253017088974113;0.01253017088974113;0.01253017088974113
2023-02-24 01:00:00;0.010477217480201795;0.010477217480201795;0.010477217480201795
2023-02-24 02:00:00;0.013203342960488612;0.013203342960488612;0.013203342960488612
2023-02-24 03:00:00;0.013091219493327056;0.013091219493327056;0.013091219493327056
2023-02-24 04:00:00;0.014624107750819295;0.014624107750819295;0.014624107750819295
2023-02-24 05:00:00;0.01323262000036426;0.01323262000036426;0.01323262000036426
2023-02-24 06:00:00;0.012081389789545323;0.011965439088818882;0.012062064672757583
2023-02-24 07:00:00;0.01498736260130768;0.014138228747089853;0.014845840292271376
2023-02-24 08:00:00;0.030265964608405766;0.026269182357121234;0.02959983423319168
2023-02-24 09:00:00;0.04683391265929804;0.04017429431059357;0.0457239762678473
2023-02-24 10:00:00;0.05354038391097599;0.0454949344821023;0.05219947567283038
2023-02-24 11:00:00;0.0704202145759863;0.05975705416781825;0.06864302117462495
2023-02-24 12:00:00;0.09268214345557439;0.07747050720751744;0.09014687074756489
2023-02-24 13:00:00;0.09404117779993362;0.07938422883852929;0.0915983529730329
2023-02-24 14:00:00;0.08131922476028496;0.06980651303770523;0.07940043947318834
2023-02-24 15:00:00;0.06216880139166287;0.05395625591412986;0.060800043812074045
2023-02-24 16:00:00;0.039231852889118804;0.03465387855287769;0.03846885716641195
2023-02-24 17:00:00;0.02844137505584102;0.02821489834859907;0.028403628937967364
2023-02-24 18:00:00;0.019286597283089506;0.019286597283089506;0.019286597283089506
2023-02-24 19:00:00;0.01565839066077575;0.01565839066077575;0.01565839066077575
2023-02-24 20:00:00;0.01057109047624422;0.01057109047624422;0.01057109047624422
2023-02-24 21:00:00;0.014457195734233123;0.014457195734233123;0.014457195734233123
2023-02-24 22:00:00;0.011120230109351406;0.011120230109351406;0.011120230109351406
2023-02-24 23:00:00;0.008407536507982979;0.008407536507982979;0.008407536507982979
2023-02-25 00:00:00;0.00714477762154244;0.00714477762154244;0.00714477762154244
2023-02-25 01:00:00;0.004788913944448292;0.004788913944448292;0.004788913944448292
2023-02-25 02:00:00;0.004717553467965917;0.004717553467965917;0.004717553467965917
2023-02-25 03:00:00;0.004019209807580739;0.004019209807580739;0.004019209807580739
2023-02-25 04:00:00;0.004662236318164751;0.004662236318164751;0.004662236318164751
2023-02-25 05:00:00;0.0031206433284811552;0.0031206433284811552;0.0031206433284811552
2023-02-25 06:00:00;0.0011200155991667078;0.0009787101850682808;0.0010964646968169701
2023-02-25 07:00:00;0.007469492893608199;0.005558558911157704;0.007151003896533116
2023-02-25 08:00:00;0.025899911404033856;0.019992898344627048;0.024915409227466056
2023-02-25 09:00:00;0.04668214405065457;0.036786500416807005;0.04503287011167999
2023-02-25 10:00:00;0.059088436700015054;0.047690860270777444;0.05718884062847546
2023-02-25 11:00:00;0.06723056292082685;0.056364852636287134;0.06541961120673691
2023-02-25 12:00:00;0.059748773098196296;0.05179809734089677;0.058423660471979715
2023-02-25 13:00:00;0.05570667440673593;0.04824225239846947;0.05446260407202485
2023-02-25 14:00:00;0.0516214117949523;0.044887017838492214;0.050499012802208955
2023-02-25 15:00:00;0.03897216090601092;0.034291999154071544;0.03819213394735436
2023-02-25 16:00:00;0.02692024978573061;0.02465331955590259;0.02654242808075927
2023-02-25 17:00:00;0.011679363027721013;0.011399730602034716;0.011632757623439965
2023-02-25 18:00:00;0.010300853590950343;0.010300853590950343;0.010300853590950343
2023-02-25 19:00:00;0.007775681838667908;0.007775681838667908;0.007775681838667908
2023-02-25 20:00:00;0.005591934489132168;0.005591934489132168;0.005591934489132168
2023-02-25 21:00:00;0.005206406241174123;0.005206406241174123;0.005206406241174123
2023-02-25 22:00:00;0.004751185111132888;0.004751185111132888;0.004751185111132888
2023-02-25 23:00:00;0.004951182523935324;0.004951182523935324;0.004951182523935324
2023-02-26 00:00:00;0.004468634052846221;0.004468634052846221;0.004468634052846221
2023-02-26 01:00:00;0.005202049606949951;0.005202049606949951;0.005202049606949951
2023-02-26 02:00:00;0.004956775199470622;0.004956775199470622;0.004956775199470622
2023-02-26 03:00:00;0.004757081367235617;0.004757081367235617;0.004757081367235617
2023-02-26 04:00:00;0.005222694696440031;0.005222694696440031;0.005222694696440031
2023-02-26 05:00:00;0.006148486276722401;0.006148486276722401;0.006148486276722401
2023-02-26 06:00:00;0.0063713662069611425;0.006295900465857425;0.006358788583443856
2023-02-26 07:00:00;0.008451709883570722;0.007549653359644289;0.008301367129582984
2023-02-26 08:00:00;0.017296261384034506;0.014395025461389835;0.01681272206359373
2023-02-26 09:00:00;0.03418827946238198;0.027590139865092213;0.033088589529500355
2023-02-26 10:00:00;0.05443833182504387;0.04447538417023568;0.05277784054924251
2023-02-26 11:00:00;0.064628349577105;0.05350351539479023;0.06277421054671922
2023-02-26 12:00:00;0.08755433297964868;0.07137516896417853;0.08485780564373699
2023-02-26 13:00:00;0.07808739542992191;0.06462031182934856;0.07584288149649301
2023-02-26 14:00:00;0.07118836020899263;0.05825891253172634;0.06903345226278158
2023-02-26 15:00:00;0.05035755193598266;0.04174475181449525;0.0489220852490681
2023-02-26 16:00:00;0.02975884795996302;0.02374188072128545;0.028756020086850093
2023-02-26 17:00:00;0.0035747871068292705;0.0027967589573734413;0.0034451157485866327
2023-02-26 18:00:00;0.011213023269633512;0.011213023269633512;0.011213023269633512
2023-02-26 19:00:00;0.008609111541017983;0.008609111541017983;0.008609111541017983
2023-02-26 20:00:00;0.009370115304084043;0.009370115304084043;0.009370115304084043
2023-02-26 21:00:00;0.00937173023971274;0.00937173023971274;0.00937173023971274
2023-02-26 22:00:00;0.00954207619219143;0.00954207619219143;0.00954207619219143
2023-02-26 23:00:00;0.009199274848694837;0.009199274848694837;0.009199274848694837
2023-02-27 00:00:00;0.008837216929178687;0.008837216929178687;0.008837216929178687
2023-02-27 01:00:00;0.008407279488394552;0.008407279488394552;0.008407279488394552
2023-02-27 02:00:00;0.006671544605064297;0.006671544605064297;0.006671544605064297
2023-02-27 03:00:00;0.006431931396914452;0.006431931396914452;0.006431931396914452
2023-02-27 04:00:00;0.007690673281397696;0.007690673281397696;0.007690673281397696
2023-02-27 05:00:00;0.008259122196636208;0.008259122196636208;0.008259122196636208
2023-02-27 06:00:00;0.0038811501434410102;0.003675588580720323;0.003846889882987563
2023-02-27 07:00:00;0.0142702291687126;0.010960768609835725;0.013718652408899789
2023-02-27 08:00:00;0.0469637522481638;0.0384472717377699;0.04554433882976482
2023-02-27 09:00:00;0.08789826707982679;0.07050207795095505;0.08499890222501486
2023-02-27 10:00:00;0.11932565959785091;0.09752602979130573;0.11569238796342672
2023-02-27 11:00:00;0.14168171432426446;0.11591904929554077;0.1373879368194772
2023-02-27 12:00:00;0.18176169890667515;0.14551610942412962;0.1757207673262509
2023-02-27 13:00:00;0.16053957373078132;0.1302731115966878;0.15549516337509908
2023-02-27 14:00:00;0.12126721491908417;0.09968607682380269;0.11767035856987058
2023-02-27 15:00:00;0.07717751583212136;0.06278564188429808;0.07477887017415083
2023-02-27 16:00:00;0.03956065818301397;0.03579385235435641;0.03893285721157105
2023-02-27 17:00:00;0.016779401289695243;0.016345476905625777;0.016707080559017
2023-02-27 18:00:00;0.018153409673130966;0.018153409673130966;0.018153409673130966
2023-02-27 19:00:00;0.014562599453089848;0.014562599453089848;0.014562599453089848
2023-02-27 20:00:00;0.013870690977182031;0.013870690977182031;0.013870690977182031
2023-02-27 21:00:00;0.012771537842026984;0.012771537842026984;0.012771537842026984
2023-02-27 22:00:00;0.020454010723484913;0.020454010723484913;0.020454010723484913
2023-02-27 23:00:00;0.01990495328791782;0.01990495328791782;0.01990495328791782
2023-02-28 00:00:00;0.01393009243042977;0.01393009243042977;0.01393009243042977
2023-02-28 01:00:00;0.018811576273777258;0.018811576273777258;0.018811576273777258
2023-02-28 02:00:00;0.020960700744913033;0.020960700744913033;0.020960700744913033
2023-02-28 03:00:00;0.02200439550235506;0.02200439550235506;0.02200439550235506
2023-02-28 04:00:00;0.022469303866263956;0.022469303866263956;0.022469303866263956
2023-02-28 05:00:00;0.022517628915956718;0.022517628915956718;0.022517628915956718
2023-02-28 06:00:00;0.02178310648547829;0.02156975825765696;0.02174754844750807
2023-02-28 07:00:00;0.034854735643216846;0.0327261373842373;0.034499969266720255
2023-02-28 08:00:00;0.04801246492178752;0.043417173788994005;0.04724658306632194
2023-02-28 09:00:00;0.05736486439163014;0.05136450844272812;0.05636480506681314
2023-02-28 10:00:00;0.05592654379514007;0.04992973357615637;0.054927075425309446
2023-02-28 11:00:00;0.04784476946377555;0.04222932148121417;0.04690886146668199
2023-02-28 12:00:00;0.03979511202803581;0.03481145136298306;0.03896450191719368
2023-02-28 13:00:00;0.03757219064867296;0.03260214771613398;0.03674385015991647
2023-02-28 14:00:00;0.03456797299878239;0.029601422922831057;0.033740214652790514
2023-02-28 15:00:00;0.027429552170955312;0.023868440673721934;0.026836033588083084
2023-02-28 16:00:00;0.018542693684315582;0.01678930165945678;0.018250461680172452
2023-02-28 17:00:00;0.00870432945962269;0.008460856726161689;0.008663750670712523
2023-02-28 18:00:00;0.01239516399016511;0.01239516399016511;0.01239516399016511
2023-02-28 19:00:00;0.012465793741614141;0.012465793741614141;0.012465793741614141
2023-02-28 20:00:00;0.010810053605157152;0.010810053605157152;0.010810053605157152
2023-02-28 21:00:00;0.012653890040045126;0.012653890040045126;0.012653890040045126
2023-02-28 22:00:00;0.01130946658289327;0.01130946658289327;0.01130946658289327
2023-02-28 23:00:00;0.012552798635711201;0.012552798635711201;0.012552798635711201
2023-03-01 00:00:00;0.012400133138255831;0.012400133138255831;0.012400133138255831
2023-03-01 01:00:00;0.014355715921840803;0.014355715921840803;0.014355715921840803
2023-03-01 02:00:00;0.01789778086550886;0.01789778086550886;0.01789778086550886
2023-03-01 03:00:00;0.01358085913631589;0.01358085913631589;0.01358085913631589
2023-03-01 04:00:00;0.011690858195598241;0.011690858195598241;0.011690858195598241
2023-03-01 05:00:00;0.011248616275918865;0.011248616275918865;0.011248616275918865
2023-03-01 06:00:00;0.0008891219068434349;0.00021959187738485955;0.0007775335686003389
2023-03-01 07:00:00;0.025292049604524743;0.01852480914059786;0.024164176193870266
2023-03-01 08:00:00;0.0759553432176555;0.058740213208930726;0.07308615488286804
2023-03-01 09:00:00;0.14573260827637272;0.11457138781198241;0.14053907153230769
2023-03-01 10:00:00;0.19401227752692368;0.1539875113327316;0.18734148316122504
2023-03-01 11:00:00;0.22611606236676737;0.180530830848805;0.2185185237804403
2023-03-01 12:00:00;0.2234458243151054;0.18171492591563193;0.21649067458185986
2023-03-01 13:00:00;0.16789885715386865;0.14008727485952271;0.1632635934381443
2023-03-01 14:00:00;0.1155391393922599;0.0982757977796762;0.11266191579016265
2023-03-01 15:00:00;0.08154443357371051;0.07075987028240498;0.07974700635849294
2023-03-01 16:00:00;0.05590075153142616;0.05052195714249243;0.055004285799937214
2023-03-01 17:00:00;0.02010205740149611;0.01917267243432839;0.019947159906968156
2023-03-01 18:00:00;0.020738297346612023;0.020738297346612023;0.020738297346612023
2023-03-01 19:00:00;0.020069769110407792;0.020069769110407792;0.020069769110407792
2023-03-01 20:00:00;0.01567128408756918;0.01567128408756918;0.01567128408756918
2023-03-01 21:00:00;0.013534391207941601;0.013534391207941601;0.013534391207941601
2023-03-01 22:00:00;0.014474231362661528;0.014474231362661528;0.014474231362661528
2023-03-01 23:00:00;0.014471121350193268;0.014471121350193268;0.014471121350193268
2023-03-02 00:00:00;0.02102625837887296;0.02102625837887296;0.02102625837887296
2023-03-02 01:00:00;0.019718115861392202;0.019718115861392202;0.019718115861392202
2023-03-02 02:00:00;0.022455754902323273;0.022455754902323273;0.022455754902323273
2023-03-02 03:00:00;0.023965769292122314;0.023965769292122314;0.023965769292122314
2023-03-02 04:00:00;0.0229431018025317;0.0229431018025317;0.0229431018025317
2023-03-02 05:00:00;0.020347202225978942;0.020347202225978942;0.020347202225978942
2023-03-02 06:00:00;0.013671112000961428;0.013511286252436605;0.01364447437620729
2023-03-02 07:00:00;0.017434440933628535;0.016206786449146686;0.017229831852881558
2023-03-02 08:00:00;0.026470554500729965;0.02281187490006998;0.02586077456728663
2023-03-02 09:00:00;0.04183761570166863;0.034879406824700754;0.04067791422217398
2023-03-02 10:00:00;0.03572057865981237;0.030519624573015318;0.034853752978679514
2023-03-02 11:00:00;0.04969517672894336;0.04185113625640052;0.04838783665018622
2023-03-02 12:00:00;0.07629762195940465;0.06351747214093628;0.07416759698965993
2023-03-02 13:00:00;0.07348118341996758;0.060721470588552325;0.07135456461473172
2023-03-02 14:00:00;0.06424289942218629;0.0551927492226028;0.06273454105558905
2023-03-02 15:00:00;0.0569258613729652;0.04982844128921385;0.05574295802567331
2023-03-02 16:00:00;0.03977966734371933;0.036810049556114485;0.03928473104578519
2023-03-02 17:00:00;0.024956240555920554;0.024472886049419638;0.024875681471503732
2023-03-02 18:00:00;0.03736859818470959;0.03736859818470959;0.03736859818470959
2023-03-02 19:00:00;0.03449609824041369;0.03449609824041369;0.03449609824041369
2023-03-02 20:00:00;0.02654152945497454;0.02654152945497454;0.02654152945497454
2023-03-02 21:00:00;0.036779179842265614;0.036779179842265614;0.036779179842265614
2023-03-02 22:00:00;0.04029753111030222;0.04029753111030222;0.04029753111030222
2023-03-02 23:00:00;0.031765801516613186;0.031765801516613186;0.031765801516613186
2023-03-03 00:00:00;0.025834873089028796;0.025834873089028796;0.025834873089028796
2023-03-03 01:00:00;0.030053787760304675;0.030053787760304675;0.030053787760304675
2023-03-03 02:00:00;0.022861549155895534;0.022861549155895534;0.022861549155895534
2023-03-03 03:00:00;0.0229571723332427;0.0229571723332427;0.0229571723332427
2023-03-03 04:00:00;0.01781946972293192;0.01781946972293192;0.01781946972293192
2023-03-03 05:00:00;0.02172464175876483;0.02172464175876483;0.02172464175876483
2023-03-03 06:00:00;0.00981150298847927;0.009232332601053682;0.009714974590575005
2023-03-03 07:00:00;0.030458379255922974;0.024577434044089165;0.02947822172061735
2023-03-03 08:00:00;0.06359186570721302;0.05255936632030519;0.06175311580939504
2023-03-03 09:00:00;0.10643007704725162;0.08583184990737017;0.10299703919060473
2023-03-03 10:00:00;0.14003920304363235;0.11360939840072265;0.1356342356031474
2023-03-03 11:00:00;;;
2023-03-03 12:00:00;;;
2023-03-03 13:00:00;0.18047155761829162;0.14683934261410678;0.1748661884509275
2023-03-03 14:00:00;0.15150527796436294;0.12532560673789378;0.14714199942661807
2023-03-03 15:00:00;0.10185753244358922;0.08610745456348202;0.09923251946357135
2023-03-03 16:00:00;0.05776575493537965;0.050377183793212404;0.05653432641168511
2023-03-03 17:00:00;0.022576002300339935;0.021971343267132883;0.022475225794805424
2023-03-03 18:00:00;0.022862670618989986;0.022862670618989986;0.022862670618989986
2023-03-03 19:00:00;0.019437522092564306;0.019437522092564306;0.019437522092564306
2023-03-03 20:00:00;0.01258262150154102;0.01258262150154102;0.01258262150154102
2023-03-03 21:00:00;0.013389332810022159;0.013389332810022159;0.013389332810022159
2023-03-03 22:00:00;0.011631698938768326;0.011631698938768326;0.011631698938768326
2023-03-03 23:00:00;0.021270694131930192;0.021270694131930192;0.021270694131930192
2023-03-04 00:00:00;0.0167828063766437;0.0167828063766437;0.0167828063766437
2023-03-04 01:00:00;0.02717077322833613;0.02717077322833613;0.02717077322833613
2023-03-04 02:00:00;0.03004471255256043;0.03004471255256043;0.03004471255256043
2023-03-04 03:00:00;0.03191518582082619;0.03191518582082619;0.03191518582082619
2023-03-04 04:00:00;0.027269403824728724;0.027269403824728724;0.027269403824728724
2023-03-04 05:00:00;0.031219917057621664;0.031219917057621664;0.031219917057621664
2023-03-04 06:00:00;0.023610434730338276;0.02347179442468702;0.023587328012729735
2023-03-04 07:00:00;0.03126257229949161;0.029002454627034515;0.030885886020748758
2023-03-04 08:00:00;0.04768865497118078;0.04314707589947481;0.046931725125896454
2023-03-04 09:00:00;0.059422131439562015;0.05446574055126981;0.05859606629151331
2023-03-04 10:00:00;0.08408525571276068;0.07563622724380221;0.0826770843012676
2023-03-04 11:00:00;0.06769641373138911;0.056742687821058596;0.06587079274633403
2023-03-04 12:00:00;0.07154308697691511;0.059820440586180884;0.0695893125784594
2023-03-04 13:00:00;0.09704417967400743;0.0800952185940767;0.09421935282735232
2023-03-04 14:00:00;0.09691816858064844;0.08020440674138385;0.09413254160743768
2023-03-04 15:00:00;0.07017802608571022;0.060241235925406526;0.06852189439232627
2023-03-04 16:00:00;0.04084425678925305;0.0352701305401295;0.03991523574773246
2023-03-04 17:00:00;0.019770114085891535;0.019117686262993205;0.01966137611540848
2023-03-04 18:00:00;0.023492862484739703;0.023492862484739703;0.023492862484739703
2023-03-04 19:00:00;0.017894521093774145;0.017894521093774145;0.017894521093774145
2023-03-04 20:00:00;0.014424362440566897;0.014424362440566897;0.014424362440566897
2023-03-04 21:00:00;0.016555436736259935;0.016555436736259935;0.016555436736259935
2023-03-04 22:00:00;0.012968190911327079;0.012968190911327079;0.012968190911327079
2023-03-04 23:00:00;0.013666355427053781;0.013666355427053781;0.013666355427053781
2023-03-05 00:00:00;0.010986438026976983;0.010986438026976983;0.010986438026976983
2023-03-05 01:00:00;0.010829174275128958;0.010829174275128958;0.010829174275128958
2023-03-05 02:00:00;0.010682347815443263;0.010682347815443263;0.010682347815443263
2023-03-05 03:00:00;0.009493978219690485;0.009493978219690485;0.009493978219690485
2023-03-05 04:00:00;0.010834578685135727;0.010834578685135727;0.010834578685135727
2023-03-05 05:00:00;0.010530457235574898;0.010530457235574898;0.010530457235574898
2023-03-05 06:00:00;-0.008920265335925267;-0.010227521554284809;-0.009138141372318524
2023-03-05 07:00:00;0.025131481751524336;0.01912400112695909;0.02413023498076347
2023-03-05 08:00:00;0.07604557627970139;0.05855210049276128;0.07312999698187804
2023-03-05 09:00:00;0.13244393689201342;0.10390517105796518;0.12768747591967208
2023-03-05 10:00:00;0.19961222526223868;0.15992859923298705;0.19299828759069676
2023-03-05 11:00:00;0.20573696063492022;0.167730011640242;0.19940246913580725
2023-03-05 12:00:00;0.22139404475106808;0.18126442434659779;0.21470577468365637
2023-03-05 13:00:00;;;
2023-03-05 14:00:00;0.16165953175093323;0.13290703874220552;0.15686744958281193
2023-03-05 15:00:00;0.1047007897410472;0.08923852292332925;0.10212374527142751
2023-03-05 16:00:00;0.12862548248393119;0.11888314596683652;0.12700175973108208
2023-03-05 17:00:00;0.0824994606094129;0.080422831158904;0.08215335570099475
2023-03-05 18:00:00;0.091456469572267;0.091456469572267;0.091456469572267
2023-03-05 19:00:00;0.07671413185867855;0.07671413185867855;0.07671413185867855
2023-03-05 20:00:00;0.08060654445092252;0.08060654445092252;0.08060654445092252
2023-03-05 21:00:00;0.08106507448768084;0.08106507448768084;0.08106507448768084
2023-03-05 22:00:00;0.08187577831973483;0.08187577831973483;0.08187577831973483
2023-03-05 23:00:00;0.0736278644299129;0.0736278644299129;0.0736278644299129
2023-03-06 00:00:00;0.06498430812207175;0.06498430812207175;0.06498430812207175
2023-03-06 01:00:00;0.05708778872327889;0.05708778872327889;0.05708778872327889
2023-03-06 02:00:00;0.06559966639332336;0.06559966639332336;0.06559966639332336
2023-03-06 03:00:00;0.06903312508909741;0.06903312508909741;0.06903312508909741
2023-03-06 04:00:00;0.0695743122076221;0.0695743122076221;0.0695743122076221
2023-03-06 05:00:00;0.0631405888742019;0.0631405888742019;0.0631405888742019
2023-03-06 06:00:00;0.04729325982082704;0.04637778706907456;0.04714068102886829
2023-03-06 07:00:00;0.07610841582484391;0.06911548509177703;0.07494292736933278
2023-03-06 08:00:00;0.11941160738383748;0.107889997239467;0.1174913390264424
2023-03-06 09:00:00;0.1629316066502176;0.14310982850458487;0.15962797695927883
2023-03-06 10:00:00;0.19885754934831112;0.17370350208143445;0.194665208137165
2023-03-06 11:00:00;;;
2023-03-06 12:00:00;0.2631851434261731;0.23075309571067673;0.2577798021402571
2023-03-06 13:00:00;;;
2023-03-06 14:00:00;;;
2023-03-06 15:00:00;;;
2023-03-06 16:00:00;0.13946517100642014;0.13266403780428224;0.13833164880606383
2023-03-06 17:00:00;0.08223459516763272;0.07978602762243783;0.08182650057676692
2023-03-06 18:00:00;0.09372104152467646;0.09372104152467646;0.09372104152467646
2023-03-06 19:00:00;0.08468270774850128;0.08468270774850128;0.08468270774850128
2023-03-06 20:00:00;0.07160576987238723;0.07160576987238723;0.07160576987238723
2023-03-06 21:00:00;0.06662213067342117;0.06662213067342117;0.06662213067342117
2023-03-06 22:00:00;0.06347058738644437;0.06347058738644437;0.06347058738644437
2023-03-06 23:00:00;0.0561199522759199;0.0561199522759199;0.0561199522759199
2023-03-07 00:00:00;0.052173231676571674;0.052173231676571674;0.052173231676571674
2023-03-07 01:00:00;0.04579395341780374;0.04579395341780374;0.04579395341780374
2023-03-07 02:00:00;0.029132734230999942;0.029132734230999942;0.029132734230999942
2023-03-07 03:00:00;0.040796387936714223;0.040796387936714223;0.040796387936714223
2023-03-07 04:00:00;0.04509711522752726;0.04509711522752726;0.04509711522752726
2023-03-07 05:00:00;0.040066926221963645;0.040066926221963645;0.040066926221963645
2023-03-07 06:00:00;0.018891011102339837;0.01840447971756586;0.01880992253821084
2023-03-07 07:00:00;0.0352728634033859;0.0317198854155266;0.034680700405409354
2023-03-07 08:00:00;0.05225064512275527;0.044454865482710694;0.05095134851608117
2023-03-07 09:00:00;0.08916795759312954;0.07577847784463011;0.08693637763504629
2023-03-07 10:00:00;0.09835893441942826;0.08451273710044858;0.09605123486626499
2023-03-07 11:00:00;0.10632599676327953;0.09144608079774788;0.10384601076902426
2023-03-07 12:00:00;0.10897120654372448;0.09434994676139116;0.10653432991333561
2023-03-07 13:00:00;0.11577623938212783;0.10022953615930498;0.11318512217832402
2023-03-07 14:00:00;0.11158997385042882;0.09674540582590128;0.10911587917967423
2023-03-07 15:00:00;0.08192627514530006;0.07327177958136362;0.08048385921797732
2023-03-07 16:00:00;0.0632729876406626;0.057667968640116106;0.062338817807238184
2023-03-07 17:00:00;0.04584327656336185;0.0451989570432578;0.045735889976677845
2023-03-07 18:00:00;0.04463649870706339;0.04463649870706339;0.04463649870706339
2023-03-07 19:00:00;0.04657359614233945;0.04657359614233945;0.04657359614233945
2023-03-07 20:00:00;0.040187298867096446;0.040187298867096446;0.040187298867096446
2023-03-07 21:00:00;0.037388918535914785;0.037388918535914785;0.037388918535914785
2023-03-07 22:00:00;0.03626964277020298;0.03626964277020298;0.03626964277020298
2023-03-07 23:00:00;0.03772730959625794;0.03772730959625794;0.03772730959625794
2023-03-08 00:00:00;0.034454429350645174;0.034454429350645174;0.034454429350645174
2023-03-08 01:00:00;0.03567526626520949;0.03567526626520949;0.03567526626520949
2023-03-08 02:00:00;0.033581517685008215;0.033581517685008215;0.033581517685008215
2023-03-08 03:00:00;0.032519670231030265;0.032519670231030265;0.032519670231030265
2023-03-08 04:00:00;0.029125999944110116;0.029125999944110116;0.029125999944110116
2023-03-08 05:00:00;0.028352289068967976;0.028352289068967976;0.028352289068967976
2023-03-08 06:00:00;0.025954735995459225;0.02543919708240763;0.025868812843283958
2023-03-08 07:00:00;0.03633042691774707;0.03319148762857178;0.03580727036955119
2023-03-08 08:00:00;0.06496716330335511;0.054402170977559935;0.06320633124905592
2023-03-08 09:00:00;0.09674367928792067;0.08353186185641114;0.09454170971600241
2023-03-08 10:00:00;0.12264630477022759;0.10503093471715663;0.11971040976138242
2023-03-08 11:00:00;0.13696368769587108;0.1174270932593702;0.13370758862312093
2023-03-08 12:00:00;0.1569666546621879;0.13203386788920538;0.15281119020002415
2023-03-08 13:00:00;0.17988526744683006;0.1486786356343798;0.17468416214475505
2023-03-08 14:00:00;0.1531485113922207;0.13117242125182624;0.14948582970215493
2023-03-08 15:00:00;0.12472601841965368;0.10826170255382249;0.12198196577534848
2023-03-08 16:00:00;0.09089176304017076;0.07989781156327579;0.08905943779402162
2023-03-08 17:00:00;0.04621854714851424;0.04477375075667038;0.0459777477498736
2023-03-08 18:00:00;0.05172704918800985;0.05172704918800985;0.05172704918800985
2023-03-08 19:00:00;0.05242998027960246;0.05242998027960246;0.05242998027960246
2023-03-08 20:00:00;0.045334405906122435;0.045334405906122435;0.045334405906122435
2023-03-08 21:00:00;0.04174825223540054;0.04174825223540054;0.04174825223540054
2023-03-08 22:00:00;0.041481796795981886;0.041481796795981886;0.041481796795981886
2023-03-08 23:00:00;0.03453083994908114;0.03453083994908114;0.03453083994908114
2023-03-09 00:00:00;0.03548880755263507;0.03548880755263507;0.03548880755263507
2023-03-09 01:00:00;0.03441103138335999;0.03441103138335999;0.03441103138335999
2023-03-09 02:00:00;0.0318998546245206;0.0318998546245206;0.0318998546245206
2023-03-09 03:00:00;0.029561436942764086;0.029561436942764086;0.029561436942764086
2023-03-09 04:00:00;0.026600443795583927;0.026600443795583927;0.026600443795583927
2023-03-09 05:00:00;0.025394812859511257;0.025394812859511257;0.025394812859511257
2023-03-09 06:00:00;0.01793472128177779;0.016815310653295813;0.017748152843697462
2023-03-09 07:00:00;0.040452368475824646;0.03444127192731948;0.03945051905107379
2023-03-09 08:00:00;0.0833475734459491;0.06963906719417003;0.08106282240398595
2023-03-09 09:00:00;0.11220020623873764;0.09545522605788057;0.10940937620859481
2023-03-09 10:00:00;0.12645432485022468;0.10682492487200906;0.12318275818718875
2023-03-09 11:00:00;0.21579910408738195;0.17749651769463567;0.2094153396885909
2023-03-09 12:00:00;0.2525193896578075;0.20687773150095887;0.24491244663166606
2023-03-09 13:00:00;0.25404813411058186;0.20857737514336958;0.24646967428271316
2023-03-09 14:00:00;0.23414041851777187;0.19022613616422238;0.22682137145884693
2023-03-09 15:00:00;0.17846908895576002;0.14387684943239742;0.17270371570186624
2023-03-09 16:00:00;0.10805912950777752;0.09210877335463984;0.10540073681558793
2023-03-09 17:00:00;0.04337131348998529;0.041376777869890656;0.04303889088663619
2023-03-09 18:00:00;0.04845517459731984;0.04845517459731984;0.04845517459731984
2023-03-09 19:00:00;0.033335976877221375;0.033335976877221375;0.033335976877221375
2023-03-09 20:00:00;0.02434397847294732;0.02434397847294732;0.02434397847294732
2023-03-09 21:00:00;0.04556157356439329;0.04556157356439329;0.04556157356439329
2023-03-09 22:00:00;0.0524292063477221;0.0524292063477221;0.0524292063477221
2023-03-09 23:00:00;0.04199702847943376;0.04199702847943376;0.04199702847943376
2023-03-10 00:00:00;0.030674773410534407;0.030674773410534407;0.030674773410534407
2023-03-10 01:00:00;0.03812325728602853;0.03812325728602853;0.03812325728602853
2023-03-10 02:00:00;0.03461172164424994;0.03461172164424994;0.03461172164424994
2023-03-10 03:00:00;0.03491808213507277;0.03491808213507277;0.03491808213507277
2023-03-10 04:00:00;0.03097869953636181;0.03097869953636181;0.03097869953636181
2023-03-10 05:00:00;0.029522096899513097;0.029522096899513097;0.029522096899513097
2023-03-10 06:00:00;0.023737242225549255;0.022879405431427927;0.023594269426529035
2023-03-10 07:00:00;0.037581018510436326;0.03348725846178791;0.03689872516899492
2023-03-10 08:00:00;0.07343181279042897;0.062315091284329646;0.07157902587274576
2023-03-10 09:00:00;0.10854837127337912;0.09083218545990886;0.10559567363780076
2023-03-10 10:00:00;0.14259580038654032;0.1190090102378872;0.13866466869509814
2023-03-10 11:00:00;;;
2023-03-10 12:00:00;;;
2023-03-10 13:00:00;0.22869069889886123;0.18928325049016123;0.2221227908307446
2023-03-10 14:00:00;0.20015845499987484;0.16747032078496993;0.19471043263072407
2023-03-10 15:00:00;0.16489429537552536;0.13737819248976696;0.16030827822789895
2023-03-10 16:00:00;0.1000810855283444;0.08464542382810376;0.09750847524497096
2023-03-10 17:00:00;0.04997066604625616;0.04810706844020964;0.04966006644524841
2023-03-10 18:00:00;0.0360555951810718;0.0360555951810718;0.0360555951810718
2023-03-10 19:00:00;0.02398548799643739;0.02398548799643739;0.02398548799643739
2023-03-10 20:00:00;0.03793490346435942;0.03793490346435942;0.03793490346435942
2023-03-10 21:00:00;0.03059598782994445;0.03059598782994445;0.03059598782994445
2023-03-10 22:00:00;0.03176106292797495;0.03176106292797495;0.03176106292797495
2023-03-10 23:00:00;0.02956355476036099;0.02956355476036099;0.02956355476036099
2023-03-11 00:00:00;0.026120744219920212;0.026120744219920212;0.026120744219920212
2023-03-11 01:00:00;0.027831417573137143;0.027831417573137143;0.027831417573137143
2023-03-11 02:00:00;0.022100566349513122;0.022100566349513122;0.022100566349513122
2023-03-11 03:00:00;0.021334808252980918;0.021334808252980918;0.021334808252980918
2023-03-11 04:00:00;0.020555424588171816;0.020555424588171816;0.020555424588171816
2023-03-11 05:00:00;0.0225101890469742;0.0225101890469742;0.0225101890469742
2023-03-11 06:00:00;0.014172564907101188;0.012556102132938502;0.01390315444474074
2023-03-11 07:00:00;0.04396262700982087;0.036776950312205806;0.042765014226885036
2023-03-11 08:00:00;0.09116471584765852;0.07504470149726772;0.08847804678926006
2023-03-11 09:00:00;0.15904872735341602;0.1286659374670747;0.15398492903902578
2023-03-11 10:00:00;0.20357043214128695;0.167370464057489;0.19753710412732065
2023-03-11 11:00:00;0.26705226243365554;0.2175259329333525;0.25879787418360506
2023-03-11 12:00:00;0.2642735720639577;0.220268077649932;0.2569393229949534
2023-03-11 13:00:00;0.2811781771772632;0.2321062584534191;0.27299952405662253
2023-03-11 14:00:00;0.25762994969961933;0.20972639335066454;0.2496460236414602
2023-03-11 15:00:00;0.1934019927134354;0.15484842836772397;0.18697639865581683
2023-03-11 16:00:00;0.1367804002279835;0.11922308299646563;0.1338541806893972
2023-03-11 17:00:00;0.07155381145463979;0.06901589993659427;0.07113082620163219
2023-03-11 18:00:00;0.06107184012376469;0.06107184012376469;0.06107184012376469
2023-03-11 19:00:00;0.053932159637296695;0.053932159637296695;0.053932159637296695
2023-03-11 20:00:00;0.05307603957119861;0.05307603957119861;0.05307603957119861
2023-03-11 21:00:00;0.03921469594882123;0.03921469594882123;0.03921469594882123
2023-03-11 22:00:00;0.04712733730561415;0.04712733730561415;0.04712733730561415
2023-03-11 23:00:00;0.03591047372203021;0.03591047372203021;0.03591047372203021
2023-03-12 00:00:00;0.02592924215280129;0.02592924215280129;0.02592924215280129
2023-03-12 01:00:00;0.02045463278736676;0.02045463278736676;0.02045463278736676
2023-03-12 02:00:00;0.01801114590731965;0.01801114590731965;0.01801114590731965
2023-03-12 03:00:00;0.016682914769912155;0.016682914769912155;0.016682914769912155
2023-03-12 04:00:00;0.013151766792031708;0.013151766792031708;0.013151766792031708
2023-03-12 05:00:00;0.01210156868328147;0.01210156868328147;0.01210156868328147
2023-03-12 06:00:00;0.003979520940737326;0.001646389999876276;0.0035906657839271526
2023-03-12 07:00:00;0.05045102784534825;0.03780371542274096;0.048343142441580375
2023-03-12 08:00:00;0.12126074230985115;0.09439688448868262;0.11678343267298971
2023-03-12 09:00:00;0.19698279641703315;0.15668362436140698;0.19026626774109548
2023-03-12 10:00:00;0.24750460719142164;0.19965941912085416;0.23953040917966043
2023-03-12 11:00:00;;;
2023-03-12 12:00:00;;;
2023-03-12 13:00:00;0.31478403001287864;0.25203591705140654;0.3043260111859666
2023-03-12 14:00:00;0.2753791027210318;0.21734573738214388;0.2657068751645505
2023-03-12 15:00:00;0.17732251015832384;0.1375613937640858;0.17069565742595086
2023-03-12 16:00:00;0.09955148003503837;0.0838747365700593;0.09693868945754186
2023-03-12 17:00:00;0.044495021979725956;0.04153041773276388;0.044000921271898946
2023-03-12 18:00:00;0.04325553652725898;0.04325553652725898;0.04325553652725898
2023-03-12 19:00:00;0.031820799261450164;0.031820799261450164;0.031820799261450164
2023-03-12 20:00:00;0.023414799145337322;0.023414799145337322;0.023414799145337322
2023-03-12 21:00:00;0.02273835696244715;0.02273835696244715;0.02273835696244715
2023-03-12 22:00:00;0.01990300315701834;0.01990300315701834;0.01990300315701834
2023-03-12 23:00:00;0.018841861002413984;0.018841861002413984;0.018841861002413984
2023-03-13 00:00:00;0.027199025232269514;0.027199025232269514;0.027199025232269514
2023-03-13 01:00:00;0.03144873041217509;0.03144873041217509;0.03144873041217509
2023-03-13 02:00:00;0.027214606744613137;0.027214606744613137;0.027214606744613137
2023-03-13 03:00:00;0.025729284542203256;0.025729284542203256;0.025729284542203256
2023-03-13 04:00:00;0.02663551302693007;0.02663551302693007;0.02663551302693007
2023-03-13 05:00:00;0.023305060586804982;0.023305060586804982;0.023305060586804982
2023-03-13 06:00:00;0.021320131491389303;0.019992289035058;0.021098824415334085
2023-03-13 07:00:00;0.03956627954032985;0.034118432866406714;0.038658305094676
2023-03-13 08:00:00;0.06396859800569517;0.05468321083785457;0.06242103347772173
2023-03-13 09:00:00;0.08942881012853279;0.0754027121665529;0.08709112713486948
2023-03-13 10:00:00;0.14037683276050172;0.11472360115039071;0.13610129415881658
2023-03-13 11:00:00;0.18179955923763405;0.1501953809448201;0.17653219618883173
2023-03-13 12:00:00;0.15286511084741328;0.1292069485655348;0.1489220838004335
2023-03-13 13:00:00;0.11263158804867429;0.0985429202971541;0.11028347675675428
2023-03-13 14:00:00;0.0886960052863566;0.07544550525299168;0.08648758861412911
2023-03-13 15:00:00;0.06495312748718735;0.054130525876822023;0.06314936055212646
2023-03-13 16:00:00;0.03616855192470439;0.030455607484316277;0.035216394517973044
2023-03-13 17:00:00;0.014562488977406933;0.013377641124322699;0.014365014335226228
2023-03-13 18:00:00;0.01708327348988068;0.01708327348988068;0.01708327348988068
2023-03-13 19:00:00;0.014526333337209625;0.014526333337209625;0.014526333337209625
2023-03-13 20:00:00;0.01524045276384189;0.01524045276384189;0.01524045276384189
2023-03-13 21:00:00;0.013818662471149327;0.013818662471149327;0.013818662471149327
2023-03-13 22:00:00;0.014866184853953496;0.014866184853953496;0.014866184853953496
2023-03-13 23:00:00;0.013825549387238682;0.013825549387238682;0.013825549387238682
2023-03-14 00:00:00;0.015422130014687027;0.015422130014687027;0.015422130014687027
2023-03-14 01:00:00;0.01467419373759684;0.01467419373759684;0.01467419373759684
2023-03-14 02:00:00;0.01903686217785925;0.01903686217785925;0.01903686217785925
2023-03-14 03:00:00;0.02308162148284122;0.02308162148284122;0.02308162148284122
2023-03-14 04:00:00;0.020954201962509616;0.020954201962509616;0.020954201962509616
2023-03-14 05:00:00;0.015430433761651447;0.015430433761651447;0.015430433761651447
2023-03-14 06:00:00;0.011489149510514777;0.010717375288000094;0.011360520473428995
2023-03-14 07:00:00;0.024690132132303626;0.02140127395325393;0.02414198910246201
2023-03-14 08:00:00;0.04839080661398844;0.040301760839925774;0.04704263231831133
2023-03-14 09:00:00;0.05995023900044333;0.05096369931892561;0.058452482386857046
2023-03-14 10:00:00;0.06630714856523721;0.05740932552316057;0.06482417805822445
2023-03-14 11:00:00;0.06635520080178293;0.055417401909415534;0.0645322343197217
2023-03-14 12:00:00;0.0744909392717681;0.06220389096840989;0.07244309788787508
2023-03-14 13:00:00;0.0705281693972427;0.060059508728066285;0.06878339261904663
2023-03-14 14:00:00;0.08096539694095653;0.06769978357707207;0.07875446138030913
2023-03-14 15:00:00;0.06488440345592685;0.054551062504993315;0.0631621799641046
2023-03-14 16:00:00;0.042002585175632386;0.036043181461263764;0.041009351223237615
2023-03-14 17:00:00;0.02673265494526666;0.025633714572267378;0.026549498216433445
2023-03-14 18:00:00;0.041635125840875545;0.041635125840875545;0.041635125840875545
2023-03-14 19:00:00;0.029841634776124434;0.029841634776124434;0.029841634776124434
2023-03-14 20:00:00;0.032747970027726156;0.032747970027726156;0.032747970027726156
2023-03-14 21:00:00;0.03899979948816946;0.03899979948816946;0.03899979948816946
2023-03-14 22:00:00;0.04515258625526951;0.04515258625526951;0.04515258625526951
2023-03-14 23:00:00;0.042438501670301325;0.042438501670301325;0.042438501670301325
2023-03-15 00:00:00;0.03841851127038013;0.03841851127038013;0.03841851127038013
2023-03-15 01:00:00;0.036020729297939036;0.036020729297939036;0.036020729297939036
2023-03-15 02:00:00;0.03778708564164973;0.03778708564164973;0.03778708564164973
2023-03-15 03:00:00;0.03833050560422489;0.03833050560422489;0.03833050560422489
2023-03-15 04:00:00;0.042954536858204176;0.042954536858204176;0.042954536858204176
2023-03-15 05:00:00;0.04080934784127461;0.04080934784127461;0.04080934784127461
2023-03-15 06:00:00;0.045516073514240724;0.04399527369653141;0.045262606877955844
2023-03-15 07:00:00;0.05881607711060923;0.05369123661911053;0.05796193702869278
2023-03-15 08:00:00;0.07124401425342256;0.06462297371829169;0.07014050749756742
2023-03-15 09:00:00;0.10533046143308798;0.09344088571923673;0.10334886548077947
2023-03-15 10:00:00;0.14375811436713384;0.12587441558299994;0.14077749790311153
2023-03-15 11:00:00;0.21723227069314063;0.1877199601961205;0.21231355227697063
2023-03-15 12:00:00;0.23923973666044138;0.2066015729682461;0.23380004271174218
2023-03-15 13:00:00;0.24797324410248142;0.21181522461809696;0.24194690752175066
2023-03-15 14:00:00;0.193588512895178;0.17473886865537766;0.19044690552187796
2023-03-15 15:00:00;0.21368164780361365;0.1884291445945367;0.20947289726876747
2023-03-15 16:00:00;0.17936104654607965;0.1628474725304202;0.1766087842101364
2023-03-15 17:00:00;0.09335269815827346;0.08940575182546;0.09269487376947122
2023-03-15 18:00:00;0.08152006806971808;0.08152006806971808;0.08152006806971808
2023-03-15 19:00:00;0.06913024903367439;0.06913024903367439;0.06913024903367439
2023-03-15 20:00:00;0.0303262301042853;0.0303262301042853;0.0303262301042853
2023-03-15 21:00:00;0.018460515079763807;0.018460515079763807;0.018460515079763807
2023-03-15 22:00:00;0.022067185562448865;0.022067185562448865;0.022067185562448865
2023-03-15 23:00:00;0.050171331801647956;0.050171331801647956;0.050171331801647956
2023-03-16 00:00:00;0.04454620178591801;0.04454620178591801;0.04454620178591801
2023-03-16 01:00:00;0.028691022671300755;0.028691022671300755;0.028691022671300755
2023-03-16 02:00:00;0.02600708807696267;0.02600708807696267;0.02600708807696267
2023-03-16 03:00:00;0.045715133719869995;0.045715133719869995;0.045715133719869995
2023-03-16 04:00:00;0.029369782372941574;0.029369782372941574;0.029369782372941574
2023-03-16 05:00:00;0.024295138579938497;0.024295138579938497;0.024295138579938497
2023-03-16 06:00:00;0.021492614247007213;0.01953793435542869;0.021166834265077462
2023-03-16 07:00:00;0.05412380033971814;0.04561201815575474;0.05270516997572425
2023-03-16 08:00:00;0.08823542923720311;0.07443325592407683;0.08593506701834874
2023-03-16 09:00:00;0.11859072387727222;0.09979814611525153;0.11545862758360212
2023-03-16 10:00:00;0.17715952716785863;0.14485492876300687;0.17177542743371665
2023-03-16 11:00:00;0.23743070433216917;0.1940917688350375;0.23020754841598057
2023-03-16 12:00:00;0.2416517733822176;0.20026167145860327;0.23475342306161523
2023-03-16 13:00:00;0.2248348783375967;0.19113103782266622;0.21921757158510827
2023-03-16 14:00:00;0.1659719314004335;0.14687927004812823;0.1627898211750493
2023-03-16 15:00:00;0.14095319286485763;0.12906022476270093;0.1389710315144982
2023-03-16 16:00:00;0.10261398246854923;0.09255557764636478;0.10093758166485184
2023-03-16 17:00:00;0.04709740222340729;0.04572188452475121;0.04686814927363129
2023-03-16 18:00:00;0.034809750247547164;0.034809750247547164;0.034809750247547164
2023-03-16 19:00:00;0.023531665245007858;0.023531665245007858;0.023531665245007858
2023-03-16 20:00:00;0.017516696646448348;0.017516696646448348;0.017516696646448348
2023-03-16 21:00:00;0.017617396864560896;0.017617396864560896;0.017617396864560896
2023-03-16 22:00:00;0.01568938231559845;0.01568938231559845;0.01568938231559845
2023-03-16 23:00:00;0.01375852518223557;0.01375852518223557;0.01375852518223557
2023-03-17 00:00:00;0.013749063028004185;0.013749063028004185;0.013749063028004185
2023-03-17 01:00:00;0.013930493167757895;0.013930493167757895;0.013930493167757895
2023-03-17 02:00:00;0.014132691485565473;0.014132691485565473;0.014132691485565473
2023-03-17 03:00:00;0.013442037301544935;0.013442037301544935;0.013442037301544935
2023-03-17 04:00:00;0.010935112526406377;0.010935112526406377;0.010935112526406377
2023-03-17 05:00:00;0.01135603184331617;0.01135603184331617;0.01135603184331617
2023-03-17 06:00:00;0.011673824797189628;0.010383220313360484;0.011458724049884772
2023-03-17 07:00:00;0.036021652147218294;0.02889231465293406;0.03483342923150426
2023-03-17 08:00:00;0.07794455147031187;0.0630009186099204;0.07545394599357998
2023-03-17 09:00:00;0.09639947299308253;0.08029112895759662;0.09371474898716821
2023-03-17 10:00:00;0.10102870391006863;0.08555592540739397;0.0984499074929562
2023-03-17 11:00:00;0.1231459499600844;0.1032748944492205;0.11983410737494044
2023-03-17 12:00:00;0.09442838680527037;0.08449512523152143;0.09277284320964556
2023-03-17 13:00:00;0.06537486238146667;0.0609437440091828;0.0646363426527527
2023-03-17 14:00:00;0.04514848000814058;0.04094228347702816;0.044447447252955186
2023-03-17 15:00:00;0.023263418902409023;0.021007864229310835;0.022887493123559328
2023-03-17 16:00:00;0.01950940845417461;0.017980195708910254;0.019254539663297217
2023-03-17 17:00:00;0.013092646908906283;0.012655542098009443;0.013019796107090142
2023-03-17 18:00:00;0.012600781582748301;0.012600781582748301;0.012600781582748301
2023-03-17 19:00:00;0.013511174230032877;0.013511174230032877;0.013511174230032877
2023-03-17 20:00:00;0.013594240353962722;0.013594240353962722;0.013594240353962722
2023-03-17 21:00:00;0.013764413190709965;0.013764413190709965;0.013764413190709965
2023-03-17 22:00:00;0.012635615375993347;0.012635615375993347;0.012635615375993347
2023-03-17 23:00:00;0.013485499387886977;0.013485499387886977;0.013485499387886977
2023-03-18 00:00:00;0.014892831239949037;0.014892831239949037;0.014892831239949037
2023-03-18 01:00:00;0.013950009097863477;0.013950009097863477;0.013950009097863477
2023-03-18 02:00:00;0.014519460754661847;0.014519460754661847;0.014519460754661847
2023-03-18 03:00:00;0.011979208987316758;0.011979208987316758;0.011979208987316758
2023-03-18 04:00:00;0.021808189362370795;0.021808189362370795;0.021808189362370795
2023-03-18 05:00:00;0.02021193256335616;0.02021193256335616;0.02021193256335616
2023-03-18 06:00:00;0.02642712786957764;0.025555328835805753;0.026281828030615663
2023-03-18 07:00:00;0.05312349956800612;0.04905559807290531;0.052445515985489306
2023-03-18 08:00:00;0.07274850756912007;0.06768933133634523;0.07190531153032426
2023-03-18 09:00:00;0.1237997252189646;0.110066828894484;0.1215109091648845
2023-03-18 10:00:00;0.2308315752885713;0.19264231512935853;0.22446669859536922
2023-03-18 11:00:00;0.2194045396484237;0.18374921877310138;0.21346198616920334
2023-03-18 12:00:00;0.30356027989719886;0.24809183625869546;0.2943155392907817
2023-03-18 13:00:00;0.23090413729172365;0.1922226560637413;0.2244572237537266
2023-03-18 14:00:00;0.20299777098949842;0.17381914066641196;0.1981346659356507
2023-03-18 15:00:00;0.16439771032259398;0.1399839105200122;0.16032874368883038
2023-03-18 16:00:00;0.09420101323699588;0.08791879837153711;0.0931539774260861
2023-03-18 17:00:00;0.054861424109990585;0.052074413521351906;0.05439692234521747
2023-03-18 18:00:00;0.048157938673698594;0.048157938673698594;0.048157938673698594
2023-03-18 19:00:00;0.035169875676231484;0.035169875676231484;0.035169875676231484
2023-03-18 20:00:00;0.03337766857359968;0.03337766857359968;0.03337766857359968
2023-03-18 21:00:00;0.04352394845028941;0.04352394845028941;0.04352394845028941
2023-03-18 22:00:00;0.043309638124113786;0.043309638124113786;0.043309638124113786
2023-03-18 23:00:00;0.030432248020873125;0.030432248020873125;0.030432248020873125
2023-03-19 00:00:00;0.029207917741009684;0.029207917741009684;0.029207917741009684
2023-03-19 01:00:00;0.03687383752116848;0.03687383752116848;0.03687383752116848
2023-03-19 02:00:00;0.04201443537399395;0.04201443537399395;0.04201443537399395
2023-03-19 03:00:00;0.03632783794693205;0.03632783794693205;0.03632783794693205
2023-03-19 04:00:00;0.022714174358724797;0.022714174358724797;0.022714174358724797
2023-03-19 05:00:00;0.025912067102594617;0.025912067102594617;0.025912067102594617
2023-03-19 06:00:00;0.029864905658245757;0.026611179098728815;0.029322617898326266
2023-03-19 07:00:00;0.07085840264409328;0.059813004632858956;0.06901750297555423
2023-03-19 08:00:00;0.10076042575704913;0.08607757422711972;0.09831328383539424
2023-03-19 09:00:00;0.1500255647123871;0.12582556034737877;0.1459922306515524
2023-03-19 10:00:00;0.14611787990809155;0.1253308632730061;0.14265337713557735
2023-03-19 11:00:00;0.19754175126158702;0.16681580708932633;0.19242076056621024
2023-03-19 12:00:00;0.1646889197595854;0.14190301996271218;0.16089126979343987
2023-03-19 13:00:00;0.1957359208510617;0.1648297667433285;0.1905848951664395
2023-03-19 14:00:00;0.13675842505306499;0.11874003503740778;0.13375536005045546
2023-03-19 15:00:00;0.10073831899617314;0.0927862575854968;0.09941297542772708
2023-03-19 16:00:00;0.08482575065900286;0.07561121460193922;0.08328999464949224
2023-03-19 17:00:00;0.04798015008013758;0.047008299701811085;0.047818175017083166
2023-03-19 18:00:00;0.049825561737861755;0.049825561737861755;0.049825561737861755
2023-03-19 19:00:00;0.04582259942876688;0.04582259942876688;0.04582259942876688
2023-03-19 20:00:00;0.033599675219125165;0.033599675219125165;0.033599675219125165
2023-03-19 21:00:00;0.028882579340675625;0.028882579340675625;0.028882579340675625
2023-03-19 22:00:00;0.02735830124433441;0.02735830124433441;0.02735830124433441
2023-03-19 23:00:00;0.020648552932432732;0.020648552932432732;0.020648552932432732
2023-03-20 00:00:00;0.01659008238801817;0.01659008238801817;0.01659008238801817
2023-03-20 01:00:00;0.019346943503467898;0.019346943503467898;0.019346943503467898
2023-03-20 02:00:00;0.01697930741438055;0.01697930741438055;0.01697930741438055
2023-03-20 03:00:00;0.00974553037506347;0.00974553037506347;0.00974553037506347
2023-03-20 04:00:00;0.0133284750806614;0.0133284750806614;0.0133284750806614
2023-03-20 05:00:00;0.010818863772366882;0.010818863772366882;0.010818863772366882
2023-03-20 06:00:00;0.011676055551347996;0.010246027269285852;0.01143771750433764
2023-03-20 07:00:00;0.046237575857091186;0.036582526072857544;0.04462840089305224
2023-03-20 08:00:00;0.11596993693966069;0.0902452073087632;0.1116824820011778
2023-03-20 09:00:00;0.17022645020563018;0.1361723779124703;0.16455077149010355
2023-03-20 10:00:00;0.1931938507532706;0.1597462354267132;0.1876192481988444
2023-03-20 11:00:00;0.22624295940851932;0.18754112524094224;0.21979265371392318
2023-03-20 12:00:00;0.16833817776637844;0.14355177294187996;0.1642071102956287
2023-03-20 13:00:00;0.13765722766358993;0.11929556007928614;0.13459694973287264
2023-03-20 14:00:00;0.19246582907644147;0.162881312333953;0.18753507628602675
2023-03-20 15:00:00;0.13261191922743704;0.11647323563305231;0.1299221386283729
2023-03-20 16:00:00;0.10298651477543831;0.09126981960050927;0.1010337322462835
2023-03-20 17:00:00;0.06582581012080121;0.06319199354589762;0.06538684069165061
2023-03-20 18:00:00;0.044430576959333126;0.044430576959333126;0.044430576959333126
2023-03-20 19:00:00;0.043078821944069895;0.043078821944069895;0.043078821944069895
2023-03-20 20:00:00;0.040767230072344195;0.040767230072344195;0.040767230072344195
2023-03-20 21:00:00;0.02793835702496656;0.02793835702496656;0.02793835702496656
2023-03-20 22:00:00;0.018806980646775658;0.018806980646775658;0.018806980646775658
2023-03-20 23:00:00;0.014349541429007084;0.014349541429007084;0.014349541429007084
2023-03-21 00:00:00;0.013819495652885075;0.013819495652885075;0.013819495652885075
2023-03-21 01:00:00;0.013684103953444902;0.013684103953444902;0.013684103953444902
2023-03-21 02:00:00;0.015103022669795062;0.015103022669795062;0.015103022669795062
2023-03-21 03:00:00;0.012701641463157913;0.012701641463157913;0.012701641463157913
2023-03-21 04:00:00;0.012799497627581887;0.012799497627581887;0.012799497627581887
2023-03-21 05:00:00;0.013757129941797928;0.013757129941797928;0.013757129941797928
2023-03-21 06:00:00;0.014600335991953164;0.01256803363474537;0.014261618932418531
2023-03-21 07:00:00;0.04485614226452953;0.03617588736638927;0.0434094331148395
2023-03-21 08:00:00;0.06294818756429951;0.05259484698484953;0.061222630801057845
2023-03-21 09:00:00;0.05270886543294629;0.04558104538342023;0.05152089542469195
2023-03-21 10:00:00;0.05838817615490247;0.05088831522066273;0.05713819933252919
2023-03-21 11:00:00;0.0954403440390837;0.08112866846077313;0.09305506477603194
2023-03-21 12:00:00;0.1409188962636479;0.11710120264992027;0.13694928066135997
2023-03-21 13:00:00;0.19723424445353974;0.16593897232618177;0.1920183657656468
2023-03-21 14:00:00;0.2316339101316596;0.19435569221177512;0.22542087381167888
2023-03-21 15:00:00;0.20147777572174486;0.17198986047251033;0.1965631231802058
2023-03-21 16:00:00;0.13672822463761194;0.12129044325570014;0.13415526107395997
2023-03-21 17:00:00;0.08484442310026062;0.08106700670289259;0.08421485370069928
2023-03-21 18:00:00;0.061276923374848545;0.061276923374848545;0.061276923374848545
2023-03-21 19:00:00;0.061971770417141366;0.061971770417141366;0.061971770417141366
2023-03-21 20:00:00;0.06999166960028223;0.06999166960028223;0.06999166960028223
2023-03-21 21:00:00;0.06555736798183717;0.06555736798183717;0.06555736798183717
2023-03-21 22:00:00;0.04980869464835102;0.04980869464835102;0.04980869464835102
2023-03-21 23:00:00;0.037810049204265124;0.037810049204265124;0.037810049204265124
2023-03-22 00:00:00;0.044174993860413736;0.044174993860413736;0.044174993860413736
2023-03-22 01:00:00;0.03198780956537047;0.03198780956537047;0.03198780956537047
2023-03-22 02:00:00;0.025914123193744466;0.025914123193744466;0.025914123193744466
2023-03-22 03:00:00;0.02178569854420336;0.02178569854420336;0.02178569854420336
2023-03-22 04:00:00;0.015219709920978113;0.015219709920978113;0.015219709920978113
2023-03-22 05:00:00;0.016055798982707127;0.015918634645764797;0.016032938259883403
2023-03-22 06:00:00;0.01909361369585523;0.015425964919278383;0.018482338899759088
2023-03-22 07:00:00;0.06108921308066562;0.04954805306200206;0.059165686410888374
2023-03-22 08:00:00;0.10342703811255981;0.08490685155478386;0.1003403403529305
2023-03-22 09:00:00;0.1855964806095471;0.14693169393703043;0.17915234949746098
2023-03-22 10:00:00;0.20989887783514088;0.16918821102439616;0.2031137667000168
2023-03-22 11:00:00;;;
2023-03-22 12:00:00;0.27292676272019606;0.21925525873104085;0.2639815120553368
2023-03-22 13:00:00;0.2407084025195387;0.19710901591004135;0.2334418380846225
2023-03-22 14:00:00;0.21662419704188296;0.17823089552416937;0.2102253134555974
2023-03-22 15:00:00;0.17638797974261192;0.1451154167898303;0.17117588591714836
2023-03-22 16:00:00;0.10028735521193105;0.08334759802757144;0.09746406234787112
2023-03-22 17:00:00;0.05614699045539245;0.05341556415732697;0.055691752739048216
2023-03-22 18:00:00;0.04585171583153194;0.04585171583153194;0.04585171583153194
2023-03-22 19:00:00;0.04603794139115903;0.04603794139115903;0.04603794139115903
2023-03-22 20:00:00;0.044822245292411904;0.044822245292411904;0.044822245292411904
2023-03-22 21:00:00;0.04482166734776381;0.04482166734776381;0.04482166734776381
2023-03-22 22:00:00;0.05036629077141796;0.05036629077141796;0.05036629077141796
2023-03-22 23:00:00;0.05416645812100326;0.05416645812100326;0.05416645812100326
2023-03-23 00:00:00;0.054054381052120855;0.054054381052120855;0.054054381052120855
2023-03-23 01:00:00;0.04887950381421334;0.04887950381421334;0.04887950381421334
2023-03-23 02:00:00;0.047942267391297894;0.047942267391297894;0.047942267391297894
2023-03-23 03:00:00;0.037019203477968936;0.037019203477968936;0.037019203477968936
2023-03-23 04:00:00;0.03175420313630755;0.03175420313630755;0.03175420313630755
2023-03-23 05:00:00;0.022019587038962896;0.022019587038962896;0.022019587038962896
2023-03-23 06:00:00;0.021359537931674905;0.02080953700020175;0.021267871109762713
2023-03-23 07:00:00;0.02580488548685734;0.023037520361882863;0.02534365796602826
2023-03-23 08:00:00;0.042389592835122766;0.03607546402996046;0.04133723803426238
2023-03-23 09:00:00;0.042302013426717015;0.03639138407591289;0.041316908534916326
2023-03-23 10:00:00;0.04364445214516824;0.037612894215480974;0.042639192490220364
2023-03-23 11:00:00;0.06643708640711503;0.055309619579511506;0.06458250860251444
2023-03-23 12:00:00;0.052744153942405496;0.044700912830745045;0.051403613757128756
2023-03-23 13:00:00;0.03957124933328123;0.034185632552372745;0.03867364653646315
2023-03-23 14:00:00;0.039414089859389094;0.033772145398693706;0.038473765782606535
2023-03-23 15:00:00;0.037951811707072416;0.03228562862312943;0.037007447859748584
2023-03-23 16:00:00;0.03173456961357337;0.026804477552967117;0.030912887603472328
2023-03-23 17:00:00;0.016004163136090602;0.014649598723339912;0.015778402400632153
2023-03-23 18:00:00;0.015121617477835818;0.015121617477835818;0.015121617477835818
2023-03-23 19:00:00;0.014511452701544025;0.014511452701544025;0.014511452701544025
2023-03-23 20:00:00;0.012769333737186918;0.012769333737186918;0.012769333737186918
2023-03-23 21:00:00;0.011677083775761194;0.011677083775761194;0.011677083775761194
2023-03-23 22:00:00;0.012246730108492632;0.012246730108492632;0.012246730108492632
2023-03-23 23:00:00;0.010975216736963443;0.010975216736963443;0.010975216736963443
2023-03-24 00:00:00;0.013566317574774733;0.013566317574774733;0.013566317574774733
2023-03-24 01:00:00;0.014577820450460867;0.014577820450460867;0.014577820450460867
2023-03-24 02:00:00;0.040472550107407135;0.040472550107407135;0.040472550107407135
2023-03-24 03:00:00;0.04215870996072749;0.04215870996072749;0.04215870996072749
2023-03-24 04:00:00;0.034922641357819105;0.034922641357819105;0.034922641357819105
2023-03-24 05:00:00;0.03909748202905164;0.03892538168673761;0.03906879863866597
2023-03-24 06:00:00;0.05247981447804848;0.04551941478696947;0.05131974786286865
2023-03-24 07:00:00;0.08920750621052137;0.07797132586682759;0.0873348094865724
2023-03-24 08:00:00;0.09356484616407207;0.08268286490662047;0.09175118262116347
2023-03-24 09:00:00;0.14440326481941382;0.12318864943549496;0.1408674955887607
2023-03-24 10:00:00;;;
2023-03-24 11:00:00;0.26289410797160145;0.21596628131091924;0.2550728035281544
2023-03-24 12:00:00;0.24079693178997696;0.20252900826178888;0.23441894453527898
2023-03-24 13:00:00;0.29109873415602155;0.23798824509090485;0.2822469859785021
2023-03-24 14:00:00;0.24577642128664692;0.20879046946451454;0.23961209598295816
2023-03-24 15:00:00;0.20734503170554067;0.17523316350209042;0.2019930536716323
2023-03-24 16:00:00;0.14206795659451546;0.12263636801639462;0.138829358498162
2023-03-24 17:00:00;0.07690470305199684;0.07159561371753169;0.07601985482958598
2023-03-24 18:00:00;0.059909333424961984;0.059703558685000456;0.05987503763496839
2023-03-24 19:00:00;0.03694980119870008;0.03694980119870008;0.03694980119870008
2023-03-24 20:00:00;0.027233148092940942;0.027233148092940942;0.027233148092940942
2023-03-24 21:00:00;0.023269491925767105;0.023269491925767105;0.023269491925767105
2023-03-24 22:00:00;0.018617302219036094;0.018617302219036094;0.018617302219036094
2023-03-24 23:00:00;0.02649668978694819;0.02649668978694819;0.02649668978694819
2023-03-25 00:00:00;0.03196710409498804;0.03196710409498804;0.03196710409498804
2023-03-25 01:00:00;0.019272777702371836;0.019272777702371836;0.019272777702371836
2023-03-25 02:00:00;0.015110001789086263;0.015110001789086263;0.015110001789086263
2023-03-25 03:00:00;0.012230691411855767;0.012230691411855767;0.012230691411855767
2023-03-25 04:00:00;0.012729076786680145;0.012729076786680145;0.012729076786680145
2023-03-25 05:00:00;0.006022216003057112;0.0056744129727809576;0.0059642488313444205
2023-03-25 06:00:00;0.021263874593218084;0.01619920122217563;0.020419762364711012
2023-03-25 07:00:00;0.06415569700421513;0.05137103945403678;0.06202492074585207
2023-03-25 08:00:00;0.11474259621426061;0.0924068973402981;0.11101997973526687
2023-03-25 09:00:00;0.13716761249200857;0.11379652539864692;0.13327243130978164
2023-03-25 10:00:00;0.13900690547685715;0.11689195695593;0.1353210807233693
2023-03-25 11:00:00;0.12897726277333127;0.11164345875269079;0.12608829543655786
2023-03-25 12:00:00;0.13097251806693203;0.11459310971226083;0.12824261667448686
2023-03-25 13:00:00;0.10275424918105347;0.09273213197268461;0.101083896312992
2023-03-25 14:00:00;0.0827610568622917;0.0770916006877772;0.08181614749987262
2023-03-25 15:00:00;0.07510528836653083;0.07153755359216817;0.07451066590413706
2023-03-25 16:00:00;0.06028037664552353;0.05779747393728907;0.059866559527484445
2023-03-25 17:00:00;0.047714245394944815;0.047072409388565634;0.04760727272721495
2023-03-25 18:00:00;0.04366089990001149;0.04366089990001149;0.04366089990001149
2023-03-25 19:00:00;0.018914028190342356;0.018914028190342356;0.018914028190342356
2023-03-25 20:00:00;0.011851601439574921;0.011851601439574921;0.011851601439574921
2023-03-25 21:00:00;0.010583526516698943;0.010583526516698943;0.010583526516698943
2023-03-25 22:00:00;0.010053191243557141;0.010053191243557141;0.010053191243557141
2023-03-25 23:00:00;0.011884983092876644;0.011884983092876644;0.011884983092876644
2023-03-26 00:00:00;0.009778661205991454;0.009778661205991454;0.009778661205991454
2023-03-26 01:00:00;0.011958328910605099;0.011958328910605099;0.011958328910605099
2023-03-26 02:00:00;0.012589466360682243;0.012589466360682243;0.012589466360682243
2023-03-26 03:00:00;0.012313516104234125;0.012313516104234125;0.012313516104234125
2023-03-26 04:00:00;0.011741249606309736;0.011741249606309736;0.011741249606309736
2023-03-26 05:00:00;0.013480343352765314;0.013480343352765314;0.013480343352765314
2023-03-26 06:00:00;0.014923066005540137;0.013397475298156514;0.014668800887642866
2023-03-26 07:00:00;0.027849265534109862;0.02405169429975661;0.02721633699505099
2023-03-26 08:00:00;0.046494122597233914;0.039131996688523074;0.04526710161244878
2023-03-26 09:00:00;0.08882101507743043;0.07262566287588951;0.08612178971050695
2023-03-26 10:00:00;0.10607209194979246;0.08768542403779969;0.10300764729779367
2023-03-26 11:00:00;0.12007265710323471;0.09981895328489951;0.11669703980017884
2023-03-26 12:00:00;0.13483957299168622;0.11292514581145179;0.13118716846164713
2023-03-26 13:00:00;0.11836963388086603;0.09840996067499103;0.11504302167988688
2023-03-26 14:00:00;0.10544557120891743;0.08882608307386411;0.10267565651974188
2023-03-26 15:00:00;0.08304087986945864;0.06976091568571997;0.08082755250550219
2023-03-26 16:00:00;0.03681357106270497;0.03185983786936387;0.03598794886381479
2023-03-26 17:00:00;0.031018860698777996;0.029766006162706676;0.030810051609432777
2023-03-26 18:00:00;0.028793775668759982;0.028793775668759982;0.028793775668759982
2023-03-26 19:00:00;0.02721089979196886;0.02721089979196886;0.02721089979196886
2023-03-26 20:00:00;0.025621944581705396;0.025621944581705396;0.025621944581705396
2023-03-26 21:00:00;0.028158451888029273;0.028158451888029273;0.028158451888029273
2023-03-26 22:00:00;0.028084991057802437;0.028084991057802437;0.028084991057802437
2023-03-26 23:00:00;0.028066065865647506;0.028066065865647506;0.028066065865647506
2023-03-27 00:00:00;0.023062692806726997;0.023062692806726997;0.023062692806726997
2023-03-27 01:00:00;0.021206781050317036;0.021206781050317036;0.021206781050317036
2023-03-27 02:00:00;0.020854441930450236;0.020854441930450236;0.020854441930450236
2023-03-27 03:00:00;0.021002583445070337;0.021002583445070337;0.021002583445070337
2023-03-27 04:00:00;0.02037292443083092;0.02037292443083092;0.02037292443083092
2023-03-27 05:00:00;0.013679276375324708;0.013269268621937988;0.013610941749760252
2023-03-27 06:00:00;0.026944254753172373;0.020124942843935664;0.02580770276829959
2023-03-27 07:00:00;0.054104437776996465;0.04467133088051121;0.052532253294248925
2023-03-27 08:00:00;0.17431698210499108;0.1410619172520477;0.1687744712961672
2023-03-27 09:00:00;0.1887915792337599;0.15878959039703608;0.18379124776097258
2023-03-27 10:00:00;0.1788807626943114;0.15357029784129786;0.1746623518854758
2023-03-27 11:00:00;0.186856456897245;0.157953416782778;0.18203928354483387
2023-03-27 12:00:00;0.17859486585866716;0.1547103891106775;0.1746141197340022
2023-03-27 13:00:00;0.1465725471494965;0.12771526000964928;0.14342966595952197
2023-03-27 14:00:00;0.14672069725427328;0.12646601442548835;0.14334491678280914
2023-03-27 15:00:00;0.13653040014900247;0.11653593263090517;0.13319798889598627
2023-03-27 16:00:00;0.07649643870916041;0.06737556948899695;0.07497629383913317
2023-03-27 17:00:00;0.047467129996752115;0.045126397320192246;0.04707700788399214
2023-03-27 18:00:00;0.05411363742052991;0.05411363742052991;0.05411363742052991
2023-03-27 19:00:00;0.04153404334680008;0.04153404334680008;0.04153404334680008
2023-03-27 20:00:00;0.030440936068232564;0.030440936068232564;0.030440936068232564
2023-03-27 21:00:00;0.04550966181558696;0.04550966181558696;0.04550966181558696
2023-03-27 22:00:00;0.05434843205192486;0.05434843205192486;0.05434843205192486
2023-03-27 23:00:00;0.05073838680419592;0.05073838680419592;0.05073838680419592
2023-03-28 00:00:00;0.04299493635029553;0.04299493635029553;0.04299493635029553
2023-03-28 01:00:00;0.03490958938986309;0.03490958938986309;0.03490958938986309
2023-03-28 02:00:00;0.0333642988186464;0.0333642988186464;0.0333642988186464
2023-03-28 03:00:00;0.03616322306472143;0.03616322306472143;0.03616322306472143
2023-03-28 04:00:00;0.035286630644767836;0.035286630644767836;0.035286630644767836
2023-03-28 05:00:00;0.02783585090005144;0.02747778717606773;0.02777617361272082
2023-03-28 06:00:00;0.042363876995762065;0.035085950184120536;0.041150889193821816
2023-03-28 07:00:00;0.10490791190445621;0.08795122140719219;0.10208179682157889
2023-03-28 08:00:00;0.14681846556256392;0.12312374465716665;0.14286934541166438
2023-03-28 09:00:00;0.1647144895476276;0.13820240689991198;0.16029580910634167
2023-03-28 10:00:00;0.18126436946918195;0.1532213452405983;0.17659053209775136
2023-03-28 11:00:00;0.1901966123713948;0.157149276467128;0.18468872305401704
2023-03-28 12:00:00;0.1818552219939322;0.15265544282659388;0.1769885921327092
2023-03-28 13:00:00;0.18630012965547488;0.15600128310631023;0.18125032189728074
2023-03-28 14:00:00;0.18114133632101798;0.1523031002146133;0.17633496363661724
2023-03-28 15:00:00;0.1725133869113067;0.14130648388997818;0.16731223640775192
2023-03-28 16:00:00;0.09044085601112639;0.07807888859627538;0.08838052810865123
2023-03-28 17:00:00;0.053424914289267086;0.050295333168945314;0.05290331743588013
2023-03-28 18:00:00;0.03512319374693487;0.034865889468242685;0.03508030970048617
2023-03-28 19:00:00;0.041143236078490734;0.041143236078490734;0.041143236078490734
2023-03-28 20:00:00;0.02503481101899586;0.02503481101899586;0.02503481101899586
2023-03-28 21:00:00;0.020907497394871445;0.020907497394871445;0.020907497394871445
2023-03-28 22:00:00;0.014549057157455346;0.014549057157455346;0.014549057157455346
2023-03-28 23:00:00;0.022270606238552162;0.022270606238552162;0.022270606238552162
2023-03-29 00:00:00;0.015259170343614082;0.015259170343614082;0.015259170343614082
2023-03-29 01:00:00;0.017163337953713283;0.017163337953713283;0.017163337953713283
2023-03-29 02:00:00;0.016214082862868927;0.016214082862868927;0.016214082862868927
2023-03-29 03:00:00;0.016371453649210287;0.016371453649210287;0.016371453649210287
2023-03-29 04:00:00;0.014554838678941816;0.014554838678941816;0.014554838678941816
2023-03-29 05:00:00;0.005336828640604332;0.004793077056493454;0.005246203376585852
2023-03-29 06:00:00;0.030023330653694724;0.022157423293622764;0.02871234609368273
2023-03-29 07:00:00;0.0982269182923956;0.07513529233358263;0.09437831396592677
2023-03-29 08:00:00;0.18618895663199253;0.14527793665285713;0.1793704533021367
2023-03-29 09:00:00;0.23886287532768433;0.19082058935756752;0.2308558276659982
2023-03-29 10:00:00;0.25063206426674867;0.20731693447757554;0.24341287596855318
2023-03-29 11:00:00;0.2692055582835658;0.2251207821882546;0.261858095601014
2023-03-29 12:00:00;0.25277469865477803;0.2134100692111635;0.2462139270808423
2023-03-29 13:00:00;0.26967868502214776;0.22565404816961662;0.2623412455467259
2023-03-29 14:00:00;0.24566728851724298;0.20855443995800083;0.2394818137573693
2023-03-29 15:00:00;0.1932155174715928;0.1672791002895879;0.188892781274592
2023-03-29 16:00:00;0.14419518771965217;0.13077763831388245;0.1419589294853572
2023-03-29 17:00:00;0.09757913077821789;0.09546393889073715;0.0972265987969711
2023-03-29 18:00:00;0.07845281168211353;0.0782405581219579;0.07841743608875426
2023-03-29 19:00:00;0.05198762325848916;0.05198762325848916;0.05198762325848916
2023-03-29 20:00:00;0.029338137079029908;0.029338137079029908;0.029338137079029908
2023-03-29 21:00:00;0.017717088778123807;0.017717088778123807;0.017717088778123807
2023-03-29 22:00:00;0.020048352327386502;0.020048352327386502;0.020048352327386502
2023-03-29 23:00:00;0.019164147061615885;0.019164147061615885;0.019164147061615885
2023-03-30 00:00:00;0.0267688922317326;0.0267688922317326;0.0267688922317326
2023-03-30 01:00:00;0.037523308593222095;0.037523308593222095;0.037523308593222095
2023-03-30 02:00:00;0.03581466904455588;0.03581466904455588;0.03581466904455588
2023-03-30 03:00:00;0.030053912787892257;0.030053912787892257;0.030053912787892257
2023-03-30 04:00:00;0.03268409036530718;0.03268409036530718;0.03268409036530718
2023-03-30 05:00:00;0.030155586356561417;0.029968426041367447;0.030124392970695753
2023-03-30 06:00:00;0.03431428830515944;0.03244689236447327;0.03400305564837841
2023-03-30 07:00:00;0.07211833501134039;0.06242206676992797;0.07050229030443833
2023-03-30 08:00:00;0.10850707823513098;0.09312825213932996;0.10594394055249748
2023-03-30 09:00:00;0.14628508520935218;0.12506844030491085;0.14274897772527861
2023-03-30 10:00:00;0.1736558583550204;0.1492506414772759;0.16958832220872969
2023-03-30 11:00:00;0.20406607512218783;0.1727927275257498;0.1988538505227815
2023-03-30 12:00:00;0.20538806496492965;0.17374389000327647;0.20011403580465414
2023-03-30 13:00:00;0.18469272785475763;0.157412765750233;0.18014606750400355
2023-03-30 14:00:00;0.14965468066145027;0.1301904638240698;0.14641064452188685
2023-03-30 15:00:00;0.11824084850795039;0.10309185005901221;0.11571601543312737
2023-03-30 16:00:00;0.09766326402879505;0.08747391474459323;0.09596503914809475
2023-03-30 17:00:00;0.07216046974199852;0.06710283715484346;0.07131753097747268
2023-03-30 18:00:00;0.04920150999519787;0.0490226528990951;0.04917170047918074
2023-03-30 19:00:00;0.04556168820443838;0.04556168820443838;0.04556168820443838
2023-03-30 20:00:00;0.040230265400150865;0.040230265400150865;0.040230265400150865
2023-03-30 21:00:00;0.03652613789610668;0.03652613789610668;0.03652613789610668
2023-03-30 22:00:00;0.02250896495922303;0.02250896495922303;0.02250896495922303
2023-03-30 23:00:00;0.021059231246176504;0.021059231246176504;0.021059231246176504
2023-03-31 00:00:00;0.019353837472064234;0.019353837472064234;0.019353837472064234
2023-03-31 01:00:00;0.01497349577978628;0.01497349577978628;0.01497349577978628
2023-03-31 02:00:00;0.01606914396887158;0.01606914396887158;0.01606914396887158
2023-03-31 03:00:00;0.013766288076415608;0.013766288076415608;0.013766288076415608
2023-03-31 04:00:00;0.011761875325625757;0.011761875325625757;0.011761875325625757
2023-03-31 05:00:00;0.005668598774748405;0.005274304080731281;0.0056028829924122175
2023-03-31 06:00:00;0.025140292179817607;0.019439443634370057;0.024190150755576352
2023-03-31 07:00:00;0.0820872787768323;0.06379271762554944;0.07903818525161853
2023-03-31 08:00:00;0.15799972434484852;0.12434420037961971;0.15239047035064376
2023-03-31 09:00:00;0.2567636384669649;0.20217068715346212;0.2476648132480478
2023-03-31 10:00:00;0.28625662815474595;0.23065575221591053;0.27698981549827345
2023-03-31 11:00:00;0.25559226642566396;0.21328427039304748;0.2485409337535612
2023-03-31 12:00:00;0.2076303404322099;0.1755698510232714;0.20228692553072014
2023-03-31 13:00:00;0.16169826970566215;0.14144948201679544;0.15832347175751768
2023-03-31 14:00:00;0.11481272932107214;0.1014709628736181;0.11258910157982982
2023-03-31 15:00:00;0.09380388763653595;0.08496089468556763;0.09233005547804124
2023-03-31 16:00:00;0.07994622273030974;0.0750433634633112;0.07912907951914333
2023-03-31 17:00:00;0.03669778422257292;0.0351429282243311;0.03643864155619929
2023-03-31 18:00:00;0.01748138671497042;0.01748138671497042;0.01748138671497042
2023-03-31 19:00:00;0.01413127002619356;0.01413127002619356;0.01413127002619356
2023-03-31 20:00:00;0.013505725943976334;0.013505725943976334;0.013505725943976334
2023-03-31 21:00:00;0.013119807082140096;0.013119807082140096;0.013119807082140096
2023-03-31 22:00:00;0.01371980170317038;0.01371980170317038;0.01371980170317038
2023-03-31 23:00:00;0.013729310523934984;0.013729310523934984;0.013729310523934984
2023-04-01 00:00:00;0.013742878214774233;0.013742878214774233;0.013742878214774233
2023-04-01 01:00:00;0.014979913672379762;0.014979913672379762;0.014979913672379762
2023-04-01 02:00:00;0.015098715944409133;0.015098715944409133;0.015098715944409133
2023-04-01 03:00:00;0.01526148626747648;0.01526148626747648;0.01526148626747648
2023-04-01 04:00:00;0.016687201527605736;0.016687201527605736;0.016687201527605736
2023-04-01 05:00:00;0.019934341453561023;0.019934341453561023;0.019934341453561023
2023-04-01 06:00:00;0.023995565917777767;0.023087045504196945;0.02384414584884763
2023-04-01 07:00:00;0.019771171706056415;0.018156137360283875;0.019501999315094325
2023-04-01 08:00:00;0.025645369442538857;0.02235969605002277;0.02509775721045284
2023-04-01 09:00:00;0.03740795620949764;0.03157098260925727;0.036435127276124246
2023-04-01 10:00:00;0.03561404363722618;0.03040641102776609;0.03474610486898283
2023-04-01 11:00:00;0.0399693289151471;0.03345746108865414;0.03888401761073162
2023-04-01 12:00:00;0.062125319596751785;0.051611131366608325;0.06037295489172787
2023-04-01 13:00:00;0.0956935964362299;0.07781146065986948;0.0927132404735032
2023-04-01 14:00:00;0.09975036446588881;0.08055287561351693;0.0965507829904935
2023-04-01 15:00:00;0.10052282534263236;0.08051547479241118;0.09718826691759552
2023-04-01 16:00:00;0.08393613191362988;0.0653475212763979;0.08083803014075788
2023-04-01 17:00:00;0.029056191651462168;0.02180168576431953;0.027847107336938404
2023-04-01 18:00:00;0.012751071939663567;0.012494793896602982;0.012708358932486804
2023-04-01 19:00:00;0.02176109641046348;0.02176109641046348;0.02176109641046348
2023-04-01 20:00:00;0.043505289090248186;0.043505289090248186;0.043505289090248186
2023-04-01 21:00:00;0.04825627170822237;0.04825627170822237;0.04825627170822237
2023-04-01 22:00:00;0.05243713148282769;0.05243713148282769;0.05243713148282769
2023-04-01 23:00:00;0.05340734501200503;0.05340734501200503;0.05340734501200503
2023-04-02 00:00:00;0.053325241295921345;0.053325241295921345;0.053325241295921345
2023-04-02 01:00:00;0.04836398374823004;0.04836398374823004;0.04836398374823004
2023-04-02 02:00:00;0.04249495741329363;0.04249495741329363;0.04249495741329363
2023-04-02 03:00:00;0.04016171044802732;0.04016171044802732;0.04016171044802732
2023-04-02 04:00:00;0.02985015968758089;0.02985015968758089;0.02985015968758089
2023-04-02 05:00:00;0.022785536231920044;0.02240214775692677;0.0227216381527545
2023-04-02 06:00:00;0.04103716709636907;0.03778020006915691;0.040494339258500385
2023-04-02 07:00:00;0.0650715708699264;0.05710758674302316;0.06374424018210921
2023-04-02 08:00:00;0.09680917746780694;0.0839438953173129;0.09466496377605796
2023-04-02 09:00:00;0.13315032517751924;0.11385610357424467;0.12993462157697347
2023-04-02 10:00:00;;;
2023-04-02 11:00:00;;;
2023-04-02 12:00:00;;;
2023-04-02 13:00:00;;;
2023-04-02 14:00:00;0.21563102225920971;0.1838071840492059;0.2103270492242091
2023-04-02 15:00:00;0.18293095974336188;0.15952274917635031;0.17902959131552662
2023-04-02 16:00:00;0.13644440203799352;0.11982778690987485;0.13367496618330707
2023-04-02 17:00:00;0.07471570902600365;0.06780042506589976;0.07356316169931966
2023-04-02 18:00:00;0.04700106402630345;0.04679608965083049;0.046966901630391286
2023-04-02 19:00:00;0.03335689751859661;0.03335689751859661;0.03335689751859661
2023-04-02 20:00:00;0.018938546842550717;0.018938546842550717;0.018938546842550717
2023-04-02 21:00:00;0.023018631149085447;0.023018631149085447;0.023018631149085447
2023-04-02 22:00:00;0.01320946108548344;0.01320946108548344;0.01320946108548344
2023-04-02 23:00:00;0.019109837248938815;0.019109837248938815;0.019109837248938815
2023-04-03 00:00:00;0.019980291122124946;0.019980291122124946;0.019980291122124946
2023-04-03 01:00:00;0.024845304475688786;0.024845304475688786;0.024845304475688786
2023-04-03 02:00:00;0.024802617973276545;0.024802617973276545;0.024802617973276545
2023-04-03 03:00:00;0.015592090041770416;0.015592090041770416;0.015592090041770416
2023-04-03 04:00:00;0.024845615491043308;0.024845615491043308;0.024845615491043308
2023-04-03 05:00:00;0.016267473323567948;0.01538560032251066;0.0161204944900584
2023-04-03 06:00:00;0.03782920234797112;0.034187688526366035;0.03722228337770361
2023-04-03 07:00:00;0.0699144965535825;0.05866174907028713;0.06803903863969994
2023-04-03 08:00:00;0.13124358872845632;0.10709609837994478;0.1272190070037044
2023-04-03 09:00:00;0.1468392331687254;0.12644904184959915;0.14344086794887104
2023-04-03 10:00:00;0.12064324097079276;0.10907512535209798;0.1187152217010103
2023-04-03 11:00:00;0.11974277786035972;0.10604360483132604;0.11745958235552077
2023-04-03 12:00:00;0.14685718589179497;0.1289123201373968;0.1438663749327286
2023-04-03 13:00:00;0.09970526728091972;0.08897264498681327;0.09791649689856866
2023-04-03 14:00:00;0.05371140575236623;0.048081597315990036;0.05277310434630354
2023-04-03 15:00:00;0.06911984664067397;0.05873649973941765;0.06738928882379792
2023-04-03 16:00:00;0.05418169237324991;0.047190136643593075;0.05301643308497377
2023-04-03 17:00:00;0.03452275556821011;0.03288706052285056;0.03425013972731686
2023-04-03 18:00:00;0.0313967458672317;0.031179448765977634;0.03136052968368935
2023-04-03 19:00:00;0.03210095213644412;0.03210095213644412;0.03210095213644412
2023-04-03 20:00:00;0.01673113189110102;0.01673113189110102;0.01673113189110102
2023-04-03 21:00:00;0.016039377351208545;0.016039377351208545;0.016039377351208545
2023-04-03 22:00:00;0.018806256039032666;0.018806256039032666;0.018806256039032666
2023-04-03 23:00:00;0.01698301696018255;0.01698301696018255;0.01698301696018255
2023-04-04 00:00:00;0.024608218697127128;0.024608218697127128;0.024608218697127128
2023-04-04 01:00:00;0.016414670258969588;0.016414670258969588;0.016414670258969588
2023-04-04 02:00:00;0.018031801986750595;0.018031801986750595;0.018031801986750595
2023-04-04 03:00:00;0.015185587402042141;0.015185587402042141;0.015185587402042141
2023-04-04 04:00:00;0.015767486968933646;0.015767486968933646;0.015767486968933646
2023-04-04 05:00:00;-0.00270853401465462;-0.003859341838589122;-0.0029003353186437034
2023-04-04 06:00:00;0.049820629875825945;0.03804168995380774;0.04785747322215624
2023-04-04 07:00:00;0.12653640898960386;0.10173392591537123;0.12240266181056511
2023-04-04 08:00:00;0.20548453112683776;0.17184664144054032;0.19987821617912152
2023-04-04 09:00:00;0.2806457468431821;0.23409952451320828;0.2728880431215199
2023-04-04 10:00:00;0.29669702300456985;0.24783538068838518;0.2885534159518724
2023-04-04 11:00:00;0.3112949907222536;0.25669396890187657;0.3021948204188574
2023-04-04 12:00:00;0.23116559746420212;0.19747271009168646;0.22555011623544952
2023-04-04 13:00:00;0.3178452105183959;0.26316422002646656;0.3087317121030744
2023-04-04 14:00:00;0.2726396846698227;0.2274851544803943;0.2651139296382513
2023-04-04 15:00:00;0.2196334717561112;0.1842871065292984;0.21374241088497573
2023-04-04 16:00:00;0.16280353564136396;0.13986713803292627;0.15898080270662437
2023-04-04 17:00:00;0.11818213295164838;0.11127216675118273;0.11703047191823746
2023-04-04 18:00:00;0.09324766519237407;0.09292369980040767;0.09319367096037967
2023-04-04 19:00:00;0.07512744958960527;0.07512744958960527;0.07512744958960527
2023-04-04 20:00:00;0.06641857071135568;0.06641857071135568;0.06641857071135568
2023-04-04 21:00:00;0.06553515762697591;0.06553515762697591;0.06553515762697591
2023-04-04 22:00:00;0.059254669470917114;0.059254669470917114;0.059254669470917114
2023-04-04 23:00:00;0.05998175096026099;0.05998175096026099;0.05998175096026099
2023-04-05 00:00:00;0.058244577289661544;0.058244577289661544;0.058244577289661544
2023-04-05 01:00:00;0.048254768166769865;0.048254768166769865;0.048254768166769865
2023-04-05 02:00:00;0.05542847208547253;0.05542847208547253;0.05542847208547253
2023-04-05 03:00:00;0.053899276233010794;0.053899276233010794;0.053899276233010794
2023-04-05 04:00:00;0.04474556912522932;0.04474556912522932;0.04474556912522932
2023-04-05 05:00:00;0.04054745398282181;0.04014077140294063;0.04047967355284161
2023-04-05 06:00:00;0.04874913550210392;0.046984055613750984;0.048454955520711766
2023-04-05 07:00:00;0.053910950485460754;0.05215044989338881;0.05361753372011542
2023-04-05 08:00:00;0.052500955042675296;0.05090820151623921;0.05223549612160261
2023-04-05 09:00:00;0.05894828866009467;0.05649478768564367;0.0585393718310195
2023-04-05 10:00:00;0.023323459154177398;0.021329031281837246;0.022991054508787374
2023-04-05 11:00:00;0.027398714609331555;0.024601343736130387;0.026932486130464693
2023-04-05 12:00:00;0.034894189089796544;0.031468965893061425;0.03432331855700736
2023-04-05 13:00:00;0.035404330553050395;0.032475728091528155;0.03491623014279669
2023-04-05 14:00:00;0.034653427655532386;0.031752884748514155;0.03417000383769602
2023-04-05 15:00:00;0.02323538062464565;0.021706366906527733;0.022980545004959333
2023-04-05 16:00:00;0.021614699696192598;0.020401233368504846;0.021412455308244642
2023-04-05 17:00:00;0.020307826935280732;0.01969988719652947;0.020206503645488854
2023-04-05 18:00:00;0.01719364702582407;0.01719364702582407;0.01719364702582407
2023-04-05 19:00:00;0.01724220146897127;0.01724220146897127;0.01724220146897127
2023-04-05 20:00:00;0.014962252531188807;0.014962252531188807;0.014962252531188807
2023-04-05 21:00:00;0.016975145082639444;0.016975145082639444;0.016975145082639444
2023-04-05 22:00:00;0.017133608988071015;0.017133608988071015;0.017133608988071015
2023-04-05 23:00:00;0.015000397918381727;0.015000397918381727;0.015000397918381727
2023-04-06 00:00:00;0.01322927399941259;0.01322927399941259;0.01322927399941259
2023-04-06 01:00:00;0.011631718776535684;0.011631718776535684;0.011631718776535684
2023-04-06 02:00:00;0.013372403999311406;0.013372403999311406;0.013372403999311406
2023-04-06 03:00:00;0.011895763178106969;0.011895763178106969;0.011895763178106969
2023-04-06 04:00:00;0.012144835651441482;0.012144835651441482;0.012144835651441482
2023-04-06 05:00:00;0.010904815705472456;0.010699841329999505;0.010870653309560298
2023-04-06 06:00:00;0.01596264338651885;0.014635017899194934;0.015741372471964866
2023-04-06 07:00:00;0.03591678217458548;0.03009942040672756;0.034947221879942494
2023-04-06 08:00:00;0.05938655056562639;0.048877909353463055;0.05763511036359917
2023-04-06 09:00:00;0.1367389887744683;0.10938441723311636;0.1321798935175763
2023-04-06 10:00:00;0.15962125289504672;0.12836056163148551;0.15441113768445322
2023-04-06 11:00:00;0.1771122352330324;0.14200530917031373;0.1712610808892459
2023-04-06 12:00:00;0.15876454989852753;0.12790055171277062;0.1536205502009014
2023-04-06 13:00:00;0.09816241134378878;0.08012722332298465;0.09515654667365477
2023-04-06 14:00:00;0.07205006159572606;0.06027863703382452;0.07008815750207582
2023-04-06 15:00:00;0.09554920695543616;0.07712118146304611;0.09247786937337119
2023-04-06 16:00:00;0.06686544941511219;0.05326498893671979;0.0645987060020468
2023-04-06 17:00:00;0.0430199423884629;0.035626254088971514;0.04178766100521434
2023-04-06 18:00:00;0.020219453792136174;0.01953736790661074;0.020105772811215266
2023-04-06 19:00:00;0.0382663677633675;0.0382663677633675;0.0382663677633675
2023-04-06 20:00:00;0.03276367544407298;0.03276367544407298;0.03276367544407298
2023-04-06 21:00:00;0.03334580361253279;0.03334580361253279;0.03334580361253279
2023-04-06 22:00:00;0.03583677564524923;0.03583677564524923;0.03583677564524923
2023-04-06 23:00:00;0.09412770514147706;0.09412770514147706;0.09412770514147706
2023-04-07 00:00:00;0.10934275120459776;0.10934275120459776;0.10934275120459776
2023-04-07 01:00:00;0.07256193503783848;0.07256193503783848;0.07256193503783848
2023-04-07 02:00:00;0.06418233913718094;0.06418233913718094;0.06418233913718094
2023-04-07 03:00:00;0.06244252848529991;0.06244252848529991;0.06244252848529991
2023-04-07 04:00:00;0.04916830511560506;0.04916830511560506;0.04916830511560506
2023-04-07 05:00:00;0.04901978677979285;0.048195270103011535;0.04888236733366263
2023-04-07 06:00:00;0.09191398574378476;0.08768754108996413;0.09120957830148133
2023-04-07 07:00:00;0.0702528844698741;0.06021953450707831;0.0685806594760748
2023-04-07 08:00:00;0.19892881576292792;0.1718421845910881;0.19441437723428798
2023-04-07 09:00:00;;;
2023-04-07 10:00:00;0.22115758658572157;0.19158654127753205;0.21622907903435665
2023-04-07 11:00:00;0.2516411529054139;0.21604639584028087;0.24570869339455836
2023-04-07 12:00:00;0.2549028290719257;0.21824834591738385;0.2487937485461687
2023-04-07 13:00:00;0.2598172583566249;0.2235899298735427;0.2537793702761112
2023-04-07 14:00:00;0.23060939718224668;0.2021561065651782;0.22586718207940196
2023-04-07 15:00:00;0.1866136794663756;0.1660245778749688;0.18318216253447447
2023-04-07 16:00:00;0.1563619793452817;0.13964363225739085;0.15357558816396655
2023-04-07 17:00:00;0.11211159126777158;0.10688556900701955;0.11124058755764624
2023-04-07 18:00:00;0.07479633753855146;0.07429848735884256;0.07471336250859997
2023-04-07 19:00:00;0.08351668923887726;0.08351668923887726;0.08351668923887726
2023-04-07 20:00:00;0.04928051965056334;0.04928051965056334;0.04928051965056334
2023-04-07 21:00:00;0.034995927329872056;0.034995927329872056;0.034995927329872056
2023-04-07 22:00:00;0.032022382463528745;0.032022382463528745;0.032022382463528745
2023-04-07 23:00:00;0.0391651666586102;0.0391651666586102;0.0391651666586102
2023-04-08 00:00:00;0.03717997312370661;0.03717997312370661;0.03717997312370661
2023-04-08 01:00:00;0.0319460305048523;0.0319460305048523;0.0319460305048523
2023-04-08 02:00:00;0.028711006869290165;0.028711006869290165;0.028711006869290165
2023-04-08 03:00:00;0.04493282990444359;0.04493282990444359;0.04493282990444359
2023-04-08 04:00:00;0.04129083727776906;0.04129083727776906;0.04129083727776906
2023-04-08 05:00:00;0.015291457067286818;0.013739186051971539;0.01503274523140094
2023-04-08 06:00:00;0.053603386790413016;0.04357319524877624;0.05193168820014022
2023-04-08 07:00:00;0.11520961077696881;0.0946910912545535;0.11178985752323295
2023-04-08 08:00:00;0.18050751768042914;0.14746984060173518;0.1750012381673135
2023-04-08 09:00:00;0.2315529452262103;0.19271848648044484;0.22508053543524942
2023-04-08 10:00:00;;;
2023-04-08 11:00:00;;;
2023-04-08 12:00:00;0.3419519286656094;0.2833253437399448;0.3321808311779986
2023-04-08 13:00:00;0.29027966465610805;0.2426006072281367;0.28233315508477946
2023-04-08 14:00:00;;;
2023-04-08 15:00:00;0.20631583336980197;0.17778637626504917;0.20156092385234317
2023-04-08 16:00:00;0.160515373877876;0.14069792108345397;0.1572124650788057
2023-04-08 17:00:00;0.1040055530365753;0.0978807581507222;0.10298475388893313
2023-04-08 18:00:00;0.06217452420922563;0.061583868986257534;0.06207608167206428
2023-04-08 19:00:00;0.04781799666559815;0.04781799666559815;0.04781799666559815
2023-04-08 20:00:00;0.04650943337387343;0.04650943337387343;0.04650943337387343
2023-04-08 21:00:00;0.04109455701012458;0.04109455701012458;0.04109455701012458
2023-04-08 22:00:00;0.054702016880913855;0.054702016880913855;0.054702016880913855
2023-04-08 23:00:00;0.03818413677582525;0.03818413677582525;0.03818413677582525
2023-04-09 00:00:00;0.021496018069077832;0.021496018069077832;0.021496018069077832
2023-04-09 01:00:00;0.025695833631004087;0.025695833631004087;0.025695833631004087
2023-04-09 02:00:00;0.022706890676898878;0.022706890676898878;0.022706890676898878
2023-04-09 03:00:00;0.020605365417311342;0.020605365417311342;0.020605365417311342
2023-04-09 04:00:00;0.01929403067547583;0.01929403067547583;0.01929403067547583
2023-04-09 05:00:00;0.0245916906114441;0.022905334944369204;0.024310631333598284
2023-04-09 06:00:00;0.06624741149445135;0.054941799097820904;0.06436314276167962
2023-04-09 07:00:00;0.14493918378211726;0.12011378973810846;0.14080161810811578
2023-04-09 08:00:00;0.24416553702972216;0.1999929990429687;0.23680344736526326
2023-04-09 09:00:00;0.3511321431248789;0.2863921913383532;0.34034215116045796
2023-04-09 10:00:00;;;
2023-04-09 11:00:00;;;
2023-04-09 12:00:00;;;
2023-04-09 13:00:00;0.3375102189822856;0.29008049018352566;0.3296052641824924
2023-04-09 14:00:00;0.30183626784289225;0.2608133801880161;0.29499911990041294
2023-04-09 15:00:00;0.25607881805821336;0.22600953343584612;0.25106727062115214
2023-04-09 16:00:00;0.20919147674201927;0.18900672902991045;0.20582735212333447
2023-04-09 17:00:00;0.14717650704052326;0.13766374831394262;0.14559104725275984
2023-04-09 18:00:00;0.09373753304008645;0.09308742803465501;0.09362918220584786
2023-04-09 19:00:00;0.0793552740345084;0.0793552740345084;0.0793552740345084
2023-04-09 20:00:00;0.046405840145422185;0.046405840145422185;0.046405840145422185
2023-04-09 21:00:00;0.04601525573692299;0.04601525573692299;0.04601525573692299
2023-04-09 22:00:00;0.043084999753235244;0.043084999753235244;0.043084999753235244
2023-04-09 23:00:00;0.023537075372592916;0.023537075372592916;0.023537075372592916
2023-04-10 00:00:00;0.02338605726348201;0.02338605726348201;0.02338605726348201
2023-04-10 01:00:00;0.03216767814099389;0.03216767814099389;0.03216767814099389
2023-04-10 02:00:00;0.03118351404980589;0.03118351404980589;0.03118351404980589
2023-04-10 03:00:00;0.022535944797157016;0.022535944797157016;0.022535944797157016
2023-04-10 04:00:00;0.0180044925589905;0.0180044925589905;0.0180044925589905
2023-04-10 05:00:00;0.008679944669837495;0.006453310072481438;0.008308838903611485
2023-04-10 06:00:00;0.05939476850200529;0.04714910243702174;0.05735382415784136
2023-04-10 07:00:00;0.121421292380948;0.10080781567127033;0.11798571292933507
2023-04-10 08:00:00;0.1939686857819542;0.15948179939428725;0.1882208713840097
2023-04-10 09:00:00;0.25405274895827096;0.21021540276648806;0.24674652459297383
2023-04-10 10:00:00;0.2902381631318653;0.24252205560264947;0.28228547854366265
2023-04-10 11:00:00;0.33701211489808347;0.2813929071477397;0.32774224693969284
2023-04-10 12:00:00;0.35436609108637646;0.30237147599032527;0.3457003219037013
2023-04-10 13:00:00;0.36162434695927853;0.3099243435252198;0.3530076797202687
2023-04-10 14:00:00;0.3240897741725325;0.2808397033084073;0.31688142902851163
2023-04-10 15:00:00;0.27841652514127413;0.2446185117120959;0.2727835229030778
2023-04-10 16:00:00;0.19159432217762126;0.1729799676191934;0.18849192975121662
2023-04-10 17:00:00;0.1208066256172772;0.11604414112725141;0.1200128782022729
2023-04-10 18:00:00;0.09083244400981126;0.09032616613163146;0.09074806436344796
2023-04-10 19:00:00;0.06772104870936446;0.06772104870936446;0.06772104870936446
2023-04-10 20:00:00;0.06686455045490954;0.06686455045490954;0.06686455045490954
2023-04-10 21:00:00;0.06260985513716791;0.06260985513716791;0.06260985513716791
2023-04-10 22:00:00;0.048812539058782585;0.048812539058782585;0.048812539058782585
2023-04-10 23:00:00;0.04626099570980503;0.04626099570980503;0.04626099570980503
2023-04-11 00:00:00;0.03958593949007199;0.03958593949007199;0.03958593949007199
2023-04-11 01:00:00;0.02531272820955286;0.02531272820955286;0.02531272820955286
2023-04-11 02:00:00;0.023694955431101762;0.023694955431101762;0.023694955431101762
2023-04-11 03:00:00;0.0197175175525426;0.0197175175525426;0.0197175175525426
2023-04-11 04:00:00;0.018035712024292487;0.018035712024292487;0.018035712024292487
2023-04-11 05:00:00;0.016234673081284054;0.015150674144244411;0.016054006591777446
2023-04-11 06:00:00;0.04741381715612877;0.04264998383521642;0.0466198449359767
2023-04-11 07:00:00;0.06498167221406083;0.056704377924583424;0.0636021231658146
2023-04-11 08:00:00;0.09848733675903686;0.08408044374068624;0.09608618792264509
2023-04-11 09:00:00;0.11351532238147559;0.09633273758868884;0.11065155824934449
2023-04-11 10:00:00;0.14692512215844386;0.12664214114565736;0.14354462532297946
2023-04-11 11:00:00;0.14793768775059604;0.13177403479380678;0.14524374559113118
2023-04-11 12:00:00;0.12601967736460262;0.11748405465685917;0.12459707357997872
2023-04-11 13:00:00;0.16651815290490157;0.15299195974786564;0.16426378737872893
2023-04-11 14:00:00;0.22422061864618825;0.20344016222146669;0.22075720924206796
2023-04-11 15:00:00;0.22449744268859403;0.2035235741657496;0.2210017979347866
2023-04-11 16:00:00;0.13582066628500902;0.12371245532358588;0.13380263112477184
2023-04-11 17:00:00;0.10345668088473993;0.09621404528559775;0.10224957495154956
2023-04-11 18:00:00;0.05225143245911784;0.051362295034975226;0.05210324288842741
2023-04-11 19:00:00;0.04242076996707765;0.04242076996707765;0.04242076996707765
2023-04-11 20:00:00;0.07375136386139898;0.07375136386139898;0.07375136386139898
2023-04-11 21:00:00;0.07999018954765426;0.07999018954765426;0.07999018954765426
2023-04-11 22:00:00;0.1334995934030127;0.1334995934030127;0.1334995934030127
2023-04-11 23:00:00;0.12691025530847636;0.12691025530847636;0.12691025530847636
2023-04-12 00:00:00;0.11259529761432342;0.11259529761432342;0.11259529761432342
2023-04-12 01:00:00;0.09167684415891876;0.09167684415891876;0.09167684415891876
2023-04-12 02:00:00;0.06296935893045119;0.06296935893045119;0.06296935893045119
2023-04-12 03:00:00;0.047541292085588674;0.047541292085588674;0.047541292085588674
2023-04-12 04:00:00;0.05009319438474013;0.05009319438474013;0.05009319438474013
2023-04-12 05:00:00;0.03323490369701386;0.030096076758128268;0.03271176587386627
2023-04-12 06:00:00;0.10049373806864412;0.08075175028499425;0.09720340677136917
2023-04-12 07:00:00;0.1723148615068572;0.14111193693603907;0.16711437407838753
2023-04-12 08:00:00;0.19448919352283497;0.1681039504580244;0.1900916530120332
2023-04-12 09:00:00;0.24787770882439517;0.21416599789033827;0.24225909033538567
2023-04-12 10:00:00;0.35401033077013333;0.2943707393202086;0.3440703988618126
2023-04-12 11:00:00;0.3291760365792308;0.280362815214396;0.3210404996850917
2023-04-12 12:00:00;0.35482968055604125;0.300250199404135;0.34573310036405686
2023-04-12 13:00:00;0.37492120202460777;0.3151906669197687;0.3649661128404679
2023-04-12 14:00:00;0.3267986542843852;0.2753981214070579;0.31823189880483066
2023-04-12 15:00:00;0.3065904647094527;0.2570372717766643;0.2983315992206547
2023-04-12 16:00:00;0.22707302099392962;0.19190014714087603;0.22121087535175404
2023-04-12 17:00:00;0.09115233000772205;0.08658592672114607;0.09039126279329274
2023-04-12 18:00:00;0.04931772867289795;0.04897111957590547;0.04925996049006587
2023-04-12 19:00:00;0.07578017323303873;0.07578017323303873;0.07578017323303873
2023-04-12 20:00:00;0.046779537324221215;0.046779537324221215;0.046779537324221215
2023-04-12 21:00:00;0.036473181205196256;0.036473181205196256;0.036473181205196256
2023-04-12 22:00:00;0.035481735408652695;0.035481735408652695;0.035481735408652695
2023-04-12 23:00:00;0.03549152525596231;0.03549152525596231;0.03549152525596231
2023-04-13 00:00:00;0.03201553019616379;0.03201553019616379;0.03201553019616379
2023-04-13 01:00:00;0.02367906151912493;0.02367906151912493;0.02367906151912493
2023-04-13 02:00:00;0.022143602921647958;0.022143602921647958;0.022143602921647958
2023-04-13 03:00:00;0.02366854250601411;0.02366854250601411;0.02366854250601411
2023-04-13 04:00:00;0.025318090139365066;0.025318090139365066;0.025318090139365066
2023-04-13 05:00:00;0.011941131166992257;0.008774800593031231;0.011413409404665422
2023-04-13 06:00:00;0.07564452452874411;0.057491492900551826;0.07261901925737875
2023-04-13 07:00:00;0.15495928257284575;0.12486123302446984;0.1499429409814498
2023-04-13 08:00:00;0.28692076986862075;0.22971835773198432;0.2773870345125147
2023-04-13 09:00:00;0.33653097313803576;0.2695185314571887;0.3253622328578946
2023-04-13 10:00:00;0.47258544833293525;0.38476074896017876;0.4579479984374759
2023-04-13 11:00:00;0.5014410836047718;0.4168136087631005;0.4873365044644933
2023-04-13 12:00:00;0.4957194944944227;0.4174263493476434;0.4826706369699596
2023-04-13 13:00:00;0.44633423684426116;0.37928636690261724;0.43515959185398717
2023-04-13 14:00:00;0.44464202451968976;0.378361053661154;0.43359519604326713
2023-04-13 15:00:00;0.38043355142933444;0.3276975337213019;0.3716442151446624
2023-04-13 16:00:00;0.2826393978712132;0.2467029586960988;0.2766499913420275
2023-04-13 17:00:00;0.13544098253302617;0.11621077007365235;0.13223594712313058
2023-04-13 18:00:00;0.08119989277960438;0.0800357751099862;0.08100587316800134
2023-04-13 19:00:00;0.06060831091547231;0.06060831091547231;0.06060831091547231
2023-04-13 20:00:00;0.0485328472828451;0.0485328472828451;0.0485328472828451
2023-04-13 21:00:00;0.03345687700097878;0.03345687700097878;0.03345687700097878
2023-04-13 22:00:00;0.02633729536631898;0.02633729536631898;0.02633729536631898
2023-04-13 23:00:00;0.10513154730098868;0.10513154730098868;0.10513154730098868
2023-04-14 00:00:00;0.1311194766005588;0.1311194766005588;0.1311194766005588
2023-04-14 01:00:00;0.14823680341519255;0.14823680341519255;0.14823680341519255
2023-04-14 02:00:00;0.12724219894878072;0.12724219894878072;0.12724219894878072
2023-04-14 03:00:00;0.1240401254136389;0.1240401254136389;0.1240401254136389
2023-04-14 04:00:00;0.06977761180070564;0.06977761180070564;0.06977761180070564
2023-04-14 05:00:00;0.04628310446818185;0.043211607345080214;0.04577118828099824
2023-04-14 06:00:00;0.1143248910858071;0.10019080462403422;0.11196921000884495
2023-04-14 07:00:00;0.2018990129885411;0.17334228681771685;0.19713955862673707
2023-04-14 08:00:00;0.30803112734195864;0.25317703290931864;0.298888778269852
2023-04-14 09:00:00;0.35825266400585;0.30281509847032134;0.3490130697499286
2023-04-14 10:00:00;0.4299301640941314;0.36038995402947394;0.41834012908335516
2023-04-14 11:00:00;0.47759870812556093;0.39599053543416557;0.4639973460103284
2023-04-14 12:00:00;0.5179830016361936;0.4277968422217137;0.5029519750671136
2023-04-14 13:00:00;0.4838080604670648;0.3990541235549935;0.4696824043150529
2023-04-14 14:00:00;0.4451752552493986;0.36600763371753275;0.4319806516607542
2023-04-14 15:00:00;0.35998683766702405;0.29772226363094345;0.34960940866101065
2023-04-14 16:00:00;0.25785161918399524;0.21854735432494432;0.2513009083741534
2023-04-14 17:00:00;0.14820476029766635;0.12990219258260388;0.14515433234515596
2023-04-14 18:00:00;0.0627447721486123;0.06123567727497371;0.0624932563363392
2023-04-14 19:00:00;0.07232369221362019;0.07232369221362019;0.07232369221362019
2023-04-14 20:00:00;0.06570617461212092;0.06570617461212092;0.06570617461212092
2023-04-14 21:00:00;0.05720000514877714;0.05720000514877714;0.05720000514877714
2023-04-14 22:00:00;0.06268238587975178;0.06268238587975178;0.06268238587975178
2023-04-14 23:00:00;0.06704711441837202;0.06704711441837202;0.06704711441837202
2023-04-15 00:00:00;0.07111111606735407;0.07111111606735407;0.07111111606735407
2023-04-15 01:00:00;0.049404178101642215;0.049404178101642215;0.049404178101642215
2023-04-15 02:00:00;0.059243374230418686;0.059243374230418686;0.059243374230418686
2023-04-15 03:00:00;0.06839882439744849;0.06839882439744849;0.06839882439744849
2023-04-15 04:00:00;0.0348905264210085;0.0348905264210085;0.0348905264210085
2023-04-15 05:00:00;0.04916718559605134;0.04536538068409718;0.04853355144405898
2023-04-15 06:00:00;0.11060451971825627;0.09314891574788935;0.10769525238986179
2023-04-15 07:00:00;0.20583689260817475;0.17266814021395033;0.20030876720913735
2023-04-15 08:00:00;0.30175905140201126;0.2556762121968548;0.2940785782011518
2023-04-15 09:00:00;0.39640422004463877;0.3314565433913705;0.38557960726909407
2023-04-15 10:00:00;0.45569280133162116;0.38134844357468833;0.4433020750387991
2023-04-15 11:00:00;0.5144106277379557;0.4275763044112271;0.4999382405168344
2023-04-15 12:00:00;0.53752399157385;0.4432406017065862;0.5218100932626393
2023-04-15 13:00:00;0.5151232602746514;0.4297847823269867;0.5009001806167073
2023-04-15 14:00:00;0.4740261507179888;0.39354142289170874;0.4606120294136089
2023-04-15 15:00:00;0.393336455732587;0.33761838796476107;0.38405011110461607
2023-04-15 16:00:00;0.3037771533853838;0.26559631244320436;0.2974136798950206
2023-04-15 17:00:00;0.1817534613646504;0.1632336903529778;0.17866683286270496
2023-04-15 18:00:00;0.09058209342877863;0.08909139899182135;0.09033364435595242
2023-04-15 19:00:00;0.09671131081100927;0.09671131081100927;0.09671131081100927
2023-04-15 20:00:00;0.06956650393970759;0.06956650393970759;0.06956650393970759
2023-04-15 21:00:00;0.07348385073505032;0.07348385073505032;0.07348385073505032
2023-04-15 22:00:00;0.054282457030497264;0.054282457030497264;0.054282457030497264
2023-04-15 23:00:00;0.04990526164363187;0.04990526164363187;0.04990526164363187
2023-04-16 00:00:00;0.06342846519199812;0.06342846519199812;0.06342846519199812
2023-04-16 01:00:00;0.05285261257880365;0.05285261257880365;0.05285261257880365
2023-04-16 02:00:00;0.044199594185054196;0.044199594185054196;0.044199594185054196
2023-04-16 03:00:00;0.04419268411086375;0.04419268411086375;0.04419268411086375
2023-04-16 04:00:00;0.04290725871619794;0.04290725871619794;0.04290725871619794
2023-04-16 05:00:00;0.028844823070292968;0.025207517393984108;0.02823860545757483
2023-04-16 06:00:00;0.08968276593713372;0.07619412592662742;0.08743465926871599
2023-04-16 07:00:00;0.16441571144772604;0.13653444845312687;0.15976883428195957
2023-04-16 08:00:00;0.2634504846687044;0.21798869770876061;0.25587352017538045
2023-04-16 09:00:00;0.3528001868870795;0.29352938021476904;0.3429217191083611
2023-04-16 10:00:00;0.42439226919620693;0.35257398743797974;0.41242255556983576
2023-04-16 11:00:00;0.45973333719142984;0.38176480512658606;0.44673858184728926
2023-04-16 12:00:00;0.5134884168075802;0.4231371167195208;0.4984298667929036
2023-04-16 13:00:00;0.516974701980426;0.42182406163557307;0.5011162619229506
2023-04-16 14:00:00;0.4542789172519714;0.37525706955755705;0.44110860930290247
2023-04-16 15:00:00;0.36467679380138157;0.3105628862588503;0.3556578092109597
2023-04-16 16:00:00;0.2747511174340514;0.23789794217295995;0.2686089215572029
2023-04-16 17:00:00;0.17153080750264724;0.15460925320830404;0.16871054845359001
2023-04-16 18:00:00;0.06389416273107289;0.062402241174237205;0.06364550913826694
2023-04-16 19:00:00;0.05574829309978421;0.05574829309978421;0.05574829309978421
2023-04-16 20:00:00;0.06383852312767076;0.06383852312767076;0.06383852312767076
2023-04-16 21:00:00;0.061849222350807344;0.061849222350807344;0.061849222350807344
2023-04-16 22:00:00;0.056736976067733716;0.056736976067733716;0.056736976067733716
2023-04-16 23:00:00;0.040990402407746006;0.040990402407746006;0.040990402407746006
2023-04-17 00:00:00;0.044176635349306756;0.044176635349306756;0.044176635349306756
2023-04-17 01:00:00;0.03801033921798245;0.03801033921798245;0.03801033921798245
2023-04-17 02:00:00;0.03539083054306635;0.03539083054306635;0.03539083054306635
2023-04-17 03:00:00;0.02570950381407739;0.02570950381407739;0.02570950381407739
2023-04-17 04:00:00;0.02600228138646893;0.02600228138646893;0.02600228138646893
2023-04-17 05:00:00;0.024745858366495187;0.02166625562687638;0.024232591243225392
2023-04-17 06:00:00;0.04600100995958053;0.03873404214448942;0.044789848657065354
2023-04-17 07:00:00;0.056959338115485085;0.048877341376255046;0.05561233865894674
2023-04-17 08:00:00;0.11112186527581172;0.0916886776447304;0.10788300067063152
2023-04-17 09:00:00;0.12395728314958616;0.10443880140964795;0.12070420285959646
2023-04-17 10:00:00;0.17509192024114573;0.14467284430955837;0.17002207425254784
2023-04-17 11:00:00;0.09994843907567685;0.08969039724473313;0.09823876543718622
2023-04-17 12:00:00;0.08172527111304524;0.07479004671008561;0.08056940037921866
2023-04-17 13:00:00;0.08621995667503699;0.0752475007912012;0.08439121402773102
2023-04-17 14:00:00;0.058165744881989105;0.05067155081085407;0.05691671253679994
2023-04-17 15:00:00;0.030663796942572947;0.028505120139709635;0.030304017475429063
2023-04-17 16:00:00;0.024622079514302078;0.023282502469080233;0.02439881667343177
2023-04-17 17:00:00;0.02001278028786596;0.018883059190167712;0.019824493438249588
2023-04-17 18:00:00;0.01453888783697851;0.014213965136681751;0.014484734053595717
2023-04-17 19:00:00;0.015327924016643013;0.015327924016643013;0.015327924016643013
2023-04-17 20:00:00;0.016035379419146494;0.016035379419146494;0.016035379419146494
2023-04-17 21:00:00;0.017956298424337557;0.017956298424337557;0.017956298424337557
2023-04-17 22:00:00;0.01367572888146888;0.01367572888146888;0.01367572888146888
2023-04-17 23:00:00;0.014950061219921259;0.014950061219921259;0.014950061219921259
2023-04-18 00:00:00;0.014325332656257593;0.014325332656257593;0.014325332656257593
2023-04-18 01:00:00;0.013488368830570136;0.013488368830570136;0.013488368830570136
2023-04-18 02:00:00;0.013723933230252564;0.013723933230252564;0.013723933230252564
2023-04-18 03:00:00;0.014651409581979002;0.014651409581979002;0.014651409581979002
2023-04-18 04:00:00;0.01426011154633484;0.01426011154633484;0.01426011154633484
2023-04-18 05:00:00;0.021770691355537195;0.020525056748858427;0.021563085587757404
2023-04-18 06:00:00;0.03279162549149938;0.029439939003123722;0.0322330110767701
2023-04-18 07:00:00;0.0596668599171877;0.050217616631417855;0.058091986036226055
2023-04-18 08:00:00;0.1266635778083983;0.10413438299542833;0.12290871200623664
2023-04-18 09:00:00;0.20987815723266556;0.1722824491891436;0.20361220589207862
2023-04-18 10:00:00;0.14120416591187485;0.12450373400116169;0.13842076059342268
2023-04-18 11:00:00;0.11280968446306533;0.10207107365310561;0.11101991599473872
2023-04-18 12:00:00;0.08350491192534591;0.07672250532085036;0.08237451082459668
2023-04-18 13:00:00;0.20882400332373346;0.17506410086588367;0.20319735291409186
2023-04-18 14:00:00;0.14540160557634374;0.12762433530577122;0.142438727197915
2023-04-18 15:00:00;0.12928154620326868;0.11550249508451488;0.12698503768347638
2023-04-18 16:00:00;0.08822309922571853;0.08192744079468031;0.08717382282054549
2023-04-18 17:00:00;0.06320948952862365;0.05774176644635835;0.0622982023482461
2023-04-18 18:00:00;0.07025053670611665;0.06959254383731835;0.0701408712279836
2023-04-18 19:00:00;0.061513273685420214;0.061513273685420214;0.061513273685420214
2023-04-18 20:00:00;0.04696099629044514;0.04696099629044514;0.04696099629044514
2023-04-18 21:00:00;0.03994774123463233;0.03994774123463233;0.03994774123463233
2023-04-18 22:00:00;0.03319701312921828;0.03319701312921828;0.03319701312921828
2023-04-18 23:00:00;0.0304827201934736;0.0304827201934736;0.0304827201934736
2023-04-19 00:00:00;0.026213160351068743;0.026213160351068743;0.026213160351068743
2023-04-19 01:00:00;0.018787182429843716;0.018787182429843716;0.018787182429843716
2023-04-19 02:00:00;0.02068052606455234;0.02068052606455234;0.02068052606455234
2023-04-19 03:00:00;0.024795604580381055;0.024795604580381055;0.024795604580381055
2023-04-19 04:00:00;0.02016849329185384;0.02016849329185384;0.02016849329185384
2023-04-19 05:00:00;0.021980515070238772;0.0200441396637097;0.02165778583581726
2023-04-19 06:00:00;0.03641743940992469;0.030822146234381745;0.03548489054733421
2023-04-19 07:00:00;0.08865240308880755;0.07234207048362752;0.08593401432127758
2023-04-19 08:00:00;0.14942417406804956;0.12139390643729026;0.14475246279625636
2023-04-19 09:00:00;0.1401059034118968;0.11803761796367297;0.13642785583719286
2023-04-19 10:00:00;0.14827374129334345;0.12738441887573118;0.14479218755707474
2023-04-19 11:00:00;0.14338843073109728;0.12006499986827125;0.1395011922539596
2023-04-19 12:00:00;0.2304174080565338;0.18842306765585917;0.22341835132308807
2023-04-19 13:00:00;0.1781196988109232;0.1598828908936655;0.1750802308247136
2023-04-19 14:00:00;0.19586030639089455;0.1746569563434077;0.19232641471631343
2023-04-19 15:00:00;0.1391655370565601;0.131767566319278;0.13793254193367976
2023-04-19 16:00:00;0.12207282721551345;0.11823544756132905;0.12143326393981606
2023-04-19 17:00:00;0.08089668567434015;0.07904813515238444;0.08058859392068088
2023-04-19 18:00:00;0.05839053657498378;0.057942807169347195;0.058315915007377685
2023-04-19 19:00:00;0.05138668523936276;0.05138668523936276;0.05138668523936276
2023-04-19 20:00:00;0.05039873693479012;0.05039873693479012;0.05039873693479012
2023-04-19 21:00:00;0.05287229827783055;0.05287229827783055;0.05287229827783055
2023-04-19 22:00:00;0.046829897159785736;0.046829897159785736;0.046829897159785736
2023-04-19 23:00:00;0.03737672262209057;0.03737672262209057;0.03737672262209057
2023-04-20 00:00:00;0.040865015079767766;0.040865015079767766;0.040865015079767766
2023-04-20 01:00:00;0.048577067323070405;0.048577067323070405;0.048577067323070405
2023-04-20 02:00:00;0.048649487622000845;0.048649487622000845;0.048649487622000845
2023-04-20 03:00:00;0.05264431140276855;0.05264431140276855;0.05264431140276855
2023-04-20 04:00:00;0.04743258701950325;0.04743258701950325;0.04743258701950325
2023-04-20 05:00:00;0.042633909186930656;0.038641023687811714;0.041968428270410835
2023-04-20 06:00:00;0.09926097718362402;0.08051498591265924;0.09613664530512989
2023-04-20 07:00:00;0.12666064136344082;0.1065746152634141;0.12331297034676972
2023-04-20 08:00:00;0.12013507684091734;0.10387102190361543;0.1174244010180337
2023-04-20 09:00:00;0.1585614825504638;0.13522738813527285;0.15467246681459865
2023-04-20 10:00:00;0.2397992609777867;0.1981392867634121;0.2328559319420576
2023-04-20 11:00:00;0.2639822123099837;0.21937461398518923;0.2565476125891847
2023-04-20 12:00:00;0.3816637073560391;0.3089265417700355;0.3695408464250386
2023-04-20 13:00:00;0.3712485174581188;0.30630938904566796;0.360425329389377
2023-04-20 14:00:00;0.33495360865884943;0.28077001458328477;0.3259230096462553
2023-04-20 15:00:00;0.2827319855810829;0.23805777958627633;0.27528628458194854
2023-04-20 16:00:00;0.19842386186010083;0.1703373025869191;0.19374276864790393
2023-04-20 17:00:00;0.11894431781296289;0.10653840969002847;0.1168766664591405
2023-04-20 18:00:00;0.06379007558132413;0.06178271442369529;0.063455515388386
2023-04-20 19:00:00;0.06519779708143413;0.06519779708143413;0.06519779708143413
2023-04-20 20:00:00;0.06017484502687396;0.06017484502687396;0.06017484502687396
2023-04-20 21:00:00;0.058958745003493296;0.058958745003493296;0.058958745003493296
2023-04-20 22:00:00;0.04852022176636419;0.04852022176636419;0.04852022176636419
2023-04-20 23:00:00;0.044648977041535226;0.044648977041535226;0.044648977041535226
2023-04-21 00:00:00;0.04460170541286626;0.04460170541286626;0.04460170541286626
2023-04-21 01:00:00;0.042035629179232585;0.042035629179232585;0.042035629179232585
2023-04-21 02:00:00;0.040983225077424315;0.040983225077424315;0.040983225077424315
2023-04-21 03:00:00;0.039964395652759985;0.039964395652759985;0.039964395652759985
2023-04-21 04:00:00;0.028391258846086242;0.028391258846086242;0.028391258846086242
2023-04-21 05:00:00;0.02999081374189891;0.028751744579025396;0.029784302214753325
2023-04-21 06:00:00;0.0637969679325856;0.0571674271951853;0.06269204447635222
2023-04-21 07:00:00;0.11430628489186438;0.09887866462208167;0.11173501484690058
2023-04-21 08:00:00;0.14056104001637004;0.12239917910039186;0.13753406319704034
2023-04-21 09:00:00;0.18665824641299894;0.16206197189742197;0.18255886732706944
2023-04-21 10:00:00;0.21471490786754618;0.1841802934645023;0.20962580546703888
2023-04-21 11:00:00;0.3045502047054456;0.25668421201032443;0.2965725392562587
2023-04-21 12:00:00;0.385497168602972;0.3193683658601975;0.37447570147917625
2023-04-21 13:00:00;0.40582847712878073;0.335612017070007;0.39412573378565186
2023-04-21 14:00:00;0.3461756617081904;0.29245245817704985;0.33722179445300027
2023-04-21 15:00:00;0.2781219223471135;0.2404465127180841;0.27184268740894196
2023-04-21 16:00:00;0.23156573411052508;0.2049679337540713;0.22713276738444946
2023-04-21 17:00:00;0.14776697132358577;0.13882091888940484;0.1462759625845556
2023-04-21 18:00:00;0.07830009305764808;0.07632493697003259;0.07797090037637884
2023-04-21 19:00:00;0.06787445252661767;0.06787445252661767;0.06787445252661767
2023-04-21 20:00:00;0.08605819606333538;0.08605819606333538;0.08605819606333538
2023-04-21 21:00:00;0.07482923399672449;0.07482923399672449;0.07482923399672449
2023-04-21 22:00:00;0.07193115922552525;0.07193115922552525;0.07193115922552525
2023-04-21 23:00:00;0.07654031153696077;0.07654031153696077;0.07654031153696077
2023-04-22 00:00:00;0.07738655611934353;0.07738655611934353;0.07738655611934353
2023-04-22 01:00:00;0.05274672104057672;0.05274672104057672;0.05274672104057672
2023-04-22 02:00:00;0.057724927731856834;0.057724927731856834;0.057724927731856834
2023-04-22 03:00:00;0.057734278035997136;0.057734278035997136;0.057734278035997136
2023-04-22 04:00:00;0.053552948826888866;0.053552948826888866;0.053552948826888866
2023-04-22 05:00:00;0.04667087326644782;0.044790867463568675;0.04635753896596796
2023-04-22 06:00:00;0.08432463654631;0.07163889983404467;0.08221034709426576
2023-04-22 07:00:00;0.16521642400976455;0.13833448645835525;0.16073610108452965
2023-04-22 08:00:00;0.26425751790990615;0.22267531714745292;0.25732715111616394
2023-04-22 09:00:00;0.3656152070903419;0.3075022370545088;0.3559297120843698
2023-04-22 10:00:00;0.4268723720164109;0.36144454615855964;0.4159677343734357
2023-04-22 11:00:00;0.47300871760669433;0.40143822094637416;0.461080301496641
2023-04-22 12:00:00;0.5076808112293695;0.43177108090427047;0.4950291895085197
2023-04-22 13:00:00;0.45807386708528813;0.39369006092043374;0.44734323272447907
2023-04-22 14:00:00;0.3826266014963053;0.33242218277460245;0.3742591983760215
2023-04-22 15:00:00;0.29235198585465233;0.2657078887566581;0.28791130300498663
2023-04-22 16:00:00;0.2965537488588295;0.2582251022386729;0.2901656410888035
2023-04-22 17:00:00;0.20011173045029704;0.18371196750907604;0.19737843662676025
2023-04-22 18:00:00;0.09930831484036354;0.09589013917586088;0.09873861889627976
2023-04-22 19:00:00;0.06616807019660265;0.06616807019660265;0.06616807019660265
2023-04-22 20:00:00;0.10752867088603126;0.10752867088603126;0.10752867088603126
2023-04-22 21:00:00;0.08300747375451484;0.08300747375451484;0.08300747375451484
2023-04-22 22:00:00;0.07432449443824982;0.07432449443824982;0.07432449443824982
2023-04-22 23:00:00;0.06221758426781734;0.06221758426781734;0.06221758426781734
2023-04-23 00:00:00;0.06554755758496032;0.06554755758496032;0.06554755758496032
2023-04-23 01:00:00;0.05769359876266855;0.05769359876266855;0.05769359876266855
2023-04-23 02:00:00;0.056353921062970776;0.056353921062970776;0.056353921062970776
2023-04-23 03:00:00;0.029813781921611025;0.029813781921611025;0.029813781921611025
2023-04-23 04:00:00;0.02525019454683752;0.02525019454683752;0.02525019454683752
2023-04-23 05:00:00;0.023148416078233494;0.02265539149040001;0.023066245313594583
2023-04-23 06:00:00;0.024877535563755812;0.023987123017523627;0.024729133472717116
2023-04-23 07:00:00;0.0276095310353455;0.025429756880522385;0.027246235342874982
2023-04-23 08:00:00;0.03468347493974445;0.030726728304078868;0.03402401716713351
2023-04-23 09:00:00;0.051292899838330776;0.044104484311757564;0.050094830583901906
2023-04-23 10:00:00;0.06971346622887334;0.05867292550975739;0.0678733761090207
2023-04-23 11:00:00;0.06724775874519755;0.057131935167861726;0.06556178814897493
2023-04-23 12:00:00;0.07664712873779612;0.06691429389723189;0.07502498959770208
2023-04-23 13:00:00;0.07258186748495822;0.06304821527218588;0.07099292544949617
2023-04-23 14:00:00;0.07459638507906995;0.062433504723901655;0.07256923835320857
2023-04-23 15:00:00;0.07295484475516179;0.060781348406482756;0.07092592869704861
2023-04-23 16:00:00;0.04215759763928376;0.03670730379352979;0.0412492153316581
2023-04-23 17:00:00;0.023772794867649032;0.02209548389213476;0.023493243038396654
2023-04-23 18:00:00;0.016214750268903788;0.015564044004844317;0.01610629922489388
2023-04-23 19:00:00;0.017651117411086735;0.017651117411086735;0.017651117411086735
2023-04-23 20:00:00;0.01682772445605977;0.01682772445605977;0.01682772445605977
2023-04-23 21:00:00;0.017112921331809933;0.017112921331809933;0.017112921331809933
2023-04-23 22:00:00;0.018577084178526958;0.018577084178526958;0.018577084178526958
2023-04-23 23:00:00;0.021964269640095117;0.021964269640095117;0.021964269640095117
2023-04-24 00:00:00;0.024238535320028665;0.024238535320028665;0.024238535320028665
2023-04-24 01:00:00;0.018383647381059926;0.018383647381059926;0.018383647381059926
2023-04-24 02:00:00;0.018294297930233985;0.018294297930233985;0.018294297930233985
2023-04-24 03:00:00;0.017206184307118712;0.017206184307118712;0.017206184307118712
2023-04-24 04:00:00;0.01606828799011911;0.01606828799011911;0.01606828799011911
2023-04-24 05:00:00;0.01672604708867101;0.01565078161859593;0.01654683617699183
2023-04-24 06:00:00;0.030067979720965688;0.025791662779414536;0.029355260230707173
2023-04-24 07:00:00;0.048136383673479194;0.04009221130054133;0.04679568827798955
2023-04-24 08:00:00;0.051605487405952104;0.044095707254038184;0.05035385738063312
2023-04-24 09:00:00;0.06186692682614546;0.05257970818271255;0.06031905705223997
2023-04-24 10:00:00;0.1005212260871625;0.08348329805897899;0.09768157141579858
2023-04-24 11:00:00;0.04391979195508244;0.03935928967474181;0.04315970824169234
2023-04-24 12:00:00;0.049047193491011394;0.04330687660561965;0.04809047401011278
2023-04-24 13:00:00;0.09854669590377695;0.08125796128283484;0.09566524013361993
2023-04-24 14:00:00;0.07261773073217052;0.06135087131316189;0.07073992082900243
2023-04-24 15:00:00;0.041236665496429306;0.0357136631587214;0.04031616510681133
2023-04-24 16:00:00;0.03651926235548418;0.03244211793621818;0.035839738285606514
2023-04-24 17:00:00;0.028541811160086604;0.026425323768976546;0.028189063261568257
2023-04-24 18:00:00;0.01906422658174815;0.018646663815366827;0.018994632787351265
2023-04-24 19:00:00;0.0202321881821078;0.0202321881821078;0.0202321881821078
2023-04-24 20:00:00;0.02020695570283475;0.02020695570283475;0.02020695570283475
2023-04-24 21:00:00;0.020252631650737513;0.020252631650737513;0.020252631650737513
2023-04-24 22:00:00;0.020222332262872386;0.020222332262872386;0.020222332262872386
2023-04-24 23:00:00;0.0201112771085919;0.0201112771085919;0.0201112771085919
2023-04-25 00:00:00;0.01994644290302767;0.01994644290302767;0.01994644290302767
2023-04-25 01:00:00;0.018273700628785992;0.018273700628785992;0.018273700628785992
2023-04-25 02:00:00;0.015512113023365649;0.015512113023365649;0.015512113023365649
2023-04-25 03:00:00;0.016027158922966016;0.016027158922966016;0.016027158922966016
2023-04-25 04:00:00;0.01608705878706955;0.01608705878706955;0.01608705878706955
2023-04-25 05:00:00;0.01775375461864932;0.016252030764674068;0.017503467309653447
2023-04-25 06:00:00;0.03944415884930098;0.033177305548438035;0.038399683299157154
2023-04-25 07:00:00;0.05670177685231666;0.047470430347841985;0.055163219101570876
2023-04-25 08:00:00;0.09531580199860278;0.07787768839800403;0.0924094497318363
2023-04-25 09:00:00;0.15922132702359418;0.12890008156860225;0.15416778611442886
2023-04-25 10:00:00;0.2734720858866208;0.21938795564567587;0.26445806417979667
2023-04-25 11:00:00;0.3109378804567535;0.2497557515852178;0.30074085897816427
2023-04-25 12:00:00;0.3122462696677072;0.252607711128448;0.302306509911164
2023-04-25 13:00:00;0.27091533080295105;0.22096396352673128;0.26259010292358115
2023-04-25 14:00:00;0.2758783570292257;0.22183357246685592;0.2668708929354975
2023-04-25 15:00:00;0.16744946787012877;0.13701968829666022;0.16237783794121735
2023-04-25 16:00:00;0.14547042847144326;0.12341827837982662;0.1417950701228405
2023-04-25 17:00:00;0.07926739833651594;0.07011205699468392;0.07774150811287729
2023-04-25 18:00:00;0.0307501439333883;0.029312217230981555;0.030510489482987176
2023-04-25 19:00:00;0.02789199004497514;0.02789199004497514;0.02789199004497514
2023-04-25 20:00:00;0.020269384285086643;0.020269384285086643;0.020269384285086643
2023-04-25 21:00:00;0.017997813538292717;0.017997813538292717;0.017997813538292717
2023-04-25 22:00:00;0.017097941628824817;0.017097941628824817;0.017097941628824817
2023-04-25 23:00:00;0.017720503542953958;0.017720503542953958;0.017720503542953958
2023-04-26 00:00:00;0.016976375945941778;0.016976375945941778;0.016976375945941778
2023-04-26 01:00:00;0.015898600486598264;0.015898600486598264;0.015898600486598264
2023-04-26 02:00:00;0.02070135017533099;0.02070135017533099;0.02070135017533099
2023-04-26 03:00:00;0.016634128565978543;0.016634128565978543;0.016634128565978543
2023-04-26 04:00:00;0.011268056241601997;0.010961043474696362;0.011216887447117725
2023-04-26 05:00:00;0.026875782958921672;0.018390480057330058;0.025461565808656404
2023-04-26 06:00:00;0.07865888294937448;0.06084793208295392;0.0756903911383044
2023-04-26 07:00:00;0.12138112214896561;0.09590780049352612;0.1171355685397257
2023-04-26 08:00:00;0.2709265961803013;0.21353849875735081;0.26136191327647623
2023-04-26 09:00:00;0.38906172694172253;0.30899708079708704;0.37571761925095
2023-04-26 10:00:00;0.4386248045852746;0.3545654350716293;0.42461490966633375
2023-04-26 11:00:00;0.4492799646449137;0.3713639531898941;0.4362939627357438
2023-04-26 12:00:00;0.4579962901592374;0.38125277251708345;0.4452057038855451
2023-04-26 13:00:00;0.3650431302375721;0.30894344883244684;0.35569318333671784
2023-04-26 14:00:00;0.2883550187735505;0.2470650827657298;0.28147336277224716
2023-04-26 15:00:00;0.34044542791818383;0.2861599899391533;0.3313978549216788
2023-04-26 16:00:00;0.20597474404122393;0.1744956303390421;0.20072822509086036
2023-04-26 17:00:00;0.07968654659722454;0.07298413254171084;0.07856947758797228
2023-04-26 18:00:00;0.05467767049141751;0.05412825915597726;0.0545861019355108
2023-04-26 19:00:00;0.05187636591064595;0.05187636591064595;0.05187636591064595
2023-04-26 20:00:00;0.021930354454890857;0.021930354454890857;0.021930354454890857
2023-04-26 21:00:00;0.019048172573105978;0.019048172573105978;0.019048172573105978
2023-04-26 22:00:00;0.01774656220160343;0.01774656220160343;0.01774656220160343
2023-04-26 23:00:00;0.019523933399852367;0.019523933399852367;0.019523933399852367
2023-04-27 00:00:00;0.01796535807958951;0.01796535807958951;0.01796535807958951
2023-04-27 01:00:00;0.01646221223564725;0.01646221223564725;0.01646221223564725
2023-04-27 02:00:00;0.015721876521230815;0.015721876521230815;0.015721876521230815
2023-04-27 03:00:00;0.015065918174184947;0.015065918174184947;0.015065918174184947
2023-04-27 04:00:00;0.011337082698814832;0.011111447953175884;0.011299476907875007
2023-04-27 05:00:00;0.028828614847401863;0.01963809776705179;0.02729686200067686
2023-04-27 06:00:00;0.07966688870129507;0.061233891386194034;0.07659472248211156
2023-04-27 07:00:00;0.18181332659167765;0.14239024391695093;0.1752428128125565
2023-04-27 08:00:00;0.2725647663996739;0.21637772305458605;0.2632002591754926
2023-04-27 09:00:00;0.4219447370317591;0.3350475334056107;0.40746186976073445
2023-04-27 10:00:00;0.39048929092103396;0.31783722487617716;0.37838061324689115
2023-04-27 11:00:00;0.31256591256855765;0.26398401579906033;0.30446892977364143
2023-04-27 12:00:00;0.3473516559242149;0.2877337857500519;0.3374153442285211
2023-04-27 13:00:00;0.5208664004049028;0.4213458546049244;0.5042796427715732
2023-04-27 14:00:00;0.3431012146557561;0.2801335554208525;0.33260660478327225
2023-04-27 15:00:00;0.33462425354366276;0.281689916372614;0.3258018640151547
2023-04-27 16:00:00;0.2605493097699871;0.209948128836267;0.2521157796143671
2023-04-27 17:00:00;0.11328196823254885;0.09044366937377443;0.10947558508941978
2023-04-27 18:00:00;0.0526146816446717;0.04747059158321868;0.05175733330109621
2023-04-27 19:00:00;0.08222077550481195;0.08222077550481195;0.08222077550481195
2023-04-27 20:00:00;0.060195379478896575;0.060195379478896575;0.060195379478896575
2023-04-27 21:00:00;0.03750372678795019;0.03750372678795019;0.03750372678795019
2023-04-27 22:00:00;0.033393564207734115;0.033393564207734115;0.033393564207734115
2023-04-27 23:00:00;0.02577300319943743;0.02577300319943743;0.02577300319943743
2023-04-28 00:00:00;0.029535401969296403;0.029535401969296403;0.029535401969296403
2023-04-28 01:00:00;0.024968409728654283;0.024968409728654283;0.024968409728654283
2023-04-28 02:00:00;0.02957943097528489;0.02957943097528489;0.02957943097528489
2023-04-28 03:00:00;0.020968563185863313;0.020968563185863313;0.020968563185863313
2023-04-28 04:00:00;0.011991172527252885;0.011514207156526162;0.01191167829879843
2023-04-28 05:00:00;0.03348918710699469;0.024666507136734035;0.03201874044528459
2023-04-28 06:00:00;0.11113867564774108;0.08614990191348633;0.10697388002536529
2023-04-28 07:00:00;0.22338769930328767;0.176133415897877;0.21551198540238595
2023-04-28 08:00:00;0.3325731842364044;0.2665248692539047;0.32156513173932116
2023-04-28 09:00:00;0.46037307463212446;0.3717999256166351;0.4456108831295429
2023-04-28 10:00:00;0.5479375923858266;0.4473936312781431;0.5311802655345461
2023-04-28 11:00:00;0.5890219521392928;0.4822953527519628;0.5712341855747377
2023-04-28 12:00:00;0.60805969342205;0.4948696779062116;0.589194690836077
2023-04-28 13:00:00;0.5796859115833373;0.47201841527178157;0.5617413288647447
2023-04-28 14:00:00;0.4961393108173389;0.40574452011710016;0.4810735123672992
2023-04-28 15:00:00;0.41422066959880677;0.33700315979855483;0.4013510846320981
2023-04-28 16:00:00;0.304422718022688;0.25620606004618;0.2963866083599367
2023-04-28 17:00:00;0.1330350023863098;0.10529024900758405;0.12841087682318886
2023-04-28 18:00:00;0.030668922503148788;0.026159044324309485;0.029917276140008907
2023-04-28 19:00:00;0.05541151305664258;0.05541151305664258;0.05541151305664258
2023-04-28 20:00:00;0.045067617026389534;0.045067617026389534;0.045067617026389534
2023-04-28 21:00:00;0.049787203711814;0.049787203711814;0.049787203711814
2023-04-28 22:00:00;0.036666562408562045;0.036666562408562045;0.036666562408562045
2023-04-28 23:00:00;0.03425783278655593;0.03425783278655593;0.03425783278655593
2023-04-29 00:00:00;0.06578198718447853;0.06578198718447853;0.06578198718447853
2023-04-29 01:00:00;0.05367049206594164;0.05367049206594164;0.05367049206594164
2023-04-29 02:00:00;0.05823378628459693;0.05823378628459693;0.05823378628459693
2023-04-29 03:00:00;0.06354729448168019;0.06354729448168019;0.06354729448168019
2023-04-29 04:00:00;0.04747693656328737;0.04716938670803461;0.047425678254078577
2023-04-29 05:00:00;0.055623769910766736;0.04902587247587256;0.05452412033828438
2023-04-29 06:00:00;0.08949331829064161;0.07930057589099121;0.08779452789069989
2023-04-29 07:00:00;0.22887929438549115;0.18962824120872848;0.222337452189364
2023-04-29 08:00:00;0.39020311878379726;0.3176668962765567;0.3781137483659239
2023-04-29 09:00:00;0.49614977360433354;0.4129461510839982;0.4822825031842776
2023-04-29 10:00:00;0.5527562770733436;0.4680629659450422;0.5386407252186267
2023-04-29 11:00:00;0.6120541098998565;0.5219635519116649;0.5970390169018246
2023-04-29 12:00:00;0.4523331697800556;0.4041359821756796;0.4443003051793263
2023-04-29 13:00:00;0.41434159169302553;0.3753593670848389;0.4078445542583278
2023-04-29 14:00:00;0.3399789415913796;0.309583972357082;0.3349131133856634
2023-04-29 15:00:00;0.29137904546726034;0.26885604411741204;0.2876252119089523
2023-04-29 16:00:00;0.3085826647283565;0.2849096133554177;0.3046371561662
2023-04-29 17:00:00;0.23499175463651317;0.22661283001012225;0.23359526719878138
2023-04-29 18:00:00;0.18631766949031403;0.18499986623312223;0.1860980356141154
2023-04-29 19:00:00;0.11965208374329717;0.11965208374329717;0.11965208374329717
2023-04-29 20:00:00;0.10138178803113682;0.10138178803113682;0.10138178803113682
2023-04-29 21:00:00;0.04103842697310731;0.04103842697310731;0.04103842697310731
2023-04-29 22:00:00;0.033728102995322216;0.033728102995322216;0.033728102995322216
2023-04-29 23:00:00;0.027892550644819946;0.027892550644819946;0.027892550644819946
2023-04-30 00:00:00;0.024594201015342165;0.024594201015342165;0.024594201015342165
2023-04-30 01:00:00;0.02598432388147905;0.02598432388147905;0.02598432388147905
2023-04-30 02:00:00;0.022034292845943774;0.022034292845943774;0.022034292845943774
2023-04-30 03:00:00;0.021639801790402275;0.021639801790402275;0.021639801790402275
2023-04-30 04:00:00;0.018800177802670015;0.018800177802670015;0.018800177802670015
2023-04-30 05:00:00;0.02042256797861657;0.019595120013379715;0.020284659984410425
2023-04-30 06:00:00;0.026642004595983707;0.02451723530095023;0.026287876380144792
2023-04-30 07:00:00;0.03499261321640042;0.030743395282177774;0.03428441022736332
2023-04-30 08:00:00;0.059868837508270226;0.051455680758495256;0.058466644716641064
2023-04-30 09:00:00;0.08896583093397945;0.07602302532317134;0.08680869666551144
2023-04-30 10:00:00;0.14393375652280962;0.12008099135795887;0.1399582956620012
2023-04-30 11:00:00;0.1725108159840088;0.14502877549735793;0.1679304759029003
2023-04-30 12:00:00;0.1403491087453766;0.12484271463575111;0.13776470972710567
2023-04-30 13:00:00;0.13046372656806782;0.11770632920166317;0.12833749367366706
2023-04-30 14:00:00;0.14911864079198017;0.13637396757272363;0.14699452858877077
2023-04-30 15:00:00;0.19118922837077987;0.16856462687545998;0.18741846145489321
2023-04-30 16:00:00;0.14942766879558253;0.13952111456263414;0.14777657642342445
2023-04-30 17:00:00;0.11975707121533231;0.11708525078660985;0.11931176781054524
2023-04-30 18:00:00;0.1066247231771909;0.10618129538585921;0.10655081854530228
2023-04-30 19:00:00;0.06380792526790464;0.06380792526790464;0.06380792526790464
2023-04-30 20:00:00;0.048104816266849065;0.048104816266849065;0.048104816266849065
2023-04-30 21:00:00;0.03778761959746153;0.03778761959746153;0.03778761959746153
2023-04-30 22:00:00;0.027844426397045194;0.027844426397045194;0.027844426397045194
2023-04-30 23:00:00;0.025540760679839215;0.025540760679839215;0.025540760679839215
2023-05-01 00:00:00;0.027399307669100238;0.027399307669100238;0.027399307669100238
2023-05-01 01:00:00;0.03258998145064109;0.03258998145064109;0.03258998145064109
2023-05-01 02:00:00;0.03671197422518018;0.03671197422518018;0.03671197422518018
2023-05-01 03:00:00;0.030455331705068606;0.030455331705068606;0.030455331705068606
2023-05-01 04:00:00;0.02835643166288592;0.02835643166288592;0.02835643166288592
2023-05-01 05:00:00;0.029385273878335488;0.028888222214723487;0.029302431934400158
2023-05-01 06:00:00;0.03125213119339488;0.03037129595112156;0.03110532531968266
2023-05-01 07:00:00;0.029572920247700512;0.028191580514001318;0.029342696958750643
2023-05-01 08:00:00;0.04117587430153805;0.0372809936341187;0.04052672752363483
2023-05-01 09:00:00;0.0814467310624954;0.06891569944104171;0.07935822579225313
2023-05-01 10:00:00;0.06371677370057731;0.057212085935693206;0.06263265907309663
2023-05-01 11:00:00;0.0734367984939737;0.06273001158821348;0.07165233400968035
2023-05-01 12:00:00;0.0840026444121387;0.07201858486867205;0.08200530115489427
2023-05-01 13:00:00;0.05083529395657244;0.04403128087577433;0.04970129177643942
2023-05-01 14:00:00;0.11865776548204826;0.09900793281334824;0.11538279337059826
2023-05-01 15:00:00;0.17763324481150677;0.14507394006537885;0.1722066940204855
2023-05-01 16:00:00;0.17036978364807603;0.14327208288589924;0.16585350018771325
2023-05-01 17:00:00;0.11314292793342393;0.09647070718700534;0.1103642244756875
2023-05-01 18:00:00;0.04449183160158409;0.03928332101850946;0.04362374650440499
2023-05-01 19:00:00;0.027112396580592543;0.027112396580592543;0.027112396580592543
2023-05-01 20:00:00;0.02975790274015839;0.02975790274015839;0.02975790274015839
2023-05-01 21:00:00;0.024312498543411103;0.024312498543411103;0.024312498543411103
2023-05-01 22:00:00;0.026740615533326902;0.026740615533326902;0.026740615533326902
2023-05-01 23:00:00;0.019319982024534648;0.019319982024534648;0.019319982024534648
2023-05-02 00:00:00;0.01670535928670255;0.01670535928670255;0.01670535928670255
2023-05-02 01:00:00;0.017150810743567738;0.017150810743567738;0.017150810743567738
2023-05-02 02:00:00;0.015471705337192514;0.015471705337192514;0.015471705337192514
2023-05-02 03:00:00;0.016145161629936528;0.016145161629936528;0.016145161629936528
2023-05-02 04:00:00;0.005044530728232317;0.004255063619271716;0.004912952876738884
2023-05-02 05:00:00;0.028999259907274626;0.022837124960105537;0.02797223741607978
2023-05-02 06:00:00;0.09493400294421318;0.07349768781372222;0.09136128375579805
2023-05-02 07:00:00;0.1632834992649104;0.13101332149908956;0.15790513630394024
2023-05-02 08:00:00;0.17406711543312914;0.14237645188237652;0.1687853381746704
2023-05-02 09:00:00;0.20934965332927488;0.17434967864455223;0.20351632421515445
2023-05-02 10:00:00;0.3063046279616291;0.2520980221309418;0.29727019365651464
2023-05-02 11:00:00;0.16587890085540075;0.14837883630598878;0.16296222343049876
2023-05-02 12:00:00;0.3502733802205021;0.2882517713372551;0.3399364454066276
2023-05-02 13:00:00;0.21689115790862068;0.18194941053693608;0.21106753334667322
2023-05-02 14:00:00;0.1149465968849193;0.10761585566813141;0.11372480668212133
2023-05-02 15:00:00;0.08590180398830588;0.0769532964954482;0.08441038607282961
2023-05-02 16:00:00;0.11266854754722894;0.09097712975285473;0.10905331124816657
2023-05-02 17:00:00;0.07810834936560676;0.06858208540624425;0.076520638705713
2023-05-02 18:00:00;0.046032912880013196;0.045099101593251645;0.04587727766555293
2023-05-02 19:00:00;0.04127071021312199;0.04127071021312199;0.04127071021312199
2023-05-02 20:00:00;0.03394848801092615;0.03394848801092615;0.03394848801092615
2023-05-02 21:00:00;0.023949755522126432;0.023949755522126432;0.023949755522126432
2023-05-02 22:00:00;0.02230078722124607;0.02230078722124607;0.02230078722124607
2023-05-02 23:00:00;0.024075355994037838;0.024075355994037838;0.024075355994037838
2023-05-03 00:00:00;0.02555329481140928;0.02555329481140928;0.02555329481140928
2023-05-03 01:00:00;0.02682283048756487;0.02682283048756487;0.02682283048756487
2023-05-03 02:00:00;0.02908231204730976;0.02908231204730976;0.02908231204730976
2023-05-03 03:00:00;0.03344385137549655;0.03344385137549655;0.03344385137549655
2023-05-03 04:00:00;0.034201949120817955;0.0340023194043293;0.03416867750140318
2023-05-03 05:00:00;0.04180161220724557;0.040549723457580594;0.04159296408230141
2023-05-03 06:00:00;0.04726268922657336;0.04334670310276565;0.04661002487260541
2023-05-03 07:00:00;0.05843117893192418;0.05164552120221965;0.057300235976973424
2023-05-03 08:00:00;0.0883646010622625;0.07585004218066146;0.08627884124866232
2023-05-03 09:00:00;0.08195008631842894;0.07054926805240841;0.08004994994075887
2023-05-03 10:00:00;0.07511216720662789;0.06758887244462543;0.07385828474629415
2023-05-03 11:00:00;0.10571117977544459;0.09252300090718599;0.10351314996406816
2023-05-03 12:00:00;0.15264909922970002;0.1318418100081407;0.14918121769277345
2023-05-03 13:00:00;0.23170643939715324;0.19210584357843713;0.22510634009403388
2023-05-03 14:00:00;0.165724194331578;0.142368406599538;0.16183156304290466
2023-05-03 15:00:00;0.18688241554951837;0.15773400960812692;0.18202434789261981
2023-05-03 16:00:00;0.10908998234075631;0.10059566957446758;0.10767426354637485
2023-05-03 17:00:00;0.08582374772165427;0.08384709308738703;0.08549430528260973
2023-05-03 18:00:00;0.06694711330120412;0.0661766919704991;0.06681870974608661
2023-05-03 19:00:00;0.05575434502339532;0.05575434502339532;0.05575434502339532
2023-05-03 20:00:00;0.04904877869526174;0.04904877869526174;0.04904877869526174
2023-05-03 21:00:00;0.04336324923354939;0.04336324923354939;0.04336324923354939
2023-05-03 22:00:00;0.05000338221436441;0.05000338221436441;0.05000338221436441
2023-05-03 23:00:00;0.04553968881937895;0.04553968881937895;0.04553968881937895
2023-05-04 00:00:00;0.044472149225925434;0.044472149225925434;0.044472149225925434
2023-05-04 01:00:00;0.04908885825178042;0.04908885825178042;0.04908885825178042
2023-05-04 02:00:00;0.046311490634301636;0.046311490634301636;0.046311490634301636
2023-05-04 03:00:00;0.03885483227565159;0.03885483227565159;0.03885483227565159
2023-05-04 04:00:00;0.031848921161280026;0.03164327513687644;0.03181464682387943
2023-05-04 05:00:00;0.03073139553303965;0.02935672774152776;0.03050228423445434
2023-05-04 06:00:00;0.0438602526534007;0.038185067183261326;0.04291438840837747
2023-05-04 07:00:00;0.06492351286946606;0.055572294843443476;0.06336497653179564
2023-05-04 08:00:00;0.11649869539423015;0.09547028807315722;0.112993960840718
2023-05-04 09:00:00;0.10930676505824795;0.09106976545808262;0.10626726512488707
2023-05-04 10:00:00;0.2105859086799616;0.17198256379509058;0.20415201786581644
2023-05-04 11:00:00;0.3153774383745265;0.26137454058659204;0.3063769554098707
2023-05-04 12:00:00;0.34091084990561354;0.28921133276138616;0.332294263714909
2023-05-04 13:00:00;0.29065176676914706;0.24908901383615378;0.2837246412803148
2023-05-04 14:00:00;0.2998557837683425;0.2582766458545776;0.2929259274493816
2023-05-04 15:00:00;0.3036926619816704;0.25734788421176497;0.2959685323533528
2023-05-04 16:00:00;0.18038632532982532;0.15281722892019228;0.17579147592821984
2023-05-04 17:00:00;0.13007697677036084;0.1140656716756466;0.12740842592124182
2023-05-04 18:00:00;0.07528358440957751;0.0729226622934548;0.07489009739022374
2023-05-04 19:00:00;0.059252965578794115;0.059252965578794115;0.059252965578794115
2023-05-04 20:00:00;0.050690668717357286;0.050690668717357286;0.050690668717357286
2023-05-04 21:00:00;0.03210482785400309;0.03210482785400309;0.03210482785400309
2023-05-04 22:00:00;0.02794475694547239;0.02794475694547239;0.02794475694547239
2023-05-04 23:00:00;0.023279432411182542;0.023279432411182542;0.023279432411182542
2023-05-05 00:00:00;0.025554775970160648;0.025554775970160648;0.025554775970160648
2023-05-05 01:00:00;0.01821009938037235;0.01821009938037235;0.01821009938037235
2023-05-05 02:00:00;0.016257918803028553;0.016257918803028553;0.016257918803028553
2023-05-05 03:00:00;0.017944092396960383;0.017944092396960383;0.017944092396960383
2023-05-05 04:00:00;0.009589999241953284;0.008998148161679473;0.009491357395240981
2023-05-05 05:00:00;0.030428166386403277;0.02442148297512762;0.029427052484524006
2023-05-05 06:00:00;0.08560370870688123;0.06820780608097844;0.08270439160256411
2023-05-05 07:00:00;0.27792051808696233;0.21681117002818276;0.2677356267438325
2023-05-05 08:00:00;0.348483832709574;0.2842836693757749;0.33778380548727416
2023-05-05 09:00:00;0.44552351927267575;0.36401732107325724;0.43193915290610596
2023-05-05 10:00:00;0.5282142212898289;0.43004693957818607;0.5118530076712218
2023-05-05 11:00:00;0.6301376550868463;0.5100199902191818;0.6101180442755689
2023-05-05 12:00:00;0.5179909572840463;0.42287836986962385;0.5021388593816426
2023-05-05 13:00:00;0.4406856371129042;0.36175887283331354;0.4275311763996391
2023-05-05 14:00:00;;;
2023-05-05 15:00:00;0.41350431774687063;0.3490853668708997;0.4027678259342089
2023-05-05 16:00:00;0.3657663844179822;0.31698959691954826;0.3576369198349098
2023-05-05 17:00:00;0.2211420514659813;0.20023419433743203;0.21765740861122307
2023-05-05 18:00:00;0.15499586431421283;0.14790845511809447;0.15381462944819313
2023-05-05 19:00:00;0.10599361820472378;0.10599361820472378;0.10599361820472378
2023-05-05 20:00:00;0.08838193870742624;0.08838193870742624;0.08838193870742624
2023-05-05 21:00:00;0.08298534141122954;0.08298534141122954;0.08298534141122954
2023-05-05 22:00:00;0.08040382457586963;0.08040382457586963;0.08040382457586963
2023-05-05 23:00:00;0.09058455242133646;0.09058455242133646;0.09058455242133646
2023-05-06 00:00:00;0.07923655556004473;0.07923655556004473;0.07923655556004473
2023-05-06 01:00:00;0.08552989097304624;0.08552989097304624;0.08552989097304624
2023-05-06 02:00:00;0.0929485693523964;0.0929485693523964;0.0929485693523964
2023-05-06 03:00:00;0.0911843243724774;0.0911843243724774;0.0911843243724774
2023-05-06 04:00:00;0.08624921856408586;0.0852389466339842;0.08608083990906892
2023-05-06 05:00:00;0.12963754591829724;0.11822715129507883;0.12773581348109417
2023-05-06 06:00:00;0.22270902614044513;0.19629787412675462;0.21830716747149675
2023-05-06 07:00:00;0.3413892760036434;0.2940810548388364;0.33350457247617554
2023-05-06 08:00:00;0.4695971534382901;0.4008483590182698;0.45813902103495346
2023-05-06 09:00:00;0.5981825905406906;0.49503670652912607;0.5809916098720964
2023-05-06 10:00:00;0.6914712869755315;0.5810775680416901;0.6730723338198914
2023-05-06 11:00:00;0.7578960833685308;0.6358385500300612;0.7375531611454526
2023-05-06 12:00:00;0.77167256747887;0.6417213449994861;0.7500140303989727
2023-05-06 13:00:00;0.6019515982123175;0.5200368460009519;0.5882991395104232
2023-05-06 14:00:00;0.48836692834473855;0.4369654226990804;0.4798000107371289
2023-05-06 15:00:00;0.4449465999430108;0.4065396151202815;0.4385454358058893
2023-05-06 16:00:00;0.3848756178156277;0.3516787734130872;0.3793428104152043
2023-05-06 17:00:00;0.3368848991787839;0.31235175633185625;0.3327960420376293
2023-05-06 18:00:00;0.23066928706621087;0.22224923200130448;0.22926594455539315
2023-05-06 19:00:00;0.14229725784019617;0.14188830679789727;0.1422290993331464
2023-05-06 20:00:00;0.13865193171636603;0.13865193171636603;0.13865193171636603
2023-05-06 21:00:00;0.11280942512084727;0.11280942512084727;0.11280942512084727
2023-05-06 22:00:00;0.09933075836007493;0.09933075836007493;0.09933075836007493
2023-05-06 23:00:00;0.13396757698701414;0.13396757698701414;0.13396757698701414
2023-05-07 00:00:00;0.11580654426504502;0.11580654426504502;0.11580654426504502
2023-05-07 01:00:00;0.11427607904729889;0.11427607904729889;0.11427607904729889
2023-05-07 02:00:00;0.10495162716576456;0.10495162716576456;0.10495162716576456
2023-05-07 03:00:00;0.08753291100490529;0.08753291100490529;0.08753291100490529
2023-05-07 04:00:00;0.07557518653949358;0.07436444206815469;0.07537339579427044
2023-05-07 05:00:00;0.10577481018923812;0.09646441911027007;0.10422307834274344
2023-05-07 06:00:00;0.2115156288949397;0.1802784106872362;0.20630942586032247
2023-05-07 07:00:00;0.34108969154768165;0.28721282002061754;0.33211021295983767
2023-05-07 08:00:00;0.4895945576537708;0.4108749658752831;0.47647462569068955
2023-05-07 09:00:00;0.5940282337822763;0.5055702829079792;0.5792852419698935
2023-05-07 10:00:00;0.6534832897833915;0.5636913018269911;0.6385179584573248
2023-05-07 11:00:00;;;
2023-05-07 12:00:00;;;
2023-05-07 13:00:00;0.6987645620415623;0.5940020993319102;0.6813041515899536
2023-05-07 14:00:00;0.5779082775779952;0.507689408155399;0.5662051326742292
2023-05-07 15:00:00;0.5150815097283526;0.4500904890579192;0.504249672949947
2023-05-07 16:00:00;0.30196375612290294;0.2784546292590687;0.2980455683122639
2023-05-07 17:00:00;0.2622163558578779;0.2526394811875823;0.2606202100794953
2023-05-07 18:00:00;0.215222747191355;0.2101215577449959;0.21437254895029514
2023-05-07 19:00:00;0.1635879175454132;0.1632307248778572;0.16352838543415385
2023-05-07 20:00:00;0.15439691226972904;0.15439691226972904;0.15439691226972904
2023-05-07 21:00:00;0.1483438119363037;0.1483438119363037;0.1483438119363037
2023-05-07 22:00:00;0.14559946923867534;0.14559946923867534;0.14559946923867534
2023-05-07 23:00:00;0.1503906284425868;0.1503906284425868;0.1503906284425868
2023-05-08 00:00:00;0.12452608764430274;0.12452608764430274;0.12452608764430274
2023-05-08 01:00:00;0.12107703612733031;0.12107703612733031;0.12107703612733031
2023-05-08 02:00:00;0.10478860590645192;0.10478860590645192;0.10478860590645192
2023-05-08 03:00:00;0.10958439279876851;0.10958439279876851;0.10958439279876851
2023-05-08 04:00:00;0.053369879675133534;0.05225150068975115;0.05318348317756981
2023-05-08 05:00:00;0.11028836684875139;0.0991953011385573;0.10843952256371904
2023-05-08 06:00:00;0.1887937637528682;0.16325629182796253;0.1845375184320506
2023-05-08 07:00:00;0.26503022697796985;0.23005153598361447;0.2592004451455773
2023-05-08 08:00:00;0.3439217942157304;0.3000612076358327;0.3366116964524141
2023-05-08 09:00:00;0.4111811107164278;0.35532502204160343;0.40187176260395713
2023-05-08 10:00:00;0.43905297210077;0.379051680560859;0.42905275684411825
2023-05-08 11:00:00;0.4832398290873132;0.40984828925976025;0.4710079057827211
2023-05-08 12:00:00;0.5281497243034133;0.44677230017028824;0.5145868202812258
2023-05-08 13:00:00;0.5378258991882006;0.4599946379039503;0.5248540223074922
2023-05-08 14:00:00;0.4861977422972918;0.4240991107568508;0.475847970373885
2023-05-08 15:00:00;0.4160078864527897;0.36912156605218854;0.4081934997193562
2023-05-08 16:00:00;0.3538277312713267;0.31213033090090675;0.3468781645429234
2023-05-08 17:00:00;0.2854809518907767;0.26036971769614414;0.2812957461916713
2023-05-08 18:00:00;0.17320050038826243;0.16649615707870385;0.17208310983666936
2023-05-08 19:00:00;0.14186515571521324;0.14186515571521324;0.14186515571521324
2023-05-08 20:00:00;0.09391249387169909;0.09391249387169909;0.09391249387169909
2023-05-08 21:00:00;0.07107546922881301;0.07107546922881301;0.07107546922881301
2023-05-08 22:00:00;0.06171634981882152;0.06171634981882152;0.06171634981882152
2023-05-08 23:00:00;0.06229948191883057;0.06229948191883057;0.06229948191883057
2023-05-09 00:00:00;0.04071616328887966;0.04071616328887966;0.04071616328887966
2023-05-09 01:00:00;0.02478997398887739;0.02478997398887739;0.02478997398887739
2023-05-09 02:00:00;0.03717716127908242;0.03717716127908242;0.03717716127908242
2023-05-09 03:00:00;0.036804786995568224;0.036804786995568224;0.036804786995568224
2023-05-09 04:00:00;0.03297030385751892;0.031700276506820294;0.03275863263240249
2023-05-09 05:00:00;0.07574403425267298;0.06494853203967858;0.0739447838838406
2023-05-09 06:00:00;0.16881353569531554;0.14629332320696745;0.16506016694725756
2023-05-09 07:00:00;0.2596428798698035;0.22069104941951698;0.25315090812808905
2023-05-09 08:00:00;0.3594905832985184;0.30072884140767836;0.34969695965004516
2023-05-09 09:00:00;0.4368917990445957;0.36892720762389225;0.42556436714114515
2023-05-09 10:00:00;0.5112782233590494;0.4300143561433039;0.4977342454897585
2023-05-09 11:00:00;0.5430447575905989;0.46108044021171474;0.5293840380274517
2023-05-09 12:00:00;;;
2023-05-09 13:00:00;0.5590196193552869;0.47308074948785694;0.5446964743773819
2023-05-09 14:00:00;0.5170356302970056;0.4322503488794239;0.502904750060742
2023-05-09 15:00:00;0.44130849591587534;0.37410990125172777;0.4301087301385174
2023-05-09 16:00:00;0.35839046786665124;0.31267580604509154;0.35077135756305794
2023-05-09 17:00:00;0.2418546409110583;0.21630046585985663;0.23759561173585805
2023-05-09 18:00:00;0.1706445436180325;0.16309091358071143;0.16938560527847898
2023-05-09 19:00:00;0.11339389193241436;0.11304831006570713;0.11333629495462982
2023-05-09 20:00:00;0.08641241129448367;0.08641241129448367;0.08641241129448367
2023-05-09 21:00:00;0.06882097045657994;0.06882097045657994;0.06882097045657994
2023-05-09 22:00:00;0.05175754436464847;0.05175754436464847;0.05175754436464847
2023-05-09 23:00:00;0.06199175367539485;0.06199175367539485;0.06199175367539485
2023-05-10 00:00:00;0.03122685682082542;0.03122685682082542;0.03122685682082542
2023-05-10 01:00:00;0.028827171247089785;0.028827171247089785;0.028827171247089785
2023-05-10 02:00:00;0.037930406088516104;0.037930406088516104;0.037930406088516104
2023-05-10 03:00:00;0.0449133141985241;0.0449133141985241;0.0449133141985241
2023-05-10 04:00:00;0.025885219851699642;0.024994300133992627;0.025736733232081806
2023-05-10 05:00:00;0.051210337750735725;0.04247948214802782;0.04975519515028441
2023-05-10 06:00:00;0.14864693195626924;0.11521827636460065;0.14307548935765782
2023-05-10 07:00:00;0.2855546731477412;0.232445953088036;0.2767032198044571
2023-05-10 08:00:00;0.43665262423174167;0.36103407759786843;0.42404953312609617
2023-05-10 09:00:00;0.5747867229043965;0.47626538791226875;0.5583665004057086
2023-05-10 10:00:00;0.6640771912524015;0.5561487211647556;0.6460891129044605
2023-05-10 11:00:00;0.7086323610738745;0.5944641735727901;0.6896043298236939
2023-05-10 12:00:00;0.692774594971824;0.5861284345952927;0.6750002349090688
2023-05-10 13:00:00;0.7112832670014532;0.603029107444732;0.6932409070753329
2023-05-10 14:00:00;0.6489914457967055;0.5569464760609768;0.6336506175074174
2023-05-10 15:00:00;0.560568572382096;0.48472487128209535;0.547927955532096
2023-05-10 16:00:00;0.44696679252262517;0.39877826593651733;0.4389353714249406
2023-05-10 17:00:00;0.3236585296007951;0.2967207319260252;0.3191688966550002
2023-05-10 18:00:00;0.22206311378028595;0.21242630309026855;0.22045697866528305
2023-05-10 19:00:00;0.14899932962209642;0.1485817435041232;0.14892973193576756
2023-05-10 20:00:00;0.08536680821183558;0.08536680821183558;0.08536680821183558
2023-05-10 21:00:00;0.06656425478436159;0.06656425478436159;0.06656425478436159
2023-05-10 22:00:00;0.06180111259536389;0.06180111259536389;0.06180111259536389
2023-05-10 23:00:00;0.05004802794484538;0.05004802794484538;0.05004802794484538
2023-05-11 00:00:00;0.05497595526945287;0.05497595526945287;0.05497595526945287
2023-05-11 01:00:00;0.06643050348029234;0.06643050348029234;0.06643050348029234
2023-05-11 02:00:00;0.057871057018586726;0.057871057018586726;0.057871057018586726
2023-05-11 03:00:00;0.0625202592319842;0.0625202592319842;0.0625202592319842
2023-05-11 04:00:00;0.059453824234676975;0.05884729237394699;0.05935273559122198
2023-05-11 05:00:00;0.09283122719300442;0.08291029750863659;0.09117773891227644
2023-05-11 06:00:00;0.20645845118071174;0.17437184063315256;0.20111068275611857
2023-05-11 07:00:00;0.3392437318278941;0.2862004806935334;0.3304031899721672
2023-05-11 08:00:00;0.46975454051149035;0.39454278777739443;0.457219248389141
2023-05-11 09:00:00;0.5934986499916554;0.508866661419558;0.5793933185629725
2023-05-11 10:00:00;0.6978148200042452;0.5768034625907517;0.6776462604353295
2023-05-11 11:00:00;0.7463244559666293;0.6205205461200657;0.7253571376588689
2023-05-11 12:00:00;0.7632788614100916;0.6480343831319447;0.7440714483637338
2023-05-11 13:00:00;0.7395987771931867;0.6250142770803923;0.720501360507721
2023-05-11 14:00:00;0.6546697033281224;0.5431358362925872;0.6360807254888666
2023-05-11 15:00:00;0.5630136118162508;0.4821231565382985;0.5495318692699255
2023-05-11 16:00:00;0.37517930870411226;0.32547600605838106;0.3668954249298238
2023-05-11 17:00:00;0.2648893112128812;0.2468871865203734;0.26188895709746324
2023-05-11 18:00:00;0.12098032451191777;0.11534875163696025;0.1200417290327582
2023-05-11 19:00:00;0.06740428768210291;0.06693491489334062;0.06732605888397586
2023-05-11 20:00:00;0.0448942037385537;0.0448942037385537;0.0448942037385537
2023-05-11 21:00:00;0.05521451667715831;0.05521451667715831;0.05521451667715831
2023-05-11 22:00:00;0.03642415116077373;0.03642415116077373;0.03642415116077373
2023-05-11 23:00:00;0.045146563697137085;0.045146563697137085;0.045146563697137085
2023-05-12 00:00:00;0.0375214268639897;0.0375214268639897;0.0375214268639897
2023-05-12 01:00:00;0.029915388375456074;0.029915388375456074;0.029915388375456074
2023-05-12 02:00:00;0.05383475233169657;0.05383475233169657;0.05383475233169657
2023-05-12 03:00:00;0.07759209246164835;0.07759209246164835;0.07759209246164835
2023-05-12 04:00:00;0.07305815774609628;0.07270468439922873;0.07299924552161835
2023-05-12 05:00:00;0.06224105181408267;0.06008356181574432;0.06188147014769294
2023-05-12 06:00:00;0.0630511441039435;0.054976053631915774;0.06170529569193888
2023-05-12 07:00:00;0.19218097501577794;0.15982164282374775;0.1867877529837729
2023-05-12 08:00:00;0.2738878977444616;0.22704472453563543;0.26608070220965724
2023-05-12 09:00:00;0.4845107244869655;0.401066301946287;0.47060332073018585
2023-05-12 10:00:00;0.6787680878546014;0.5517889011930035;0.6576048900776684
2023-05-12 11:00:00;0.487955882214099;0.4157704234074123;0.47592497241298454
2023-05-12 12:00:00;0.41231993558232527;0.36491635354314184;0.40441933857579465
2023-05-12 13:00:00;0.5228401464827539;0.44783687488230506;0.5103396012160124
2023-05-12 14:00:00;0.603204112984312;0.5112623080920289;0.587880478835598
2023-05-12 15:00:00;0.4196075941097228;0.36845713920270023;0.41108251829188575
2023-05-12 16:00:00;0.2931751532724162;0.257518982341912;0.2872324581173322
2023-05-12 17:00:00;0.2401148423424618;0.21267007572683896;0.23554071457319137
2023-05-12 18:00:00;0.09070332977034633;0.08040472732530331;0.08898689602950584
2023-05-12 19:00:00;0.17601288349050015;0.17601288349050015;0.17601288349050015
2023-05-12 20:00:00;0.10713395246884132;0.10713395246884132;0.10713395246884132
2023-05-12 21:00:00;0.14102266457379203;0.14102266457379203;0.14102266457379203
2023-05-12 22:00:00;0.14296906873513995;0.14296906873513995;0.14296906873513995
2023-05-12 23:00:00;0.1555438382001353;0.1555438382001353;0.1555438382001353
2023-05-13 00:00:00;0.12148978550124886;0.12148978550124886;0.12148978550124886
2023-05-13 01:00:00;0.10150732680724492;0.10150732680724492;0.10150732680724492
2023-05-13 02:00:00;0.06342258269487583;0.06342258269487583;0.06342258269487583
2023-05-13 03:00:00;0.03628680692445602;0.03628680692445602;0.03628680692445602
2023-05-13 04:00:00;0.020621324436503104;0.018963045124348026;0.020344944551143926
2023-05-13 05:00:00;0.07316875005844073;0.0616709073264085;0.07125244293643536
2023-05-13 06:00:00;0.1204699274597667;0.10440725244621976;0.11779281495750887
2023-05-13 07:00:00;0.2367730630879694;0.19647662454909937;0.2300569899981577
2023-05-13 08:00:00;0.28373138568444306;0.23984758915655344;0.27641741959646143
2023-05-13 09:00:00;0.3157760678094752;0.26903663701339314;0.30798616267679485
2023-05-13 10:00:00;0.47380775098180444;0.39679065174276557;0.460971567775298
2023-05-13 11:00:00;0.4188807088159677;0.35591846985824493;0.40838700232301395
2023-05-13 12:00:00;0.3709399919864579;0.32463798326411997;0.36322299053273494
2023-05-13 13:00:00;0.3983343868611726;0.34763800538881934;0.38988498994911375
2023-05-13 14:00:00;;;
2023-05-13 15:00:00;0.3575640797469683;0.3138730283930294;0.3502822378546452
2023-05-13 16:00:00;0.30110829274594786;0.27040720265580037;0.29599144439758995
2023-05-13 17:00:00;0.22463158553164217;0.20536959864297719;0.22142125438353136
2023-05-13 18:00:00;0.14214488114032445;0.1357453650315173;0.14107829512218995
2023-05-13 19:00:00;0.1019686324167368;0.10171978050947618;0.10192715709886004
2023-05-13 20:00:00;0.10741660233467791;0.10741660233467791;0.10741660233467791
2023-05-13 21:00:00;0.09539736254291246;0.09539736254291246;0.09539736254291246
2023-05-13 22:00:00;0.10748810997523119;0.10748810997523119;0.10748810997523119
2023-05-13 23:00:00;0.08593366261634958;0.08593366261634958;0.08593366261634958
2023-05-14 00:00:00;0.061184052920634495;0.061184052920634495;0.061184052920634495
2023-05-14 01:00:00;0.059288415282362845;0.059288415282362845;0.059288415282362845
2023-05-14 02:00:00;0.05855475528561681;0.05855475528561681;0.05855475528561681
2023-05-14 03:00:00;0.04607770321736182;0.04607770321736182;0.04607770321736182
2023-05-14 04:00:00;0.04931394230755315;0.04792897769675408;0.049083114872419974
2023-05-14 05:00:00;0.08626057420168573;0.07610312925310432;0.08456766671025548
2023-05-14 06:00:00;0.15524059633927387;0.13390403885355281;0.15168450342498702
2023-05-14 07:00:00;0.2512429269246627;0.21423533296579134;0.2450749945981842
2023-05-14 08:00:00;0.3354083491390392;0.2866383330305958;0.32728001312096533
2023-05-14 09:00:00;0.42541139019739915;0.362198176100112;0.41487585451451797
2023-05-14 10:00:00;0.49609700391921246;0.4199623900130386;0.48340790160151687
2023-05-14 11:00:00;0.5295771815739936;0.45275980075889233;0.5167742847714767
2023-05-14 12:00:00;0.5747360618601611;0.4920703339031971;0.5609584405340006
2023-05-14 13:00:00;0.5651096309883957;0.4829535268258593;0.5514169469613064
2023-05-14 14:00:00;0.5320702609186249;0.4620440029792636;0.5203992179287313
2023-05-14 15:00:00;0.47196903210236296;0.40824084701601904;0.46134766792130577
2023-05-14 16:00:00;0.39205898250413224;0.3488136181219159;0.3848514217737629
2023-05-14 17:00:00;0.28959546965130517;0.26441367776013947;0.2853985043361109
2023-05-14 18:00:00;0.1917155543145659;0.1832487410429684;0.19030441876929968
2023-05-14 19:00:00;0.13133318245862424;0.13099187715695945;0.1312762982416801
2023-05-14 20:00:00;0.10073659835465562;0.10073659835465562;0.10073659835465562
2023-05-14 21:00:00;0.0888550581195971;0.0888550581195971;0.0888550581195971
2023-05-14 22:00:00;0.1121771811852638;0.1121771811852638;0.1121771811852638
2023-05-14 23:00:00;0.09585003288307489;0.09585003288307489;0.09585003288307489
2023-05-15 00:00:00;0.07929031182995579;0.07929031182995579;0.07929031182995579
2023-05-15 01:00:00;0.048898834583579846;0.048898834583579846;0.048898834583579846
2023-05-15 02:00:00;0.07312184352056804;0.07312184352056804;0.07312184352056804
2023-05-15 03:00:00;0.08338508703280581;0.08338508703280581;0.08338508703280581
2023-05-15 04:00:00;0.0692648740055294;0.0683618539270946;0.0691143706591236
2023-05-15 05:00:00;0.10681237181626387;0.0988207391062182;0.10548043303125626
2023-05-15 06:00:00;0.11810505360436581;0.1123417797569011;0.11714450796312169
2023-05-15 07:00:00;0.14968459493428768;0.1381749183853304;0.14776631550946145
2023-05-15 08:00:00;0.1581557988352112;0.1380370245533231;0.15480266978822987
2023-05-15 09:00:00;0.12716148969881585;0.11539275720709427;0.1252000342835289
2023-05-15 10:00:00;0.1763449603402919;0.1588221412783768;0.1734244904966394
2023-05-15 11:00:00;0.36788235997123114;0.31902712392372995;0.35973982062998094
2023-05-15 12:00:00;0.4377855187304209;0.37484888388253645;0.4272960795891068
2023-05-15 13:00:00;0.2418139038512968;0.2262206490565043;0.2392150280521647
2023-05-15 14:00:00;0.24787977565650968;0.2414017491314004;0.24680010456899146
2023-05-15 15:00:00;0.2802395930624313;0.2619696929195779;0.27719460970528903
2023-05-15 16:00:00;0.2511730057231717;0.24506991226515812;0.25015582348016946
2023-05-15 17:00:00;0.21218435140757586;0.20681753812034456;0.21128988252637065
2023-05-15 18:00:00;0.19516205049467256;0.1930117756833516;0.1948036713594524
2023-05-15 19:00:00;0.14756286348301934;0.14756286348301934;0.14756286348301934
2023-05-15 20:00:00;0.09950956688560524;0.09950956688560524;0.09950956688560524
2023-05-15 21:00:00;0.0749357041527046;0.0749357041527046;0.0749357041527046
2023-05-15 22:00:00;0.08493349954667555;0.08493349954667555;0.08493349954667555
2023-05-15 23:00:00;0.08265580247018788;0.08265580247018788;0.08265580247018788
2023-05-16 00:00:00;0.06464719874348014;0.06464719874348014;0.06464719874348014
2023-05-16 01:00:00;0.04774099893663885;0.04774099893663885;0.04774099893663885
2023-05-16 02:00:00;0.03888636653636184;0.03888636653636184;0.03888636653636184
2023-05-16 03:00:00;0.038935033872790716;0.038935033872790716;0.038935033872790716
2023-05-16 04:00:00;0.03980336301180357;0.03980336301180357;0.03980336301180357
2023-05-16 05:00:00;0.032885457741919456;0.03149701181371623;0.032654050087218923
2023-05-16 06:00:00;0.03909091618247867;0.03581738110804676;0.03854532700340669
2023-05-16 07:00:00;0.056612257757988074;0.049517991278884434;0.0554298800114708
2023-05-16 08:00:00;0.08401361517673088;0.07112894768719971;0.08186617059514235
2023-05-16 09:00:00;;;
2023-05-16 10:00:00;;;
2023-05-16 11:00:00;;;
2023-05-16 12:00:00;;;
2023-05-16 13:00:00;;;
2023-05-16 14:00:00;0.05167586363841169;0.04568426589853515;0.050677264015098936
2023-05-16 15:00:00;0.09434912369181432;0.07839837563917659;0.09169066568304138
2023-05-16 16:00:00;0.05420697144236389;0.0463463679998436;0.05289687086861051
2023-05-16 17:00:00;0.03857384690027098;0.03434096237262736;0.03786836614566372
2023-05-16 18:00:00;0.04426099520086073;0.03790873313910604;0.04320228485723494
2023-05-16 19:00:00;0.01897794228376165;0.01865845742555299;0.01892469480739354
2023-05-16 20:00:00;0.02365248605471908;0.02365248605471908;0.02365248605471908
2023-05-16 21:00:00;0.01852914144994298;0.01852914144994298;0.01852914144994298
2023-05-16 22:00:00;0.024484016347658295;0.024484016347658295;0.024484016347658295
2023-05-16 23:00:00;0.07094381116743113;0.07094381116743113;0.07094381116743113
2023-05-17 00:00:00;0.060366916008267345;0.060366916008267345;0.060366916008267345
2023-05-17 01:00:00;0.059103326873127665;0.059103326873127665;0.059103326873127665
2023-05-17 02:00:00;0.0662275504877212;0.0662275504877212;0.0662275504877212
2023-05-17 03:00:00;0.06392769318846975;0.06392769318846975;0.06392769318846975
2023-05-17 04:00:00;0.05641341217302061;0.05566196052191448;0.05628817023116959
2023-05-17 05:00:00;0.07371287106759186;0.06560577935986071;0.07236168911630333
2023-05-17 06:00:00;0.15124161314658557;0.12631974323826697;0.1470879681618658
2023-05-17 07:00:00;0.1900656461359229;0.16409747542838543;0.18573761768466665
2023-05-17 08:00:00;0.17670625425208528;0.153517382429913;0.17284144228172324
2023-05-17 09:00:00;0.22510041037597853;0.1955332952100316;0.2201725578483207
2023-05-17 10:00:00;0.30996770436636456;0.2575132782277357;0.3012253000099264
2023-05-17 11:00:00;0.3085070302816423;0.2607368455599047;0.3005453328280194
2023-05-17 12:00:00;0.3292711683135882;0.2733509920540285;0.319951138936995
2023-05-17 13:00:00;0.2837625127030698;0.24375447229335775;0.2770945059681178
2023-05-17 14:00:00;0.26589301614658656;0.23296758390842368;0.2604054441068927
2023-05-17 15:00:00;0.22432776883516078;0.2027078550067035;0.22072444986375125
2023-05-17 16:00:00;0.25819562217947184;0.2262873605441152;0.25287757857357906
2023-05-17 17:00:00;0.18662886273710433;0.1710899923575528;0.1840390510071791
2023-05-17 18:00:00;0.1229558679708637;0.11564769378465854;0.12173783893982952
2023-05-17 19:00:00;0.08830007687818593;0.08783907379982119;0.08822324303179181
2023-05-17 20:00:00;0.06708876210144121;0.06708876210144121;0.06708876210144121
2023-05-17 21:00:00;0.04918828752384325;0.04918828752384325;0.04918828752384325
2023-05-17 22:00:00;0.027462791084057397;0.027462791084057397;0.027462791084057397
2023-05-17 23:00:00;0.028623397409723597;0.028623397409723597;0.028623397409723597
2023-05-18 00:00:00;0.03421492618956311;0.03421492618956311;0.03421492618956311
2023-05-18 01:00:00;0.03693106396907593;0.03693106396907593;0.03693106396907593
2023-05-18 02:00:00;0.027726119608283382;0.027726119608283382;0.027726119608283382
2023-05-18 03:00:00;0.034769785173576775;0.034769785173576775;0.034769785173576775
2023-05-18 04:00:00;0.019075679737051623;0.01717535438845269;0.018758958845618467
2023-05-18 05:00:00;0.0650860638767256;0.053103965239868205;0.06308904743724937
2023-05-18 06:00:00;0.1413523119595953;0.11448433622371382;0.13687431600361505
2023-05-18 07:00:00;0.23727420749550035;0.1936552449102566;0.23000438039795978
2023-05-18 08:00:00;0.31832646179914736;0.25942068278126934;0.30850883196283435
2023-05-18 09:00:00;0.3997603906394384;0.32677925455916756;0.38759686795939324
2023-05-18 10:00:00;0.5035771584490458;0.40510103647418705;0.4871644714532361
2023-05-18 11:00:00;0.5091935566066498;0.4221448129394786;0.4946854326621213
2023-05-18 12:00:00;0.46967496011790305;0.39568879834773646;0.4573439331562087
2023-05-18 13:00:00;0.5075490095929949;0.42573266998152826;0.49391295299108384
2023-05-18 14:00:00;0.46553626465805675;0.39806655772623156;0.45429131350275265
2023-05-18 15:00:00;0.4063096321595833;0.35051972668158293;0.3970113145799166
2023-05-18 16:00:00;0.3245349220744611;0.28780482585956174;0.3184132393719779
2023-05-18 17:00:00;0.25185050404446785;0.23213736009661298;0.24856498005315872
2023-05-18 18:00:00;0.17225819505901754;0.1651102872400688;0.17106687708919274
2023-05-18 19:00:00;0.13573171284376778;0.13546075827404352;0.13568655374881375
2023-05-18 20:00:00;0.09388062381653754;0.09388062381653754;0.09388062381653754
2023-05-18 21:00:00;0.05314907212005793;0.05314907212005793;0.05314907212005793
2023-05-18 22:00:00;0.06635906659802504;0.06635906659802504;0.06635906659802504
2023-05-18 23:00:00;0.022254695280717728;0.022254695280717728;0.022254695280717728
2023-05-19 00:00:00;0.017530285546060495;0.017530285546060495;0.017530285546060495
2023-05-19 01:00:00;0.021129420679203148;0.021129420679203148;0.021129420679203148
2023-05-19 02:00:00;0.02203110110029371;0.02203110110029371;0.02203110110029371
2023-05-19 03:00:00;0.019490932010323234;0.019490932010323234;0.019490932010323234
2023-05-19 04:00:00;0.014303752806512924;0.012670792194388006;0.014031592704492106
2023-05-19 05:00:00;0.044601603195756956;0.03558978504955411;0.043099633504723144
2023-05-19 06:00:00;0.1158738074351462;0.09123247173066626;0.11176691815106624
2023-05-19 07:00:00;;;
2023-05-19 08:00:00;;;
2023-05-19 09:00:00;;;
2023-05-19 10:00:00;;;
2023-05-19 11:00:00;0.5895273309246577;0.4926297481081714;0.5733777337885767
2023-05-19 12:00:00;0.6035057595275961;0.5128559933152164;0.5883974651588662
2023-05-19 13:00:00;0.5584777874392612;0.4844526544046364;0.5461402652668238
2023-05-19 14:00:00;0.5326143022048258;0.46429542847173616;0.5212278232493108
2023-05-19 15:00:00;0.45127472332953533;0.40342307192300375;0.44329944809511346
2023-05-19 16:00:00;0.3509878179213976;0.3211488410526719;0.3460146551099433
2023-05-19 17:00:00;0.3035166797907925;0.2818761768290988;0.2999099292971769
2023-05-19 18:00:00;0.18528151626078704;0.17971340673105207;0.1843534980058312
2023-05-19 19:00:00;0.14458741497892383;0.1438963673348446;0.1444722403715773
2023-05-19 20:00:00;0.09273024210695835;0.09273024210695835;0.09273024210695835
2023-05-19 21:00:00;0.0965244875286853;0.0965244875286853;0.0965244875286853
2023-05-19 22:00:00;0.09440405652635596;0.09440405652635596;0.09440405652635596
2023-05-19 23:00:00;0.08252139688384848;0.08252139688384848;0.08252139688384848
2023-05-20 00:00:00;0.06836347174314755;0.06836347174314755;0.06836347174314755
2023-05-20 01:00:00;0.06630623059141368;0.06630623059141368;0.06630623059141368
2023-05-20 02:00:00;0.06520291176262008;0.06520291176262008;0.06520291176262008
2023-05-20 03:00:00;0.05850964364414367;0.05850964364414367;0.05850964364414367
2023-05-20 04:00:00;0.047799082863574996;0.04673534930169331;0.04762179393659472
2023-05-20 05:00:00;0.07669663429745968;0.06752869744480924;0.07516864482201795
2023-05-20 06:00:00;0.11837406122127808;0.10142827913742612;0.11554976420730276
2023-05-20 07:00:00;0.2146299336076501;0.18082423921129942;0.20899565120825828
2023-05-20 08:00:00;0.2906318376598364;0.24407264128952;0.2828719715981171
2023-05-20 09:00:00;0.21712065154868992;0.1911413237220664;0.21279076357758603
2023-05-20 10:00:00;0.33321221590955585;0.2795044239429788;0.3242609172484597
2023-05-20 11:00:00;0.3853910057527797;0.32029808369295326;0.3745421854094753
2023-05-20 12:00:00;0.28678890944982677;0.2448535141328737;0.2797996768970012
2023-05-20 13:00:00;0.2604810541377093;0.22186012471826633;0.2540442325678021
2023-05-20 14:00:00;0.35339162142921854;0.2936553211587253;0.34343557138413633
2023-05-20 15:00:00;0.32328780722324924;0.2775883362865367;0.31567122873379716
2023-05-20 16:00:00;0.17438383268755378;0.1540787612725425;0.17099965411838525
2023-05-20 17:00:00;0.13641214474836733;0.11346843971766091;0.13258819390991627
2023-05-20 18:00:00;0.09301707881314446;0.08792585786694422;0.09216854198877776
2023-05-20 19:00:00;0.04656200531856011;0.04656200531856011;0.04656200531856011
2023-05-20 20:00:00;0.059788954469140745;0.059788954469140745;0.059788954469140745
2023-05-20 21:00:00;0.07964181915347747;0.07964181915347747;0.07964181915347747
2023-05-20 22:00:00;0.04390135529849311;0.04390135529849311;0.04390135529849311
2023-05-20 23:00:00;0.030360843246767757;0.030360843246767757;0.030360843246767757
2023-05-21 00:00:00;0.02141710498194718;0.02141710498194718;0.02141710498194718
2023-05-21 01:00:00;0.02128727795233826;0.02128727795233826;0.02128727795233826
2023-05-21 02:00:00;0.02202785697532733;0.02202785697532733;0.02202785697532733
2023-05-21 03:00:00;0.029670678099245933;0.029670678099245933;0.029670678099245933
2023-05-21 04:00:00;0.037716230950092605;0.03611261033686077;0.0374489608478873
2023-05-21 05:00:00;0.046117778097926436;0.04094488860611196;0.04525562984929069
2023-05-21 06:00:00;0.04949046025890969;0.04536212859813596;0.04880240498211407
2023-05-21 07:00:00;0.04793712014565057;0.043372477507412195;0.04717634637261084
2023-05-21 08:00:00;0.16105362523671898;0.13115529320210534;0.15607056989761672
2023-05-21 09:00:00;0.2679458785341178;0.22072651924232362;0.26007598531881876
2023-05-21 10:00:00;0.42305022439966006;0.3439104197675202;0.40986025696097006
2023-05-21 11:00:00;0.42532958350845584;0.3522071850376303;0.4131425170966516
2023-05-21 12:00:00;0.5013724242887554;0.4197817538744666;0.48777397921970733
2023-05-21 13:00:00;0.5600963930231321;0.47365160959692737;0.5456889291187647
2023-05-21 14:00:00;0.5318504888916066;0.44808320920404165;0.5178892756103458
2023-05-21 15:00:00;0.48635055516351333;0.42817082758901764;0.4766539339010974
2023-05-21 16:00:00;0.42290249867461427;0.37284954181924557;0.41456033919871954
2023-05-21 17:00:00;0.2950983833393153;0.26253895309414665;0.28967181163178723
2023-05-21 18:00:00;0.22721833538007874;0.21701642052497488;0.22551801623756143
2023-05-21 19:00:00;0.14579289027312847;0.1451844150526164;0.14569147773637647
2023-05-21 20:00:00;0.15654028405139997;0.15654028405139997;0.15654028405139997
2023-05-21 21:00:00;0.12781233366334382;0.12781233366334382;0.12781233366334382
2023-05-21 22:00:00;0.12598603016437873;0.12598603016437873;0.12598603016437873
2023-05-21 23:00:00;0.1043997200482195;0.1043997200482195;0.1043997200482195
2023-05-22 00:00:00;0.08302485503320188;0.08302485503320188;0.08302485503320188
2023-05-22 01:00:00;0.0774034963364332;0.0774034963364332;0.0774034963364332
2023-05-22 02:00:00;0.06272696750507749;0.06272696750507749;0.06272696750507749
2023-05-22 03:00:00;0.052126693607675065;0.052126693607675065;0.052126693607675065
2023-05-22 04:00:00;0.03616427366987075;0.033770418224789316;0.035765297762357186
2023-05-22 05:00:00;0.07755638685602755;0.06450353107984245;0.07538091089333006
2023-05-22 06:00:00;0.16005811836342426;0.13473980352302625;0.15583839922335796
2023-05-22 07:00:00;0.25154065618398425;0.21044791925331374;0.24469186669553916
2023-05-22 08:00:00;0.34189527499958833;0.28144716299390166;0.33182058966530714
2023-05-22 09:00:00;0.4289372295111511;0.35222586021589847;0.4161520012952757
2023-05-22 10:00:00;0.4870138387391847;0.4016734991618531;0.4727904488096295
2023-05-22 11:00:00;;;
2023-05-22 12:00:00;0.5766418772228386;0.4722727372862797;0.5592470205667455
2023-05-22 13:00:00;0.5651152625298794;0.4636118441064731;0.5481980261259783
2023-05-22 14:00:00;0.5082561792616485;0.4211865268338542;0.4937445705236829
2023-05-22 15:00:00;0.43787921393044915;0.3598272416436674;0.42487055188265227
2023-05-22 16:00:00;0.33454930432242885;0.2755615912291382;0.3247180188068804
2023-05-22 17:00:00;0.25470772687037035;0.22566922807990522;0.2498679770719595
2023-05-22 18:00:00;0.15193558208315067;0.14105404326030427;0.15012199227934295
2023-05-22 19:00:00;0.10033036611236952;0.09967321475754516;0.10022084088656545
2023-05-22 20:00:00;0.047749743548264424;0.047749743548264424;0.047749743548264424
2023-05-22 21:00:00;0.03486310151221538;0.03486310151221538;0.03486310151221538
2023-05-22 22:00:00;0.029382786370738153;0.029382786370738153;0.029382786370738153
2023-05-22 23:00:00;0.028862231737929;0.028862231737929;0.028862231737929
2023-05-23 00:00:00;0.02517362651345488;0.02517362651345488;0.02517362651345488
2023-05-23 01:00:00;0.029603821808687997;0.029603821808687997;0.029603821808687997
2023-05-23 02:00:00;0.017153765894440468;0.017153765894440468;0.017153765894440468
2023-05-23 03:00:00;0.018477156191763443;0.018477156191763443;0.018477156191763443
2023-05-23 04:00:00;0.008941606893141019;0.0053513393171168875;0.008343228963803665
2023-05-23 05:00:00;0.06288063993544556;0.048981741114187544;0.06056415679856923
2023-05-23 06:00:00;0.15323618281503695;0.12198032390320837;0.14802687299639886
2023-05-23 07:00:00;0.278689818758255;0.22407983701176548;0.2695881551338401
2023-05-23 08:00:00;0.43707958402009045;0.35029324623884656;0.42261519438988315
2023-05-23 09:00:00;0.5586568976609594;0.45090527592500707;0.5406982940383007
2023-05-23 10:00:00;0.6272953464578394;0.5184752877884685;0.6091586700129442
2023-05-23 11:00:00;0.6905325127294125;0.5746837361029941;0.671224383291676
2023-05-23 12:00:00;;;
2023-05-23 13:00:00;0.671922825951715;0.5669353650510105;0.6544249158015977
2023-05-23 14:00:00;0.61543338543641;0.5262580670720786;0.6005708323756882
2023-05-23 15:00:00;0.5188046770136685;0.45054772644430635;0.5074285185854416
2023-05-23 16:00:00;0.4104567010886015;0.36255622489751343;0.40247328839008684
2023-05-23 17:00:00;0.3059871444024675;0.2838491310116531;0.30229747550399844
2023-05-23 18:00:00;0.22557832822723867;0.21887373858951029;0.22446089662095062
2023-05-23 19:00:00;0.17909505321322458;0.17873593981912392;0.17903520098087447
2023-05-23 20:00:00;0.16932819327321855;0.16932819327321855;0.16932819327321855
2023-05-23 21:00:00;0.10375942664602564;0.10375942664602564;0.10375942664602564
2023-05-23 22:00:00;0.11329505930726934;0.11329505930726934;0.11329505930726934
2023-05-23 23:00:00;0.11724404690981387;0.11724404690981387;0.11724404690981387
2023-05-24 00:00:00;0.09757640523071516;0.09757640523071516;0.09757640523071516
2023-05-24 01:00:00;0.1058065386009497;0.1058065386009497;0.1058065386009497
2023-05-24 02:00:00;0.034520580052505426;0.034520580052505426;0.034520580052505426
2023-05-24 03:00:00;0.057314732932593024;0.057314732932593024;0.057314732932593024
2023-05-24 04:00:00;0.04498408249054327;0.044268107673595125;0.04486475335438524
2023-05-24 05:00:00;0.04473433840014335;0.0432321304104672;0.04448397040186399
2023-05-24 06:00:00;0.04632839929224751;0.042056518482287315;0.045616419157254146
2023-05-24 07:00:00;0.05339565252055229;0.04723881228508119;0.052369512481307105
2023-05-24 08:00:00;0.07501415247569634;0.0654553046326968;0.07342101116852975
2023-05-24 09:00:00;0.07638128920428974;0.06601601153168057;0.07465374292552154
2023-05-24 10:00:00;0.12715606829116857;0.10871596096119096;0.12408271706950566
2023-05-24 11:00:00;0.131764520604213;0.11635212399561988;0.12919578783611416
2023-05-24 12:00:00;0.13677096829145907;0.12352706714901004;0.13456365143438423
2023-05-24 13:00:00;0.19181800913292574;0.17026943432798203;0.18822657999876843
2023-05-24 14:00:00;0.21911401259554827;0.1918295043958077;0.2145665945622582
2023-05-24 15:00:00;0.35165091162033585;0.29624623540847805;0.3424167989183596
2023-05-24 16:00:00;0.28414504429067755;0.24917064870308836;0.2783159783594127
2023-05-24 17:00:00;0.21566545224847627;0.19214417108651993;0.21174523872148357
2023-05-24 18:00:00;0.13287685795531057;0.12366892507141532;0.13134220247466138
2023-05-24 19:00:00;0.0952623680778888;0.09476148031488299;0.0951788867840545
2023-05-24 20:00:00;0.06587700463421192;0.06587700463421192;0.06587700463421192
2023-05-24 21:00:00;0.0754942386218343;0.0754942386218343;0.0754942386218343
2023-05-24 22:00:00;0.08161886750141426;0.08161886750141426;0.08161886750141426
2023-05-24 23:00:00;0.06790564387478579;0.06790564387478579;0.06790564387478579
2023-05-25 00:00:00;0.07804610544147755;0.07804610544147755;0.07804610544147755
2023-05-25 01:00:00;0.07306156290854128;0.07306156290854128;0.07306156290854128
2023-05-25 02:00:00;0.0697406102623924;0.0697406102623924;0.0697406102623924
2023-05-25 03:00:00;0.07388777441105178;0.07388777441105178;0.07388777441105178
2023-05-25 04:00:00;0.06384404675674453;0.062230829300496567;0.0635751771807032
2023-05-25 05:00:00;0.10549200712268372;0.09535631197136256;0.10380272459746352
2023-05-25 06:00:00;0.19008050502723145;0.16325026682575336;0.18560879866031846
2023-05-25 07:00:00;0.26783705233745886;0.2301898444059155;0.2615625176822017
2023-05-25 08:00:00;0.37735737433381117;0.31739742708234425;0.36736404979189996
2023-05-25 09:00:00;0.46895195931613454;0.393334411511376;0.4563490346820081
2023-05-25 10:00:00;0.51626912771422;0.4384897540837594;0.5033058987758099
2023-05-25 11:00:00;0.5674997388618738;0.48560972693074433;0.5538514035400188
2023-05-25 12:00:00;0.6020113917567075;0.5133657088094202;0.5872371112654929
2023-05-25 13:00:00;0.6109321201877377;0.5203599908745492;0.5958367653022062
2023-05-25 14:00:00;0.5742762936503083;0.490644773471961;0.5603377069539172
2023-05-25 15:00:00;0.5022290045017099;0.4309589291587742;0.49035065861122074
2023-05-25 16:00:00;0.4160401499168928;0.36592769512460516;0.40768807411817826
2023-05-25 17:00:00;0.27302356464503214;0.24994222089353924;0.2691766740197833
2023-05-25 18:00:00;0.19930814561472945;0.18827868994343736;0.19746990300284742
2023-05-25 19:00:00;0.12274619371975659;0.12176559570070081;0.12258276071658063
2023-05-25 20:00:00;0.08884737766627607;0.08884737766627607;0.08884737766627607
2023-05-25 21:00:00;0.07350369831332593;0.07350369831332593;0.07350369831332593
2023-05-25 22:00:00;0.05573019003316952;0.05573019003316952;0.05573019003316952
2023-05-25 23:00:00;0.03781330867973806;0.03781330867973806;0.03781330867973806
2023-05-26 00:00:00;0.03058148044492184;0.03058148044492184;0.03058148044492184
2023-05-26 01:00:00;0.021685888597768422;0.021685888597768422;0.021685888597768422
2023-05-26 02:00:00;0.020808130501872506;0.020808130501872506;0.020808130501872506
2023-05-26 03:00:00;0.021545399566003744;0.021545399566003744;0.021545399566003744
2023-05-26 04:00:00;0.012250395736551229;0.008727023364382141;0.01166316700785638
2023-05-26 05:00:00;0.07103183307137882;0.054220577321972926;0.06822995711314452
2023-05-26 06:00:00;0.17505589725096876;0.13661600679980812;0.168649248842442
2023-05-26 07:00:00;0.3066788674454297;0.2434181959293765;0.2961354221927542
2023-05-26 08:00:00;0.4493598639976762;0.3549248434332732;0.43362069390360897
2023-05-26 09:00:00;0.5149509513349521;0.42016464828655187;0.49915323416021873
2023-05-26 10:00:00;0.6396231934775278;0.5194962442597678;0.619602035274568
2023-05-26 11:00:00;0.6907775070795206;0.565527989998182;0.6699025875659642
2023-05-26 12:00:00;0.6874995031464239;0.5777568842455975;0.669209066662953
2023-05-26 13:00:00;0.6093455580540932;0.5097320088514226;0.5927432998536483
2023-05-26 14:00:00;0.47180470372678207;0.4150995098139924;0.46235383807465047
2023-05-26 15:00:00;0.5401616058654317;0.4681220263548204;0.52815500928033
2023-05-26 16:00:00;0.3531447442183396;0.31229987177919616;0.34633726547848237
2023-05-26 17:00:00;0.2493347917289376;0.21123925531256238;0.24298553565954173
2023-05-26 18:00:00;0.23523127799106847;0.22480211739371322;0.23349308455817594
2023-05-26 19:00:00;0.09012226653424152;0.08927339577304771;0.08998078807404256
2023-05-26 20:00:00;0.12894284462240624;0.12894284462240624;0.12894284462240624
2023-05-26 21:00:00;0.06512326051659136;0.06512326051659136;0.06512326051659136
2023-05-26 22:00:00;0.02526139845384865;0.02526139845384865;0.02526139845384865
2023-05-26 23:00:00;0.04835514603868038;0.04835514603868038;0.04835514603868038
2023-05-27 00:00:00;0.0394567894659722;0.0394567894659722;0.0394567894659722
2023-05-27 01:00:00;0.036616770025216294;0.036616770025216294;0.036616770025216294
2023-05-27 02:00:00;0.04253413598296311;0.04253413598296311;0.04253413598296311
2023-05-27 03:00:00;0.024458543422180058;0.024458543422180058;0.024458543422180058
2023-05-27 04:00:00;0.025128605284970722;0.023374368500912533;0.024836232487627695
2023-05-27 05:00:00;0.07889722679536657;0.06428424804958868;0.07646173033773693
2023-05-27 06:00:00;0.20624330119562212;0.16529255035308224;0.19941817605519876
2023-05-27 07:00:00;0.34167593672008717;0.27333174623244477;0.3302852383054801
2023-05-27 08:00:00;0.38934695729510116;0.3251797154481084;0.3786524169872691
2023-05-27 09:00:00;0.5767726457435313;0.4841454372321267;0.5613347776582972
2023-05-27 10:00:00;0.5709038161978318;0.4808844252190551;0.5559005843680358
2023-05-27 11:00:00;0.7044519743864713;0.5918246674996325;0.6856807565719982
2023-05-27 12:00:00;0.7615009095976788;0.6428713464085634;0.7417293157328263
2023-05-27 13:00:00;0.7722921861283143;0.6595975443020599;0.7535097458239386
2023-05-27 14:00:00;0.7001396645430098;0.5972763465200642;0.6829957782058522
2023-05-27 15:00:00;0.6267993195267157;0.5493800339642272;0.613896105266301
2023-05-27 16:00:00;0.5399370088663316;0.4838071519792264;0.5305820327184808
2023-05-27 17:00:00;0.4090159796219103;0.3747165027736047;0.4032994001471927
2023-05-27 18:00:00;0.31877608286481784;0.3063017569665894;0.31669702854844645
2023-05-27 19:00:00;0.24261065753036232;0.24144364904975893;0.2424161561169284
2023-05-27 20:00:00;0.17632243411058476;0.17632243411058476;0.17632243411058476
2023-05-27 21:00:00;0.13250036232463777;0.13250036232463777;0.13250036232463777
2023-05-27 22:00:00;0.08138664599717266;0.08138664599717266;0.08138664599717266
2023-05-27 23:00:00;0.07951940484669649;0.07951940484669649;0.07951940484669649
2023-05-28 00:00:00;0.09853082062603702;0.09853082062603702;0.09853082062603702
2023-05-28 01:00:00;0.0717484081493863;0.0717484081493863;0.0717484081493863
2023-05-28 02:00:00;0.10628958588071215;0.10628958588071215;0.10628958588071215
2023-05-28 03:00:00;0.07901535156322732;0.07901535156322732;0.07901535156322732
2023-05-28 04:00:00;0.034272432784584486;0.030037005868014045;0.03356652829848942
2023-05-28 05:00:00;0.11349751678822154;0.09369754773179116;0.11019752194548316
2023-05-28 06:00:00;0.223491433598;0.18102928293711903;0.21641440848785318
2023-05-28 07:00:00;0.364369373296407;0.296994962561408;0.35314030484057385
2023-05-28 08:00:00;0.5181027524083149;0.42891360829340053;0.5032378950558293
2023-05-28 09:00:00;0.6519187219306306;0.5373858805849145;0.6328299150396781
2023-05-28 10:00:00;0.7923404931792812;0.6639884239640355;0.7709484816434069
2023-05-28 11:00:00;0.8630566561487675;0.7317038792652163;0.8411645266681758
2023-05-28 12:00:00;0.940717679704266;0.8035389970730993;0.9178545659324051
2023-05-28 13:00:00;0.7885956055896451;0.690026290823551;0.7721673864619629
2023-05-28 14:00:00;0.7356291837509211;0.6380131166999874;0.7193598392424322
2023-05-28 15:00:00;0.6391676514276745;0.5691681518801226;0.6275010681697493
2023-05-28 16:00:00;0.5699765659838228;0.5069761369605541;0.5594764944799449
2023-05-28 17:00:00;0.44807486624981174;0.40951214623959226;0.4416477462481085
2023-05-28 18:00:00;0.31172835611583527;0.29624062179063887;0.30914706706163586
2023-05-28 19:00:00;0.219766617888092;0.21823886306422277;0.2195119920841138
2023-05-28 20:00:00;0.1811957556976702;0.1811957556976702;0.1811957556976702
2023-05-28 21:00:00;0.1846533770198408;0.1846533770198408;0.1846533770198408
2023-05-28 22:00:00;0.2217729990840968;0.2217729990840968;0.2217729990840968
2023-05-28 23:00:00;0.1644592203873271;0.1644592203873271;0.1644592203873271
2023-05-29 00:00:00;0.13354934609844019;0.13354934609844019;0.13354934609844019
2023-05-29 01:00:00;0.12340429625448392;0.12340429625448392;0.12340429625448392
2023-05-29 02:00:00;0.11483787544623969;0.11483787544623969;0.11483787544623969
2023-05-29 03:00:00;0.09817900454358656;0.09817900454358656;0.09817900454358656
2023-05-29 04:00:00;0.07546905057001484;0.07213603844033789;0.07491354854840201
2023-05-29 05:00:00;0.12284544972574755;0.10431515008390176;0.11975706645210658
2023-05-29 06:00:00;0.2245074480047683;0.1801057709015469;0.21710716848756476
2023-05-29 07:00:00;0.34901229211611273;0.2918346845698109;0.33948269085839583
2023-05-29 08:00:00;0.4595514291789673;0.38260987073526354;0.44672783610501665
2023-05-29 09:00:00;0.570577835431111;0.46678141230309456;0.5532784315764416
2023-05-29 10:00:00;0.6579831205178506;0.5382125579673259;0.6380213600927632
2023-05-29 11:00:00;;;
2023-05-29 12:00:00;0.710199286269245;0.5841654842088968;0.6891936525925203
2023-05-29 13:00:00;0.7028690452699804;0.5717617297696327;0.6810178260199224
2023-05-29 14:00:00;0.6306236320348979;0.5190709070107387;0.6120315111975383
2023-05-29 15:00:00;0.5249301219321321;0.4326116179966453;0.509543704609551
2023-05-29 16:00:00;0.4025049507315489;0.3320232202788613;0.39075799565610103
2023-05-29 17:00:00;0.2680965691559597;0.22436313344695127;0.2608076632044583
2023-05-29 18:00:00;0.10164653805351899;0.08358845896350311;0.098636858205183
2023-05-29 19:00:00;0.0350244127156976;0.03365980276571332;0.034796977724033555
2023-05-29 20:00:00;0.062142914279586556;0.062142914279586556;0.062142914279586556
2023-05-29 21:00:00;0.04513809266057476;0.04513809266057476;0.04513809266057476
2023-05-29 22:00:00;0.045014110487826754;0.045014110487826754;0.045014110487826754
2023-05-29 23:00:00;0.043441570802003955;0.043441570802003955;0.043441570802003955
2023-05-30 00:00:00;0.03108481411619197;0.03108481411619197;0.03108481411619197
2023-05-30 01:00:00;0.03664705497953304;0.03664705497953304;0.03664705497953304
2023-05-30 02:00:00;0.038594740975259556;0.038594740975259556;0.038594740975259556
2023-05-30 03:00:00;0.029915169069053144;0.029915169069053144;0.029915169069053144
2023-05-30 04:00:00;0.02563002044134961;0.022501681323962967;0.02510863058845184
2023-05-30 05:00:00;0.08095989661466875;0.06457669032253541;0.07822936223264652
2023-05-30 06:00:00;0.2095294055102582;0.16483198468845878;0.20207983537329163
2023-05-30 07:00:00;0.3520328357809157;0.2864004628564582;0.3410941069601728
2023-05-30 08:00:00;0.5070578567711114;0.40304164081662797;0.48972182077869747
2023-05-30 09:00:00;0.6458965824069457;0.514968259211001;0.6240751952076217
2023-05-30 10:00:00;0.7361080995866451;0.59299817490844;0.7122564454736109
2023-05-30 11:00:00;0.8050641171331495;0.6522648130260675;0.7795975664486358
2023-05-30 12:00:00;0.8255160665812601;0.6794335467261765;0.8011689799387463
2023-05-30 13:00:00;;;
2023-05-30 14:00:00;0.7347573032468036;0.613279612499126;0.7145110214555239
2023-05-30 15:00:00;0.6157666553633258;0.5180431104419262;0.5994793978764261
2023-05-30 16:00:00;0.49693731656187057;0.4292920135864695;0.48566309939930374
2023-05-30 17:00:00;0.34976452502863276;0.3077054947805993;0.3427546866539605
2023-05-30 18:00:00;0.19683399480591451;0.17963529636872527;0.19396754506638295
2023-05-30 19:00:00;0.10654303607148913;0.10480786559640431;0.10625384099230832
2023-05-30 20:00:00;0.04137786847627743;0.04137786847627743;0.04137786847627743
2023-05-30 21:00:00;0.0469942976843679;0.0469942976843679;0.0469942976843679
2023-05-30 22:00:00;0.03673204232529109;0.03673204232529109;0.03673204232529109
2023-05-30 23:00:00;0.03356524076395051;0.03356524076395051;0.03356524076395051
2023-05-31 00:00:00;0.033134064511863605;0.033134064511863605;0.033134064511863605
2023-05-31 01:00:00;0.02404676187979087;0.02404676187979087;0.02404676187979087
2023-05-31 02:00:00;0.029059884594689937;0.029059884594689937;0.029059884594689937
2023-05-31 03:00:00;0.022688590196764304;0.022688590196764304;0.022688590196764304
2023-05-31 04:00:00;0.016885886767323555;0.01213804384449461;0.016094579613518734
2023-05-31 05:00:00;0.09460528625819788;0.07226425998296872;0.09088178187899303
2023-05-31 06:00:00;0.2336112107866356;0.18206418142022004;0.22502003922556635
2023-05-31 07:00:00;0.38608454373258255;0.30599761399459713;0.372736722109585
2023-05-31 08:00:00;0.49222888820698324;0.4046967301946223;0.4776401952049232
2023-05-31 09:00:00;0.6311301978969459;0.5235418096501765;0.6131987998558177
2023-05-31 10:00:00;0.7543795859899085;0.6247735882354152;0.7327785863641596
2023-05-31 11:00:00;0.822984081586134;0.6921345741748797;0.8011758303509251
2023-05-31 12:00:00;0.8579239899206544;0.7162048511383614;0.8343041334569391
2023-05-31 13:00:00;0.844366913049069;0.7100547952220783;0.8219815600779039
2023-05-31 14:00:00;0.7806918939393687;0.6628174085844745;0.7610461463802196
2023-05-31 15:00:00;0.6800757083510374;0.5860426001392304;0.6644035236490697
2023-05-31 16:00:00;0.5499275598222755;0.48212817565794286;0.5386276624615535
2023-05-31 17:00:00;0.38075466637791944;0.3403242826926127;0.374016269097035
2023-05-31 18:00:00;0.22028709122613624;0.2039226799760764;0.2175596893511263
2023-05-31 19:00:00;0.14427787305377082;0.1423897116547867;0.14396317948727347
2023-05-31 20:00:00;0.13976437415642023;0.13976437415642023;0.13976437415642023
2023-05-31 21:00:00;0.027018451887081314;0.027018451887081314;0.027018451887081314
2023-05-31 22:00:00;0.033408901422702815;0.033408901422702815;0.033408901422702815
2023-05-31 23:00:00;0.03980760756649745;0.03980760756649745;0.03980760756649745
2023-06-01 00:00:00;0.07645315656394776;0.07645315656394776;0.07645315656394776
2023-06-01 01:00:00;0.06715159994735159;0.06715159994735159;0.06715159994735159
2023-06-01 02:00:00;0.07943148233085925;0.07943148233085925;0.07943148233085925
2023-06-01 03:00:00;0.030420727387792012;0.030420727387792012;0.030420727387792012
2023-06-01 04:00:00;0.025963078227982623;0.02104655524751308;0.025143657731237702
2023-06-01 05:00:00;0.10673134676285981;0.0818433274504474;0.10258334354412442
2023-06-01 06:00:00;0.2444716407239134;0.19200468981279709;0.23572714890539398
2023-06-01 07:00:00;0.44504582505380724;0.3544573748881838;0.42994775002620345
2023-06-01 08:00:00;0.5214812399738572;0.42212343197361113;0.5049216053071496
2023-06-01 09:00:00;0.7093848339797139;0.578295386166587;0.6875365926775262
2023-06-01 10:00:00;0.8249431524148277;0.6810716398321358;0.8009645669843792
2023-06-01 11:00:00;0.9071642359750572;0.7504395380082733;0.8810434529805934
2023-06-01 12:00:00;0.9125340055145984;0.7641048715694674;0.8877958165237433
2023-06-01 13:00:00;0.7573742777963913;0.6456722944885668;0.7387572805784205
2023-06-01 14:00:00;0.6371393360084091;0.5312735360150959;0.6194950360095236
2023-06-01 15:00:00;0.20883874262548383;0.19609146967374685;0.20671419713352768
2023-06-01 16:00:00;0.11642143439302018;0.1081284004827462;0.11503926207464114
2023-06-01 17:00:00;0.07535753384925595;0.06863147126444856;0.0742365234184547
2023-06-01 18:00:00;0.059542850535077206;0.05417556044852671;0.05864830218731879
2023-06-01 19:00:00;0.03524058702533087;0.034784546824555534;0.035164580325201644
2023-06-01 20:00:00;0.03323414433492124;0.03323414433492124;0.03323414433492124
2023-06-01 21:00:00;0.05877105958952517;0.05877105958952517;0.05877105958952517
2023-06-01 22:00:00;0.055498608607223575;0.055498608607223575;0.055498608607223575
2023-06-01 23:00:00;0.09813612856576613;0.09813612856576613;0.09813612856576613
2023-06-02 00:00:00;0.05866585674071749;0.05866585674071749;0.05866585674071749
2023-06-02 01:00:00;0.031601127068121286;0.031601127068121286;0.031601127068121286
2023-06-02 02:00:00;0.03717117385505103;0.03717117385505103;0.03717117385505103
2023-06-02 03:00:00;0.036280393177513436;0.036280393177513436;0.036280393177513436
2023-06-02 04:00:00;0.03559111223375266;0.03274296602824006;0.035116421199500564
2023-06-02 05:00:00;0.07452745658144265;0.0643577681171006;0.07283250850405232
2023-06-02 06:00:00;0.12210103245911855;0.09886820060245008;0.1182288938163405
2023-06-02 07:00:00;0.25054719946780596;0.20525034410155887;0.24299772357343144
2023-06-02 08:00:00;0.5084914317536643;0.41370007278748105;0.49269287192596706
2023-06-02 09:00:00;0.6539310439172477;0.5316926814692284;0.6335579835092444
2023-06-02 10:00:00;0.7516256798461619;0.6236808639035687;0.7303015438557299
2023-06-02 11:00:00;0.8098213154141198;0.6741504813406712;0.7872095097352119
2023-06-02 12:00:00;0.77372880636438;0.6395894262949647;0.7513722430194776
2023-06-02 13:00:00;0.715915792062984;0.5914081662403384;0.6951645210925431
2023-06-02 14:00:00;0.6184302118804781;0.5171858118765237;0.6015561452131524
2023-06-02 15:00:00;0.4848352089116727;0.40941445503584234;0.472265083265701
2023-06-02 16:00:00;0.33710884980215444;0.29081252063618734;0.32939279494115986
2023-06-02 17:00:00;0.20296903728069177;0.18162894920116127;0.1994123559341034
2023-06-02 18:00:00;0.11586899246271959;0.10795759832789983;0.11455042677358296
2023-06-02 19:00:00;0.055973916993212164;0.054847888422622545;0.05578624556478057
2023-06-02 20:00:00;0.059005032224089135;0.059005032224089135;0.059005032224089135
2023-06-02 21:00:00;0.0603465218439796;0.0603465218439796;0.0603465218439796
2023-06-02 22:00:00;0.058123291613331386;0.058123291613331386;0.058123291613331386
2023-06-02 23:00:00;0.027519683543683022;0.027519683543683022;0.027519683543683022
2023-06-03 00:00:00;0.0385050205554009;0.0385050205554009;0.0385050205554009
2023-06-03 01:00:00;0.041136290247300776;0.041136290247300776;0.041136290247300776
2023-06-03 02:00:00;0.04231200013071491;0.04231200013071491;0.04231200013071491
2023-06-03 03:00:00;0.040999434309466454;0.040999434309466454;0.040999434309466454
2023-06-03 04:00:00;0.03389026774124706;0.03221182390733222;0.03361052710226125
2023-06-03 05:00:00;0.05604513176696712;0.05165401871720922;0.05531327959200747
2023-06-03 06:00:00;0.12514569691842511;0.11027460780495707;0.12266718206618046
2023-06-03 07:00:00;0.2682133771753607;0.22846220756175362;0.2615881822397595
2023-06-03 08:00:00;0.3694405598050874;0.31423056760315016;0.36023889443809787
2023-06-03 09:00:00;0.4841429874189128;0.40421685073074654;0.4708219646375518
2023-06-03 10:00:00;0.585233921703469;0.48099167574351226;0.5678602140434763
2023-06-03 11:00:00;0.6267775957203912;0.5169618066320151;0.6084749642056619
2023-06-03 12:00:00;0.6319144831966075;0.5244901394596914;0.6140104259071214
2023-06-03 13:00:00;0.6231776227672094;0.5174884524820503;0.6055627610530163
2023-06-03 14:00:00;0.5626160741231074;0.4698624819193699;0.5471571420891512
2023-06-03 15:00:00;0.47212948024896834;0.39727379468540286;0.45965353265504083
2023-06-03 16:00:00;0.36446642205413965;0.308503847876112;0.35513932635780177
2023-06-03 17:00:00;0.2626540218723029;0.23233405648255562;0.25760069430734506
2023-06-03 18:00:00;0.16611656003798925;0.15224011911645946;0.16380381988440096
2023-06-03 19:00:00;0.08951824835296608;0.08786228668149759;0.08924225474105466
2023-06-03 20:00:00;0.06510955330677254;0.06510955330677254;0.06510955330677254
2023-06-03 21:00:00;0.05742796075010038;0.05742796075010038;0.05742796075010038
2023-06-03 22:00:00;0.04449005399226484;0.04449005399226484;0.04449005399226484
2023-06-03 23:00:00;0.04362053841247191;0.04362053841247191;0.04362053841247191
2023-06-04 00:00:00;0.026179155622146497;0.026179155622146497;0.026179155622146497
2023-06-04 01:00:00;0.02556957334926205;0.02556957334926205;0.02556957334926205
2023-06-04 02:00:00;0.020435054924140692;0.020435054924140692;0.020435054924140692
2023-06-04 03:00:00;0.03477172541191222;0.03477172541191222;0.03477172541191222
2023-06-04 04:00:00;0.029028116429555918;0.02509479115134712;0.028372562216521124
2023-06-04 05:00:00;0.07932288266998307;0.06141503607714767;0.07633824157117716
2023-06-04 06:00:00;0.18175885144626197;0.1442034188534852;0.1754996126807992
2023-06-04 07:00:00;0.32356095569450716;0.2668281868480008;0.31410549422008954
2023-06-04 08:00:00;0.3476588808371201;0.29715852554070094;0.3392421549543836
2023-06-04 09:00:00;0.4936605935826778;0.4135235749828325;0.48030442381603683
2023-06-04 10:00:00;0.6000262291894104;0.49746832951263686;0.5829332459099482
2023-06-04 11:00:00;0.6165454379191335;0.5120344059235166;0.5991269325865307
2023-06-04 12:00:00;0.6471322526146891;0.5385800434510171;0.6290402177540771
2023-06-04 13:00:00;0.6008782367396216;0.4935047948169691;0.5829826630858461
2023-06-04 14:00:00;0.5609962903906436;0.4682599423110886;0.5455402323773845
2023-06-04 15:00:00;0.4660043776102762;0.3832067270008986;0.45220476917537994
2023-06-04 16:00:00;0.27741647268063657;0.23664373796266333;0.27062101689430773
2023-06-04 17:00:00;0.14447604998984218;0.132027326468961;0.14240126273636203
2023-06-04 18:00:00;0.12871486474481292;0.12488233536651541;0.12807610984843001
2023-06-04 19:00:00;0.052797679218751684;0.051254589348045256;0.05254049757363395
2023-06-04 20:00:00;0.0550389935979121;0.0550389935979121;0.0550389935979121
2023-06-04 21:00:00;0.04278209226503713;0.04278209226503713;0.04278209226503713
2023-06-04 22:00:00;0.04958839037008523;0.04958839037008523;0.04958839037008523
2023-06-04 23:00:00;0.046072823531493654;0.046072823531493654;0.046072823531493654
2023-06-05 00:00:00;0.03110456791309062;0.03110456791309062;0.03110456791309062
2023-06-05 01:00:00;0.029780777804255188;0.029780777804255188;0.029780777804255188
2023-06-05 02:00:00;0.02606922179060742;0.02606922179060742;0.02606922179060742
2023-06-05 03:00:00;0.021799803682677404;0.021799803682677404;0.021799803682677404
2023-06-05 04:00:00;0.018945589008777318;0.015267999937889713;0.01833265749696272
2023-06-05 05:00:00;0.07471825229955427;0.05788970338153524;0.07191349414655111
2023-06-05 06:00:00;0.12948965586218758;0.10448176504439902;0.12532167405922282
2023-06-05 07:00:00;0.24635715100072625;0.19623304785533516;0.2380031338098278
2023-06-05 08:00:00;0.39584470352671114;0.31598692742372725;0.38253507417621385
2023-06-05 09:00:00;0.4274982719909154;0.34501263116850517;0.4137506651871804
2023-06-05 10:00:00;0.5146035886108948;0.4171894686563098;0.4983679019517973
2023-06-05 11:00:00;0.6739448841433651;0.5434264952097901;0.6521918193211026
2023-06-05 12:00:00;0.6361652136084522;0.52010672575679;0.6168221322998421
2023-06-05 13:00:00;0.6181633571311619;0.5033171983869646;0.5990223306737956
2023-06-05 14:00:00;0.4978066052907928;0.42028444886827243;0.48488624588703944
2023-06-05 15:00:00;0.3878665828528336;0.3258775694128608;0.37753508061283814
2023-06-05 16:00:00;0.30824376327507236;0.2625193010654253;0.30062301957346454
2023-06-05 17:00:00;0.17795857287117117;0.16145615866917473;0.17520817050417178
2023-06-05 18:00:00;0.08968291880396796;0.08335908975160893;0.08862894729524147
2023-06-05 19:00:00;0.029742580321827854;0.02837398842556412;0.029514481672450566
2023-06-05 20:00:00;0.03331828481260319;0.03331828481260319;0.03331828481260319
2023-06-05 21:00:00;0.05117937434209754;0.05117937434209754;0.05117937434209754
2023-06-05 22:00:00;0.08012253451074103;0.08012253451074103;0.08012253451074103
2023-06-05 23:00:00;0.0696476641264061;0.0696476641264061;0.0696476641264061
2023-06-06 00:00:00;0.0627154547131012;0.0627154547131012;0.0627154547131012
2023-06-06 01:00:00;0.030912640284308214;0.030912640284308214;0.030912640284308214
2023-06-06 02:00:00;0.043562766513914664;0.043562766513914664;0.043562766513914664
2023-06-06 03:00:00;0.02836174676175132;0.02836174676175132;0.02836174676175132
2023-06-06 04:00:00;0.030309414195479056;0.02815783866518568;0.029950818273763488
2023-06-06 05:00:00;0.06847236901948565;0.057771521027754874;0.0666888943541972
2023-06-06 06:00:00;0.10184965111281953;0.08362497029904531;0.09881220431052384
2023-06-06 07:00:00;0.21016904419452484;0.16869266621402532;0.2032563145311083
2023-06-06 08:00:00;0.2299083520308143;0.18792540371452723;0.22291119397809978
2023-06-06 09:00:00;0.41338544278043493;0.33772852114181784;0.40077595584066544
2023-06-06 10:00:00;0.46479417314313753;0.3904852478089052;0.4524093522540988
2023-06-06 11:00:00;0.4331173020440405;0.3731218200906055;0.4231180550518014
2023-06-06 12:00:00;0.3979926467572396;0.34546334605912354;0.38923776330755355
2023-06-06 13:00:00;0.4248196830579794;0.36771445924932306;0.41530214575653673
2023-06-06 14:00:00;0.3079132243888358;0.2776692643836513;0.3028725643879717
2023-06-06 15:00:00;0.21095752293078143;0.19258111203533151;0.2078947877815398
2023-06-06 16:00:00;0.2026503572045935;0.18729728124412223;0.20009151121118163
2023-06-06 17:00:00;0.13797642070556165;0.13029959271853073;0.13669694937438986
2023-06-06 18:00:00;0.07587562657092699;0.07200179559846935;0.0752299880755174
2023-06-06 19:00:00;0.04452065510714535;0.04388065376642361;0.04441398821702506
2023-06-06 20:00:00;0.036777884701753354;0.036777884701753354;0.036777884701753354
2023-06-06 21:00:00;0.057971133586946125;0.057971133586946125;0.057971133586946125
2023-06-06 22:00:00;0.06355973376134762;0.06355973376134762;0.06355973376134762
2023-06-06 23:00:00;0.05038178162878343;0.05038178162878343;0.05038178162878343
2023-06-07 00:00:00;0.04549385016058884;0.04549385016058884;0.04549385016058884
2023-06-07 01:00:00;0.03469268192087198;0.03469268192087198;0.03469268192087198
2023-06-07 02:00:00;0.03727901541885214;0.03727901541885214;0.03727901541885214
2023-06-07 03:00:00;0.04053093916005143;0.04053093916005143;0.04053093916005143
2023-06-07 04:00:00;0.038512028984944435;0.03489146032949827;0.03790860087570341
2023-06-07 05:00:00;0.07455656243850639;0.06667014051238128;0.0732421587841522
2023-06-07 06:00:00;0.15532522102498383;0.12910631782851395;0.1509554038255722
2023-06-07 07:00:00;0.24047735884126203;0.1991770509222309;0.2335939741880902
2023-06-07 08:00:00;0.25097758619293;0.21429145898985494;0.24486323165908416
2023-06-07 09:00:00;0.2654789188903724;0.22175417179353704;0.25819146104089985
2023-06-07 10:00:00;0.37250256586414954;0.305480556324243;0.3613322309408318
2023-06-07 11:00:00;0.3333702967674575;0.2859408989046907;0.32546539712366307
2023-06-07 12:00:00;0.28636922317546004;0.2462506126266385;0.27968278808398983
2023-06-07 13:00:00;0.3011662817794928;0.26078704934438846;0.2944364097069755
2023-06-07 14:00:00;0.1982189340910895;0.17628446476128395;0.19456318920278862
2023-06-07 15:00:00;0.17326786812196265;0.14762537234283013;0.16899411882544055
2023-06-07 16:00:00;0.1320942878147136;0.11642961506023396;0.12948350902230035
2023-06-07 17:00:00;0.1101934807558081;0.10159065520985913;0.10875967649814995
2023-06-07 18:00:00;0.0635433509184682;0.060845878795242336;0.06309377223126389
2023-06-07 19:00:00;0.04132326876868889;0.04072327528877403;0.04122326985536975
2023-06-07 20:00:00;0.02023578912935484;0.02023578912935484;0.02023578912935484
2023-06-07 21:00:00;0.01960210317927078;0.01960210317927078;0.01960210317927078
2023-06-07 22:00:00;0.019997668126899886;0.019997668126899886;0.019997668126899886
2023-06-07 23:00:00;0.019910862061331455;0.019910862061331455;0.019910862061331455
2023-06-08 00:00:00;0.018978210202673537;0.018978210202673537;0.018978210202673537
2023-06-08 01:00:00;0.022401149412087214;0.022401149412087214;0.022401149412087214
2023-06-08 02:00:00;0.021424225717534842;0.021424225717534842;0.021424225717534842
2023-06-08 03:00:00;0.02134131647901562;0.02134131647901562;0.02134131647901562
2023-06-08 04:00:00;0.02074982371017344;0.019640551607802818;0.020564945026445004
2023-06-08 05:00:00;0.04642213718936409;0.039755939560953225;0.045311104251295614
2023-06-08 06:00:00;0.1077815597459114;0.089065884862483;0.10466228059867333
2023-06-08 07:00:00;0.13366948052273328;0.11057227269603628;0.12981994588495047
2023-06-08 08:00:00;0.147546064315894;0.12394541914678245;0.14361262345437545
2023-06-08 09:00:00;0.22044143472165603;0.18471850768845896;0.21448761354945653
2023-06-08 10:00:00;0.2509289579483777;0.2111584239816742;0.2443005356205938
2023-06-08 11:00:00;0.3601682447093916;0.2997146775796712;0.3500926501877716
2023-06-08 12:00:00;0.26994753632298424;0.22236121543011048;0.2620164828408386
2023-06-08 13:00:00;0.30787080102135145;0.24857891878258231;0.29798882064822324
2023-06-08 14:00:00;0.3931866687420228;0.31845989337078295;0.38073220618014947
2023-06-08 15:00:00;0.32769909364237654;0.2647683574604808;0.3172106376120606
2023-06-08 16:00:00;0.09991228306488434;0.08411786794992511;0.09727988054572446
2023-06-08 17:00:00;0.06516330040857944;0.05781317928825965;0.06393828022185948
2023-06-08 18:00:00;0.03583920131221842;0.03192795204951818;0.03518732643510171
2023-06-08 19:00:00;0.017694100132776995;0.016673418423359104;0.017523986514540683
2023-06-08 20:00:00;0.026131346206251065;0.026131346206251065;0.026131346206251065
2023-06-08 21:00:00;0.024539959550890056;0.024539959550890056;0.024539959550890056
2023-06-08 22:00:00;0.022473994269061433;0.022473994269061433;0.022473994269061433
2023-06-08 23:00:00;0.02102761417121172;0.02102761417121172;0.02102761417121172
2023-06-09 00:00:00;0.02317253857395341;0.02317253857395341;0.02317253857395341
2023-06-09 01:00:00;0.024043123624811803;0.024043123624811803;0.024043123624811803
2023-06-09 02:00:00;0.0216737969273982;0.0216737969273982;0.0216737969273982
2023-06-09 03:00:00;0.01952439672952351;0.01952439672952351;0.01952439672952351
2023-06-09 04:00:00;0.0199059474489106;0.018070496046931846;0.019600038881914143
2023-06-09 05:00:00;0.037997335733728044;0.03243367717869337;0.03707005930788893
2023-06-09 06:00:00;0.08867466062848947;0.07317440429597499;0.0860912845730704
2023-06-09 07:00:00;0.09769676462111361;0.08189666478846919;0.09506341464900621
2023-06-09 08:00:00;0.17402715466004537;0.14232012332105826;0.1687426494368809
2023-06-09 09:00:00;0.2859370510926343;0.23244642933399992;0.2770219474661952
2023-06-09 10:00:00;0.3906259659072958;0.3180576263288998;0.37853124264422977
2023-06-09 11:00:00;0.40939608908889596;0.3365783554639865;0.397259800151411
2023-06-09 12:00:00;0.2399998992349509;0.20355368508312888;0.2339255302096473
2023-06-09 13:00:00;0.34466601034443956;0.2873810128541524;0.33511851076272503
2023-06-09 14:00:00;0.298582298450861;0.2462437063618532;0.2898591997693597
2023-06-09 15:00:00;0.3749972624574552;0.30196247157981576;0.362824797311182
2023-06-09 16:00:00;0.2755271917867676;0.23043601029616476;0.26801199487166716
2023-06-09 17:00:00;0.13172083436941753;0.11130494354529501;0.12831818589873048
2023-06-09 18:00:00;0.08237311118576282;0.07438974942036687;0.08104255089153016
2023-06-09 19:00:00;0.038013437465167055;0.03689118055221715;0.03782639464634206
2023-06-09 20:00:00;0.03431734027307743;0.03431734027307743;0.03431734027307743
2023-06-09 21:00:00;0.04101688299860199;0.04101688299860199;0.04101688299860199
2023-06-09 22:00:00;0.043355725314715536;0.043355725314715536;0.043355725314715536
2023-06-09 23:00:00;0.041135340019032525;0.041135340019032525;0.041135340019032525
2023-06-10 00:00:00;0.03729033268805537;0.03729033268805537;0.03729033268805537
2023-06-10 01:00:00;0.03579183285905581;0.03579183285905581;0.03579183285905581
2023-06-10 02:00:00;0.03141377245111669;0.03141377245111669;0.03141377245111669
2023-06-10 03:00:00;0.030283479428815308;0.030283479428815308;0.030283479428815308
2023-06-10 04:00:00;0.024316067645092133;0.02024628123412408;0.02363776990993079
2023-06-10 05:00:00;0.06684242548444701;0.054390587369622156;0.0647671191319762
2023-06-10 06:00:00;0.2172656286479727;0.16981659821129283;0.20935745690852606
2023-06-10 07:00:00;0.3241099069954891;0.25758191045911377;0.3130219075727599
2023-06-10 08:00:00;0.4623214191027833;0.36998759198140346;0.44693244791588665
2023-06-10 09:00:00;0.5410478072943159;0.43523381433755964;0.5234121418015233
2023-06-10 10:00:00;0.47930327294012215;0.38948469999495733;0.46433351078259477
2023-06-10 11:00:00;0.5020213358519982;0.4110619474181184;0.4868614377796848
2023-06-10 12:00:00;0.43785947131464825;0.3659672267879607;0.4258774305602004
2023-06-10 13:00:00;0.5835296880692702;0.4754413039725027;0.5655149573864756
2023-06-10 14:00:00;0.6125961682123202;0.49908547273004517;0.5936777189652743
2023-06-10 15:00:00;0.49699770284987854;0.408231223026991;0.48220328954606395
2023-06-10 16:00:00;0.2490149196265473;0.20778621200448735;0.24214346835620404
2023-06-10 17:00:00;0.21597774707279868;0.1799056483054085;0.20996573061156704
2023-06-10 18:00:00;0.10940148966535655;0.09134437699188105;0.10639197088644396
2023-06-10 19:00:00;0.062079368407950836;0.060332252667171064;0.06178818245115421
2023-06-10 20:00:00;0.032991891997941766;0.032991891997941766;0.032991891997941766
2023-06-10 21:00:00;0.023391458164113414;0.023391458164113414;0.023391458164113414
2023-06-10 22:00:00;0.027800988567211773;0.027800988567211773;0.027800988567211773
2023-06-10 23:00:00;0.04613515557016188;0.04613515557016188;0.04613515557016188
2023-06-11 00:00:00;0.029668537971749055;0.029668537971749055;0.029668537971749055
2023-06-11 01:00:00;0.028078099589417548;0.028078099589417548;0.028078099589417548
2023-06-11 02:00:00;0.02516904959480588;0.02516904959480588;0.02516904959480588
2023-06-11 03:00:00;0.026075958150919797;0.026075958150919797;0.026075958150919797
2023-06-11 04:00:00;0.024792826978717954;0.022375619099410687;0.02438995899883342
2023-06-11 05:00:00;0.0610486823573353;0.05005242517665504;0.05921597282722193
2023-06-11 06:00:00;0.19981668670356323;0.15728188098531432;0.19272755241718842
2023-06-11 07:00:00;0.36086407422616595;0.2859338332581959;0.34837570073150437
2023-06-11 08:00:00;0.4760433515307885;0.380677352262426;0.46014901831939486
2023-06-11 09:00:00;0.5898768418957077;0.4780953289765705;0.5712465897425182
2023-06-11 10:00:00;0.7088380064640277;0.5705864420095303;0.6857960790549449
2023-06-11 11:00:00;0.7258508999512527;0.5911451899195873;0.7033999482793085
2023-06-11 12:00:00;0.715592381466694;0.587156875523295;0.694186463809461
2023-06-11 13:00:00;0.5911510364392883;0.4865978840543692;0.5737255110418019
2023-06-11 14:00:00;0.4895377828217761;0.40312246025821785;0.47513522906118316
2023-06-11 15:00:00;0.4784290361171149;0.4091541930151395;0.4668832289334523
2023-06-11 16:00:00;0.2980838859642359;0.24011285781099662;0.2884220479386961
2023-06-11 17:00:00;0.16722847077259426;0.14609251383961047;0.16370581128376363
2023-06-11 18:00:00;0.1299782643269636;0.12061140787644534;0.12841712158521057
2023-06-11 19:00:00;0.009612548550771064;0.007570245665063453;0.009272164736486462
2023-06-11 20:00:00;0.03698329165734747;0.03698329165734747;0.03698329165734747
2023-06-11 21:00:00;0.03172730877491267;0.03172730877491267;0.03172730877491267
2023-06-11 22:00:00;0.025659611320213608;0.025659611320213608;0.025659611320213608
2023-06-11 23:00:00;0.02851321268232726;0.02851321268232726;0.02851321268232726
2023-06-12 00:00:00;0.024150129624486837;0.024150129624486837;0.024150129624486837
2023-06-12 01:00:00;0.024597889893162465;0.024597889893162465;0.024597889893162465
2023-06-12 02:00:00;0.025874951202399587;0.025874951202399587;0.025874951202399587
2023-06-12 03:00:00;0.023758637584192843;0.023758637584192843;0.023758637584192843
2023-06-12 04:00:00;0.026477028310117442;0.024845192069952247;0.026205055603423243
2023-06-12 05:00:00;0.042688113764529925;0.03721441988838127;0.04177583145183849
2023-06-12 06:00:00;0.18081688644349864;0.14519930525495225;0.17488062291207426
2023-06-12 07:00:00;0.28388015931785254;0.23117928364237023;0.27509668003860555
2023-06-12 08:00:00;0.4847284257853251;0.3953951534060725;0.46983954705544967
2023-06-12 09:00:00;0.6486791937263288;0.5324512375516245;0.6293078676972114
2023-06-12 10:00:00;0.7508152686942955;0.6144659363596711;0.7280903799718581
2023-06-12 11:00:00;0.7702330359805142;0.6403240252446173;0.7485815341911981
2023-06-12 12:00:00;0.7798748490624614;0.6458191008255499;0.7575322243563095
2023-06-12 13:00:00;0.7514008818443371;0.6264101109943596;0.7305690867026744
2023-06-12 14:00:00;0.6672199804715383;0.5459215621665633;0.6470035774207092
2023-06-12 15:00:00;0.511033401368404;0.4222454694534529;0.4962354127159122
2023-06-12 16:00:00;0.3785559387246336;0.33003564181368095;0.3704692225728082
2023-06-12 17:00:00;0.24642513317006204;0.20867346711398266;0.24013318882738216
2023-06-12 18:00:00;0.21020543468277614;0.18883312970921623;0.20664338385384948
2023-06-12 19:00:00;0.0412351211646494;0.03821274051336072;0.04073139105610128
2023-06-12 20:00:00;0.06920581680257407;0.06920581680257407;0.06920581680257407
2023-06-12 21:00:00;0.04475796720713566;0.04475796720713566;0.04475796720713566
2023-06-12 22:00:00;0.05202719098573734;0.05202719098573734;0.05202719098573734
2023-06-12 23:00:00;0.04756523802246555;0.04756523802246555;0.04756523802246555
2023-06-13 00:00:00;0.0646622844148311;0.0646622844148311;0.0646622844148311
2023-06-13 01:00:00;0.052974282214121496;0.052974282214121496;0.052974282214121496
2023-06-13 02:00:00;0.05636251110226408;0.05636251110226408;0.05636251110226408
2023-06-13 03:00:00;0.05194784465374465;0.05194784465374465;0.05194784465374465
2023-06-13 04:00:00;0.044639684385559604;0.03999036595133511;0.04386479797985553
2023-06-13 05:00:00;0.07986528016939665;0.06891319093843482;0.07803993196423635
2023-06-13 06:00:00;0.1326932764382435;0.11229140832944252;0.12929296508677668
2023-06-13 07:00:00;0.1711455876036811;0.14522957257086802;0.16682625176487895
2023-06-13 08:00:00;0.136898361485128;0.11945217072401541;0.13399066302494256
2023-06-13 09:00:00;0.09521368592396409;0.08811514379274421;0.09403059556876078
2023-06-13 10:00:00;0.09365880000011119;0.0804767393549235;0.09146178989257991
2023-06-13 11:00:00;0.2482033220292389;0.20102452727903253;0.24034018957087117
2023-06-13 12:00:00;0.17597300524933499;0.14502467355240756;0.17081494996651372
2023-06-13 13:00:00;0.08621051197991342;0.07528515003542144;0.08438961832249811
2023-06-13 14:00:00;0.09086972125912338;0.07679820515861614;0.0885244685757055
2023-06-13 15:00:00;0.10724134170975345;0.08956278342748392;0.10429491532937521
2023-06-13 16:00:00;0.0990224135907418;0.0821046879520313;0.09620279265095673
2023-06-13 17:00:00;0.06084128892339289;0.05172684955631242;0.05932221569554615
2023-06-13 18:00:00;0.030256202406215574;0.027904931232039253;0.029864323877186186
2023-06-13 19:00:00;0.018772258409869347;0.018339818797194086;0.018700185141090137
2023-06-13 20:00:00;0.020215965545885523;0.020215965545885523;0.020215965545885523
2023-06-13 21:00:00;0.020214046259327188;0.020214046259327188;0.020214046259327188
2023-06-13 22:00:00;0.019831679949263242;0.019831679949263242;0.019831679949263242
2023-06-13 23:00:00;0.019900575477499096;0.019900575477499096;0.019900575477499096
2023-06-14 00:00:00;0.01987904666882789;0.01987904666882789;0.01987904666882789
2023-06-14 01:00:00;0.019854054812483334;0.019854054812483334;0.019854054812483334
2023-06-14 02:00:00;0.020158641010895928;0.020158641010895928;0.020158641010895928
2023-06-14 03:00:00;0.019363842217871585;0.019363842217871585;0.019363842217871585
2023-06-14 04:00:00;0.01935114151135855;0.018532232540496404;0.019214656682881526
2023-06-14 05:00:00;0.032181042422768584;0.028590804915997903;0.031582669504973473
2023-06-14 06:00:00;0.06557374988549013;0.054243912640557695;0.06368544367800139
2023-06-14 07:00:00;0.19896871052421863;0.15910969162478333;0.19232554070764607
2023-06-14 08:00:00;0.273238698014477;0.21890694309628245;0.26418340552811126
2023-06-14 09:00:00;0.3823949997170122;0.30809531484153757;0.37001171890443313
2023-06-14 10:00:00;0.3641105944513816;0.29484714138175444;0.3525666856064438
2023-06-14 11:00:00;0.5478013455023861;0.44034537734437584;0.5298920174760511
2023-06-14 12:00:00;0.35228325001959776;0.2883665756144546;0.341630470952074
2023-06-14 13:00:00;0.4614851921994508;0.37501634626884306;0.44707371787768285
2023-06-14 14:00:00;0.3854680215772691;0.31690034830609964;0.3740400760320742
2023-06-14 15:00:00;0.4877408055591164;0.3933156445362939;0.4720032787219794
2023-06-14 16:00:00;0.4085655303167995;0.33035996137799994;0.3955312688269996
2023-06-14 17:00:00;0.19354043497836051;0.16055265520550963;0.1880424716828854
2023-06-14 18:00:00;0.09371699619712541;0.08193039257191254;0.09175256225958996
2023-06-14 19:00:00;0.04066262771608613;0.03889141453533841;0.04036742551929485
2023-06-14 20:00:00;0.035425284016183556;0.035425284016183556;0.035425284016183556
2023-06-14 21:00:00;0.026092644494332986;0.026092644494332986;0.026092644494332986
2023-06-14 22:00:00;0.024586152727942068;0.024586152727942068;0.024586152727942068
2023-06-14 23:00:00;0.02399306478698133;0.02399306478698133;0.02399306478698133
2023-06-15 00:00:00;0.02497997513990759;0.02497997513990759;0.02497997513990759
2023-06-15 01:00:00;0.022309230730773903;0.022309230730773903;0.022309230730773903
2023-06-15 02:00:00;0.023647467157827878;0.023647467157827878;0.023647467157827878
2023-06-15 03:00:00;0.020480841467864833;0.020480841467864833;0.020480841467864833
2023-06-15 04:00:00;0.02264825233513991;0.017482708673478613;0.021787328391529696
2023-06-15 05:00:00;0.06837946378813795;0.05446999037485542;0.06606121821925752
2023-06-15 06:00:00;0.1529594517340559;0.12131224322950321;0.14768491698329714
2023-06-15 07:00:00;0.13949338303520528;0.11317828985582708;0.1351075341719756
2023-06-15 08:00:00;0.043096784966809173;0.0387548947210806;0.042373136592521086
2023-06-15 09:00:00;0.08222384839035247;0.06964507316117871;0.08012738585215685
2023-06-15 10:00:00;0.295595319859846;0.23931069042086484;0.2862145482866824
2023-06-15 11:00:00;0.5866180279727178;0.47417992684449406;0.5678783444513471
2023-06-15 12:00:00;0.5899035082490438;0.4827251618978248;0.5720404505238408
2023-06-15 13:00:00;0.4139358580490176;0.33811398703939965;0.40129887954741467
2023-06-15 14:00:00;0.20855392149397453;0.18097457856924348;0.20395736433985273
2023-06-15 15:00:00;0.0485664637851804;0.04611280101532521;0.04815751999020454
2023-06-15 16:00:00;0.05670110357265234;0.049992893523239566;0.05558306856441688
2023-06-15 17:00:00;0.09700048927678168;0.07841185741441896;0.09390238396638789
2023-06-15 18:00:00;0.04731437507733352;0.04005687474325446;0.046104791688320344
2023-06-15 19:00:00;0.027426436596409573;0.026679584198248212;0.02730196119671601
2023-06-15 20:00:00;0.02227564391998344;0.02227564391998344;0.02227564391998344
2023-06-15 21:00:00;0.0251257920695796;0.0251257920695796;0.0251257920695796
2023-06-15 22:00:00;0.022129668285257743;0.022129668285257743;0.022129668285257743
2023-06-15 23:00:00;0.02216139006166731;0.02216139006166731;0.02216139006166731
2023-06-16 00:00:00;0.022163964680235293;0.022163964680235293;0.022163964680235293
2023-06-16 01:00:00;0.022951910058196474;0.022951910058196474;0.022951910058196474
2023-06-16 02:00:00;0.021545491246878268;0.021545491246878268;0.021545491246878268
2023-06-16 03:00:00;0.023207902558877145;0.023207902558877145;0.023207902558877145
2023-06-16 04:00:00;0.02307738738792662;0.021364079099040784;0.02279183600644565
2023-06-16 05:00:00;0.04303687662178584;0.03664937301493323;0.041972292687310404
2023-06-16 06:00:00;0.06339239640493007;0.054164436107767056;0.06185440302206958
2023-06-16 07:00:00;0.11484038010259048;0.09451104137088001;0.11145215698063876
2023-06-16 08:00:00;0.1573498768611591;0.12987681438407067;0.1527710331149777
2023-06-16 09:00:00;0.16911835707823472;0.14123071282221825;0.1644704163688987
2023-06-16 10:00:00;0.4180994334842882;0.3368315130792026;0.40455478008344065
2023-06-16 11:00:00;0.5536301215029124;0.4473481093851267;0.5359164528166148
2023-06-16 12:00:00;0.552228520646758;0.4485411744613263;0.5349472962825194
2023-06-16 13:00:00;0.6218958412889863;0.5017316787133624;0.6018684808597158
2023-06-16 14:00:00;0.5514765823659915;0.446252753140164;0.5339392774950203
2023-06-16 15:00:00;0.36316636046858364;0.29677086119312723;0.35210044392267426
2023-06-16 16:00:00;0.2478923126708521;0.20674022040237724;0.2410336306261063
2023-06-16 17:00:00;0.1366506408431421;0.11369895888142754;0.13282536051618968
2023-06-16 18:00:00;0.07867779629546422;0.0669001430065014;0.07671485408063708
2023-06-16 19:00:00;0.038377019308850624;0.03612398106794716;0.038001512935366716
2023-06-16 20:00:00;0.043558285902125723;0.043558285902125723;0.043558285902125723
2023-06-16 21:00:00;0.030627159922328034;0.030627159922328034;0.030627159922328034
2023-06-16 22:00:00;0.02897969870560302;0.02897969870560302;0.02897969870560302
2023-06-16 23:00:00;0.042987625166083517;0.042987625166083517;0.042987625166083517
2023-06-17 00:00:00;0.03927137574460458;0.03927137574460458;0.03927137574460458
2023-06-17 01:00:00;0.05076083685695814;0.05076083685695814;0.05076083685695814
2023-06-17 02:00:00;0.03445444782952128;0.03445444782952128;0.03445444782952128
2023-06-17 03:00:00;0.026558653152429522;0.026558653152429522;0.026558653152429522
2023-06-17 04:00:00;0.02214850338934541;0.021844674643609095;0.022097865265056024
2023-06-17 05:00:00;0.02517809995953655;0.024283968623816002;0.025029078070249792
2023-06-17 06:00:00;0.030850302719675735;0.029036879043699573;0.03054806544034638
2023-06-17 07:00:00;0.04432014607034742;0.039515454907678875;0.04351936420990267
2023-06-17 08:00:00;0.05755058277433086;0.05008309288045148;0.05630600112535096
2023-06-17 09:00:00;0.07828168660003008;0.06714642147791168;0.07642580907967703
2023-06-17 10:00:00;0.07472138966068174;0.06473136722964778;0.07305638592217609
2023-06-17 11:00:00;0.12226121901908099;0.10257781172865763;0.11898065113734378
2023-06-17 12:00:00;0.11241162540542617;0.09447736436828721;0.10942258189923634
2023-06-17 13:00:00;0.09975021557887032;0.08597528291436393;0.09745439346811925
2023-06-17 14:00:00;0.07355952593948009;0.06603826259438174;0.07230598204863037
2023-06-17 15:00:00;0.08853606340146901;0.07710950906692007;0.0866316376790442
2023-06-17 16:00:00;0.10861188908934234;0.0949393111087819;0.10633312609258228
2023-06-17 17:00:00;0.09102687925346387;0.07548068176036485;0.08843584633794736
2023-06-17 18:00:00;0.0634419632573973;0.059321219179406144;0.06275517257773211
2023-06-17 19:00:00;0.02802584072795785;0.027689206309618745;0.027969734991568
2023-06-17 20:00:00;0.025827422004737536;0.025827422004737536;0.025827422004737536
2023-06-17 21:00:00;0.022307817870021063;0.022307817870021063;0.022307817870021063
2023-06-17 22:00:00;0.021842260417604908;0.021842260417604908;0.021842260417604908
2023-06-17 23:00:00;0.02213185064474724;0.02213185064474724;0.02213185064474724
2023-06-18 00:00:00;0.019894256207564548;0.019894256207564548;0.019894256207564548
2023-06-18 01:00:00;0.019703388948497994;0.019703388948497994;0.019703388948497994
2023-06-18 02:00:00;0.019891218522582833;0.019891218522582833;0.019891218522582833
2023-06-18 03:00:00;0.025848349865185343;0.025848349865185343;0.025848349865185343
2023-06-18 04:00:00;0.028252895441682864;0.02758190209009458;0.028141063216418155
2023-06-18 05:00:00;0.05791989089543312;0.050690495229685925;0.056714991617808595
2023-06-18 06:00:00;0.07981833070842788;0.06977808154661727;0.0781449558481261
2023-06-18 07:00:00;0.11792323790471003;0.10095329700004042;0.11509491442059842
2023-06-18 08:00:00;0.1977483681828123;0.16569314058245266;0.192405830249419
2023-06-18 09:00:00;0.23045604544221857;0.19562160819329039;0.22465030590073054
2023-06-18 10:00:00;0.1966356562923198;0.16966181411118295;0.192140015928797
2023-06-18 11:00:00;0.2540735983672906;0.21539423334231497;0.24762703752979465
2023-06-18 12:00:00;0.3031076717550213;0.2564080380737539;0.29532439947481004
2023-06-18 13:00:00;0.39077347698701176;0.32514126104228713;0.3798347743295577
2023-06-18 14:00:00;0.2342222059598176;0.20042326287509823;0.22858904877903105
2023-06-18 15:00:00;0.16782218326248619;0.14318591365400493;0.16371613832773935
2023-06-18 16:00:00;0.10137175933934801;0.0881979493203009;0.09917612433617348
2023-06-18 17:00:00;0.06508980032163363;0.059557962426807776;0.06416782733916265
2023-06-18 18:00:00;0.039885253437428395;0.038027205731652136;0.03957557881979901
2023-06-18 19:00:00;0.02091067398885198;0.02019359430348222;0.020791160707957022
2023-06-18 20:00:00;0.020541031443397084;0.020541031443397084;0.020541031443397084
2023-06-18 21:00:00;0.029261953442879532;0.029261953442879532;0.029261953442879532
2023-06-18 22:00:00;0.02839235227645975;0.02839235227645975;0.02839235227645975
2023-06-18 23:00:00;0.020173986392463525;0.020173986392463525;0.020173986392463525
2023-06-19 00:00:00;0.02017569080522728;0.02017569080522728;0.02017569080522728
2023-06-19 01:00:00;0.0245594638573095;0.0245594638573095;0.0245594638573095
2023-06-19 02:00:00;0.021925595768725076;0.021925595768725076;0.021925595768725076
2023-06-19 03:00:00;0.023720581010821;0.023720581010821;0.023720581010821
2023-06-19 04:00:00;0.02438043243555768;0.02339933651291779;0.024216916448451038
2023-06-19 05:00:00;0.0404386770429245;0.03473472690804877;0.03948801868711188
2023-06-19 06:00:00;0.08952485621833622;0.07267698238211642;0.08671687724563294
2023-06-19 07:00:00;0.13660718751165984;0.11095071706932742;0.13233110910460447
2023-06-19 08:00:00;0.2081324432772749;0.16843621886248075;0.20151640587480926
2023-06-19 09:00:00;0.2955890132166786;0.23956358204920927;0.28625144135543373
2023-06-19 10:00:00;0.3210402048487697;0.2601748765442741;0.31089598346468705
2023-06-19 11:00:00;0.38675350691235705;0.31119733329810484;0.37416081130998174
2023-06-19 12:00:00;0.37597423428658666;0.3048296267524492;0.3641167996975637
2023-06-19 13:00:00;0.481719858131833;0.38798419058694783;0.4660972468743521
2023-06-19 14:00:00;0.40512047095364023;0.32974125073161975;0.39255726758330345
2023-06-19 15:00:00;0.30722798599192513;0.25236284987096524;0.2980837966384318
2023-06-19 16:00:00;0.2314042244404534;0.1936458004308935;0.2251111537721934
2023-06-19 17:00:00;0.21238771412201943;0.16552328957407617;0.20457697669736224
2023-06-19 18:00:00;0.11271941319945497;0.09212671429471027;0.10928729671533087
2023-06-19 19:00:00;0.0144819893276098;0.011207692677173649;0.013936273219203777
2023-06-19 20:00:00;0.02637031680849463;0.02637031680849463;0.02637031680849463
2023-06-19 21:00:00;0.0237747038179046;0.0237747038179046;0.0237747038179046
2023-06-19 22:00:00;0.02157164576894582;0.02157164576894582;0.02157164576894582
2023-06-19 23:00:00;0.021248825322915454;0.021248825322915454;0.021248825322915454
2023-06-20 00:00:00;0.02043525929254039;0.02043525929254039;0.02043525929254039
2023-06-20 01:00:00;0.027503706650109067;0.027503706650109067;0.027503706650109067
2023-06-20 02:00:00;0.031097551736832346;0.031097551736832346;0.031097551736832346
2023-06-20 03:00:00;0.023790722022992886;0.023790722022992886;0.023790722022992886
2023-06-20 04:00:00;0.02366651930743154;0.02208263015366392;0.023402537781803602
2023-06-20 05:00:00;0.04375551174435871;0.03716861053147567;0.04265769487554487
2023-06-20 06:00:00;0.11558359252119217;0.0944789592053438;0.11206615363521746
2023-06-20 07:00:00;0.2168769547860787;0.17416061277174302;0.20975756445035607
2023-06-20 08:00:00;0.23011214097269847;0.1867384624236302;0.22288319454785382
2023-06-20 09:00:00;0.40742685119193833;0.33052134866726346;0.3946092674378259
2023-06-20 10:00:00;0.5940826221155878;0.4810090602923349;0.575237028478379
2023-06-20 11:00:00;0.720244235037089;0.5800848454727384;0.696884336776364
2023-06-20 12:00:00;0.7122002679315481;0.5731736016907008;0.6890291568914069
2023-06-20 13:00:00;0.7008332685140277;0.5662586320174453;0.678404162431264
2023-06-20 14:00:00;0.5695435294770367;0.4620912174737538;0.5516348108098229
2023-06-20 15:00:00;0.4446299374407941;0.3679360120743308;0.4318476165463836
2023-06-20 16:00:00;0.3920528724638206;0.3228491932430399;0.3805189259270238
2023-06-20 17:00:00;0.274268479245728;0.23302888512213205;0.267395213558462
2023-06-20 18:00:00;0.1561279239988558;0.1372537155463189;0.15298222259009964
2023-06-20 19:00:00;0.07502156723575722;0.07252090787126543;0.07460479067500858
2023-06-20 20:00:00;0.07179972106374184;0.07179972106374184;0.07179972106374184
2023-06-20 21:00:00;0.06393857919839789;0.06393857919839789;0.06393857919839789
2023-06-20 22:00:00;0.07368569525267638;0.07368569525267638;0.07368569525267638
2023-06-20 23:00:00;0.06048635456895209;0.06048635456895209;0.06048635456895209
2023-06-21 00:00:00;0.05656958733617697;0.05656958733617697;0.05656958733617697
2023-06-21 01:00:00;0.03737406280765415;0.03737406280765415;0.03737406280765415
2023-06-21 02:00:00;0.027229655067823013;0.027229655067823013;0.027229655067823013
2023-06-21 03:00:00;0.027765180997858557;0.027765180997858557;0.027765180997858557
2023-06-21 04:00:00;0.022905125844164338;0.017707871974772027;0.022038916865932286
2023-06-21 05:00:00;0.10498080333542423;0.08245201557251229;0.10122600537493892
2023-06-21 06:00:00;0.23675226207596775;0.1915705748947942;0.22922198087910553
2023-06-21 07:00:00;0.36092401047926415;0.29541627947450644;0.35000605531180456
2023-06-21 08:00:00;0.5008252791734842;0.40815555496838196;0.4853803251393005
2023-06-21 09:00:00;0.6331563551163137;0.5148199435938753;0.613433619862574
2023-06-21 10:00:00;0.673918757969906;0.5471581108398785;0.6527919834482347
2023-06-21 11:00:00;0.6876490078878295;0.5588965102022865;0.6661902582735723
2023-06-21 12:00:00;0.7750321704509944;0.6340035740636079;0.7515274043864301
2023-06-21 13:00:00;0.7640878073388601;0.6274867829032078;0.7413209699329181
2023-06-21 14:00:00;0.6889009465973425;0.5689588109013541;0.6689105906480111
2023-06-21 15:00:00;0.5767590749767872;0.4756175844183113;0.5599021598837078
2023-06-21 16:00:00;0.43970841193926075;0.3614970394488623;0.426673183190861
2023-06-21 17:00:00;0.2917821413104798;0.24240742202595492;0.28355302142972566
2023-06-21 18:00:00;0.19197716158040612;0.17098213874268822;0.18847799110745314
2023-06-21 19:00:00;0.04288595778298535;0.039458341184454224;0.04231468834989684
2023-06-21 20:00:00;0.05272228249594208;0.05272228249594208;0.05272228249594208
2023-06-21 21:00:00;0.040923806354666;0.040923806354666;0.040923806354666
2023-06-21 22:00:00;0.030943514441033056;0.030943514441033056;0.030943514441033056
2023-06-21 23:00:00;0.03086673433173259;0.03086673433173259;0.03086673433173259
2023-06-22 00:00:00;0.034562335157622616;0.034562335157622616;0.034562335157622616
2023-06-22 01:00:00;0.030280832194180207;0.030280832194180207;0.030280832194180207
2023-06-22 02:00:00;0.026492120646356924;0.026492120646356924;0.026492120646356924
2023-06-22 03:00:00;0.024296109676097386;0.024296109676097386;0.024296109676097386
2023-06-22 04:00:00;0.024103581862129027;0.01879300340094586;0.023218485451931836
2023-06-22 05:00:00;0.10101472485647613;0.07851154466441945;0.0972641948244667
2023-06-22 06:00:00;0.22494817057290342;0.1770383204283723;0.21696319554881494
2023-06-22 07:00:00;0.3756783313634926;0.2996391796713962;0.3630051394148099
2023-06-22 08:00:00;0.5233577157834745;0.4219986851240861;0.5064645440069098
2023-06-22 09:00:00;0.6448924098303546;0.5253133170086068;0.62496256102673
2023-06-22 10:00:00;0.7689388618912577;0.6260972097989941;0.7451319198758806
2023-06-22 11:00:00;0.8171573161790093;0.6733824219810237;0.7931948338126784
2023-06-22 12:00:00;0.8261603138448617;0.6842081658238136;0.8025016225080203
2023-06-22 13:00:00;0.7974579103594861;0.6586682241641412;0.7743262959935955
2023-06-22 14:00:00;0.7264791755878016;0.5998509660766669;0.7053744740026126
2023-06-22 15:00:00;0.6203578960200596;0.5188287870581715;0.603436377859745
2023-06-22 16:00:00;0.4868551690593532;0.4101442092587922;0.4740700090925931
2023-06-22 17:00:00;0.35341121781075635;0.30664304229588024;0.3456165218916104
2023-06-22 18:00:00;0.21282661482792584;0.19145747764056123;0.2092650919633651
2023-06-22 19:00:00;0.14291707902173684;0.14035971588941004;0.1424908518330157
2023-06-22 20:00:00;0.09331616388252362;0.09331616388252362;0.09331616388252362
2023-06-22 21:00:00;0.05979861394568904;0.05979861394568904;0.05979861394568904
2023-06-22 22:00:00;0.022301545647841786;0.022301545647841786;0.022301545647841786
2023-06-22 23:00:00;0.026187527564222556;0.026187527564222556;0.026187527564222556
2023-06-23 00:00:00;0.028862788500078822;0.028862788500078822;0.028862788500078822
2023-06-23 01:00:00;0.022222021177932063;0.022222021177932063;0.022222021177932063
2023-06-23 02:00:00;0.02037933271923748;0.02037933271923748;0.02037933271923748
2023-06-23 03:00:00;0.0201285652943637;0.0201285652943637;0.0201285652943637
2023-06-23 04:00:00;0.020696313756768493;0.014338503963756655;0.019636678791266526
2023-06-23 05:00:00;0.10596969590366709;0.08065937299570838;0.10175130875234063
2023-06-23 06:00:00;0.2561685536961376;0.2002242040293721;0.2468444954183434
2023-06-23 07:00:00;0.4124287215459816;0.32719171323196106;0.3982225534936448
2023-06-23 08:00:00;0.5519714773494058;0.44735837881988505;0.5345359609278191
2023-06-23 09:00:00;0.7027775951222521;0.5687016753629114;0.6804316084956955
2023-06-23 10:00:00;0.781377857775124;0.6390616998274005;0.7576584981171701
2023-06-23 11:00:00;0.8380891045319334;0.695471270734503;0.8143194655656951
2023-06-23 12:00:00;0.8685966903333532;0.715640222026859;0.8431039456156041
2023-06-23 13:00:00;0.8296634235794114;0.6955392316231171;0.8073093915866957
2023-06-23 14:00:00;0.7514870305004419;0.6291306615512007;0.731094302342235
2023-06-23 15:00:00;0.5992469818987557;0.5001845153147039;0.5827365708014138
2023-06-23 16:00:00;0.49869434293285825;0.4294874740464139;0.48715986478511764
2023-06-23 17:00:00;0.34836112673350794;0.30295135556715036;0.34079283153911505
2023-06-23 18:00:00;0.20116031182635263;0.19083680416701215;0.19943972721646253
2023-06-23 19:00:00;0.10421260431588857;0.10238979184576462;0.10390880223753457
2023-06-23 20:00:00;0.08822613246881574;0.08822613246881574;0.08822613246881574
2023-06-23 21:00:00;0.07332139422691772;0.07332139422691772;0.07332139422691772
2023-06-23 22:00:00;0.10347617100386605;0.10347617100386605;0.10347617100386605
2023-06-23 23:00:00;0.07261915806927378;0.07261915806927378;0.07261915806927378
2023-06-24 00:00:00;0.034560638762286135;0.034560638762286135;0.034560638762286135
2023-06-24 01:00:00;0.04201211510156217;0.04201211510156217;0.04201211510156217
2023-06-24 02:00:00;0.022065112064877986;0.022065112064877986;0.022065112064877986
2023-06-24 03:00:00;0.02413301019291277;0.02413301019291277;0.02413301019291277
2023-06-24 04:00:00;0.02747167071285266;0.023855927569034478;0.02686904685554963
2023-06-24 05:00:00;0.12423217723291019;0.09476823033617623;0.1193215194167879
2023-06-24 06:00:00;0.25599551154331496;0.2011663414706794;0.24685731653120907
2023-06-24 07:00:00;0.368625155833025;0.2970917403450672;0.3567029199183654
2023-06-24 08:00:00;0.3707153935733831;0.3023423952185483;0.35931989384757734
2023-06-24 09:00:00;0.39682467284315076;0.3330842497827871;0.3862012689997569
2023-06-24 10:00:00;0.3617621587081174;0.30889051322528804;0.3529502177943125
2023-06-24 11:00:00;0.37820665701426487;0.31790467882442264;0.3681563273159578
2023-06-24 12:00:00;0.3577026837748148;0.2987716835636605;0.3478808504062891
2023-06-24 13:00:00;0.35291158019772884;0.2941395321958716;0.343116238864086
2023-06-24 14:00:00;0.31032023584706897;0.260502658378134;0.3020173062689132
2023-06-24 15:00:00;0.17263481722101928;0.15077864860298174;0.16899212245134637
2023-06-24 16:00:00;0.17776101750050335;0.14974222833340836;0.17309121930598753
2023-06-24 17:00:00;0.16442335986128498;0.13566915300625762;0.15963099205211376
2023-06-24 18:00:00;0.0821854625986988;0.07037414160964929;0.08021690910052387
2023-06-24 19:00:00;0.05556573072649107;0.053322231342242586;0.05519181416244966
2023-06-24 20:00:00;0.03426288506466911;0.03426288506466911;0.03426288506466911
2023-06-24 21:00:00;0.026175533081567445;0.026175533081567445;0.026175533081567445
2023-06-24 22:00:00;0.025289481055323432;0.025289481055323432;0.025289481055323432
2023-06-24 23:00:00;0.021448966840911833;0.021448966840911833;0.021448966840911833
2023-06-25 00:00:00;0.02693644897708711;0.02693644897708711;0.02693644897708711
2023-06-25 01:00:00;0.02565852572889342;0.02565852572889342;0.02565852572889342
2023-06-25 02:00:00;0.049444996481732936;0.049444996481732936;0.049444996481732936
2023-06-25 03:00:00;0.040039502729787034;0.040039502729787034;0.040039502729787034
2023-06-25 04:00:00;0.03207610238089869;0.02865058766400071;0.031505183261415694
2023-06-25 05:00:00;0.09539222139638692;0.0830940147611673;0.093342520290517
2023-06-25 06:00:00;0.15445442032627082;0.1309601178728812;0.1505387032507059
2023-06-25 07:00:00;0.24037177006578017;0.2039492007832619;0.23430134185202714
2023-06-25 08:00:00;0.2960226056016747;0.2542981769965327;0.28906853416748435
2023-06-25 09:00:00;0.265653562737722;0.23439454812878202;0.2604437269695653
2023-06-25 10:00:00;0.3039876844129288;0.2580794313685484;0.29633630890553203
2023-06-25 11:00:00;0.48821180271989406;0.41092553742982524;0.4753307585048826
2023-06-25 12:00:00;0.48278243615470395;0.41098526042011496;0.47081624019893914
2023-06-25 13:00:00;0.5338104608287436;0.45029269965531327;0.5198908339665053
2023-06-25 14:00:00;0.462635238008163;0.3976374098171978;0.4518022666430021
2023-06-25 15:00:00;0.4112989016160916;0.3513459445837346;0.4013067421106989
2023-06-25 16:00:00;0.2751126537892309;0.23637136879726384;0.2686557729572364
2023-06-25 17:00:00;0.15410568759759732;0.1325327605014379;0.15051019974823743
2023-06-25 18:00:00;0.07528268393529743;0.06434767879335543;0.0734601830783071
2023-06-25 19:00:00;0.044041096435746295;0.042650143982602674;0.043809271026889016
2023-06-25 20:00:00;0.03467309585798118;0.03467309585798118;0.03467309585798118
2023-06-25 21:00:00;0.03024426742169269;0.03024426742169269;0.03024426742169269
2023-06-25 22:00:00;0.026191156291539227;0.026191156291539227;0.026191156291539227
2023-06-25 23:00:00;0.037993241556964374;0.037993241556964374;0.037993241556964374
2023-06-26 00:00:00;0.06570437163731453;0.06570437163731453;0.06570437163731453
2023-06-26 01:00:00;0.05441257014032254;0.05441257014032254;0.05441257014032254
2023-06-26 02:00:00;0.05737532656512128;0.05737532656512128;0.05737532656512128
2023-06-26 03:00:00;0.057229953020160804;0.057229953020160804;0.057229953020160804
2023-06-26 04:00:00;0.07278550140531297;0.07123293699041006;0.07252674066949583
2023-06-26 05:00:00;0.07653656651535755;0.07363930409221081;0.0760536894448331
2023-06-26 06:00:00;0.07704493107264171;0.07340160576318767;0.07643771018773268
2023-06-26 07:00:00;0.05828392597331787;0.050890872567800415;0.05705175040573164
2023-06-26 08:00:00;0.14874134184217966;0.12229418962257675;0.1443334831389125
2023-06-26 09:00:00;0.210188009066995;0.17328383069454475;0.20403731267158665
2023-06-26 10:00:00;0.26485565787039894;0.21646906765286578;0.25679122616747674
2023-06-26 11:00:00;0.3755560125476113;0.30974165325830044;0.36458695266605956
2023-06-26 12:00:00;0.21596485412639563;0.19038444347206082;0.21170145235067314
2023-06-26 13:00:00;0.18372579461161617;0.15834543125398695;0.1794957340520113
2023-06-26 14:00:00;0.15280111948198952;0.13385316729295904;0.14964312745048444
2023-06-26 15:00:00;0.07840840195651905;0.07022631353042888;0.0770447205521707
2023-06-26 16:00:00;0.07197711843755318;0.06571860035566957;0.07093403209057259
2023-06-26 17:00:00;0.06379196125218733;0.061187588734654574;0.06335789916593189
2023-06-26 18:00:00;0.05485761640405658;0.053370679744231354;0.05460979362741904
2023-06-26 19:00:00;0.05225686124503995;0.0519602394766346;0.05220742428363906
2023-06-26 20:00:00;0.039065634652420106;0.039065634652420106;0.039065634652420106
2023-06-26 21:00:00;0.042215980639810885;0.042215980639810885;0.042215980639810885
2023-06-26 22:00:00;0.04082283687806341;0.04082283687806341;0.04082283687806341
2023-06-26 23:00:00;0.040821727920441954;0.040821727920441954;0.040821727920441954
2023-06-27 00:00:00;0.029177107495185026;0.029177107495185026;0.029177107495185026
2023-06-27 01:00:00;0.028680112713027242;0.028680112713027242;0.028680112713027242
2023-06-27 02:00:00;0.027648748833426176;0.027648748833426176;0.027648748833426176
2023-06-27 03:00:00;0.027649346574765442;0.027649346574765442;0.027649346574765442
2023-06-27 04:00:00;0.02838622783441589;0.027351833807972712;0.02821382883000869
2023-06-27 05:00:00;0.0703209715664333;0.05789770162540506;0.06825042657626193
2023-06-27 06:00:00;0.1778573457074848;0.14245129004029103;0.1719563364296192
2023-06-27 07:00:00;0.1192175861404338;0.10211134241437457;0.11636654551942395
2023-06-27 08:00:00;0.08315280864169312;0.07538550414972008;0.08185825789303096
2023-06-27 09:00:00;0.34336724139686225;0.2785356136440441;0.3325619701047259
2023-06-27 10:00:00;0.5272557026936522;0.4233884872649923;0.509944500122209
2023-06-27 11:00:00;0.38140892010662886;0.31361882165433635;0.37011057036458006
2023-06-27 12:00:00;0.26813273636062074;0.2251130153719809;0.2609627828625142
2023-06-27 13:00:00;0.23250708028336622;0.18962375545643256;0.22535985947887727
2023-06-27 14:00:00;0.4088638474943616;0.32743254940618954;0.3952919644796663
2023-06-27 15:00:00;0.27233026522234893;0.21948650614062626;0.2635229720420618
2023-06-27 16:00:00;0.15360618133410728;0.12732475892604408;0.14922594426609675
2023-06-27 17:00:00;0.0818548544376238;0.06938108061020437;0.0797758921330539
2023-06-27 18:00:00;0.04268615096362145;0.03834745580656475;0.04196303510411199
2023-06-27 19:00:00;0.02233989685167661;0.021902813543319615;0.02226704963361711
2023-06-27 20:00:00;0.02835212551096095;0.02835212551096095;0.02835212551096095
2023-06-27 21:00:00;0.019775345607870507;0.019775345607870507;0.019775345607870507
2023-06-27 22:00:00;0.019648659013385944;0.019648659013385944;0.019648659013385944
2023-06-27 23:00:00;0.01976524079403767;0.01976524079403767;0.01976524079403767
2023-06-28 00:00:00;0.01920096227150822;0.01920096227150822;0.01920096227150822
2023-06-28 01:00:00;0.019521698663011948;0.019521698663011948;0.019521698663011948
2023-06-28 02:00:00;0.019688091856156317;0.019688091856156317;0.019688091856156317
2023-06-28 03:00:00;0.020734659125436542;0.020734659125436542;0.020734659125436542
2023-06-28 04:00:00;0.022493344640072514;0.018490459991613972;0.021826197198662762
2023-06-28 05:00:00;0.055318382522176086;0.04565416063976015;0.05370767887510677
2023-06-28 06:00:00;0.111146419274869;0.0905808811029683;0.10771882957955223
2023-06-28 07:00:00;0.18489950254889206;0.15018764356998235;0.17911419271907378
2023-06-28 08:00:00;0.22066894064684522;0.17978959499767527;0.21385571637198358
2023-06-28 09:00:00;0.389676354659278;0.3161133706471985;0.37741585732393146
2023-06-28 10:00:00;0.4134589320469718;0.3360848342728159;0.40056324908461255
2023-06-28 11:00:00;0.39136951435452133;0.32079596004310923;0.3796072553026193
2023-06-28 12:00:00;0.40987008607002173;0.34288898458978045;0.39870656915664815
2023-06-28 13:00:00;0.30373423539033767;0.2573092905223281;0.29599674457900277
2023-06-28 14:00:00;0.14927770008600635;0.12800729737511204;0.14573263296752398
2023-06-28 15:00:00;0.13875446853375534;0.11689656203538853;0.13511148411736087
2023-06-28 16:00:00;0.17191938884826247;0.14011675189008369;0.1666189493552327
2023-06-28 17:00:00;0.13660037889060264;0.11355023076459;0.1327586875362672
2023-06-28 18:00:00;0.11146901206715422;0.09580390542921467;0.10885816096083097
2023-06-28 19:00:00;0.041364181715977916;0.040135149480696956;0.04115934301009776
2023-06-28 20:00:00;0.04391527696851605;0.04391527696851605;0.04391527696851605
2023-06-28 21:00:00;0.043870736901812625;0.043870736901812625;0.043870736901812625
2023-06-28 22:00:00;0.0326018780676143;0.0326018780676143;0.0326018780676143
2023-06-28 23:00:00;0.028378608164147293;0.028378608164147293;0.028378608164147293
2023-06-29 00:00:00;0.026242602830131592;0.026242602830131592;0.026242602830131592
2023-06-29 01:00:00;0.022053466860138024;0.022053466860138024;0.022053466860138024
2023-06-29 02:00:00;0.018755722467734597;0.018755722467734597;0.018755722467734597
2023-06-29 03:00:00;0.01890624880605089;0.01890624880605089;0.01890624880605089
2023-06-29 04:00:00;0.020452135971505976;0.020059886705985294;0.020386761093919195
2023-06-29 05:00:00;0.027510762049350573;0.025089881488186947;0.0271072819558233
2023-06-29 06:00:00;0.05420425028905149;0.045985135053815816;0.05283439774984555
2023-06-29 07:00:00;0.06560216130221933;0.05549304073715032;0.06391730787470781
2023-06-29 08:00:00;0.10243543141622272;0.0848817151728156;0.09950981204232155
2023-06-29 09:00:00;0.15638533078030575;0.12776842480007924;0.15161584645026807
2023-06-29 10:00:00;0.13508544161746514;0.11153798105427244;0.13116086485693304
2023-06-29 11:00:00;0.10991521651267483;0.09131965020767367;0.10681595546184129
2023-06-29 12:00:00;0.09864937670615351;0.08294630834392125;0.09603219864578146
2023-06-29 13:00:00;0.1509162691698684;0.12465506721163032;0.14653940217682873
2023-06-29 14:00:00;0.20439907472195654;0.1672751916776571;0.19821176088124
2023-06-29 15:00:00;0.3001442433376986;0.24423803770678965;0.29082654239921385
2023-06-29 16:00:00;0.22019804340823704;0.18102929091745468;0.21366991799310664
2023-06-29 17:00:00;0.10263556632342512;0.08751708544545532;0.10011581951043017
2023-06-29 18:00:00;0.09786886800436351;0.07660335225749122;0.0943246153798848
2023-06-29 19:00:00;0.018678832198914443;0.015091420446063653;0.01808093024010598
2023-06-29 20:00:00;0.023269013499272923;0.023269013499272923;0.023269013499272923
2023-06-29 21:00:00;0.01991609828775205;0.01991609828775205;0.01991609828775205
2023-06-29 22:00:00;0.019673487895874336;0.019673487895874336;0.019673487895874336
2023-06-29 23:00:00;0.019353257933801413;0.019353257933801413;0.019353257933801413
2023-06-30 00:00:00;0.019849598424594557;0.019849598424594557;0.019849598424594557
2023-06-30 01:00:00;0.01945310039414079;0.01945310039414079;0.01945310039414079
2023-06-30 02:00:00;0.019438144059683044;0.019438144059683044;0.019438144059683044
2023-06-30 03:00:00;0.0190722016234277;0.0190722016234277;0.0190722016234277
2023-06-30 04:00:00;0.01947282400343058;0.016999958666745155;0.019060679780649674
2023-06-30 05:00:00;0.05579405021221991;0.04533893628844295;0.05405153122492376
2023-06-30 06:00:00;0.10965186537726782;0.08798402251011661;0.10604055823274262
2023-06-30 07:00:00;0.23201567253387625;0.18492875343077445;0.22416785268335931
2023-06-30 08:00:00;0.33321888680406503;0.26733960775864524;0.3222390069631617
2023-06-30 09:00:00;0.42800042292309903;0.3454270479737681;0.41423819376487725
2023-06-30 10:00:00;0.534022196778074;0.4331696445137186;0.5172134380673483
2023-06-30 11:00:00;0.7148967733894099;0.5784411840366652;0.6921541751639524
2023-06-30 12:00:00;0.7712861899580498;0.6222476755927957;0.7464464375638408
2023-06-30 13:00:00;0.7047649127412176;0.5784277596314954;0.683708720556264
2023-06-30 14:00:00;0.6434296045099931;0.5305620971209738;0.6246183532784899
2023-06-30 15:00:00;0.5277013071580173;0.44365197170519394;0.5136930845825468
2023-06-30 16:00:00;0.2755635024957652;0.23515942132260673;0.26882948896690545
2023-06-30 17:00:00;0.12890120972013308;0.11116888766341547;0.12594582271068017
2023-06-30 18:00:00;0.09882510734882917;0.09195441052879474;0.09767999121215677
2023-06-30 19:00:00;0.05838081450608419;0.05743443645593278;0.058223084831058966
2023-06-30 20:00:00;0.03184544482358345;0.03184544482358345;0.03184544482358345
2023-06-30 21:00:00;0.027467582584083244;0.027467582584083244;0.027467582584083244
2023-06-30 22:00:00;0.02421013327452677;0.02421013327452677;0.02421013327452677
2023-06-30 23:00:00;0.01980239677976855;0.01980239677976855;0.01980239677976855
2023-07-01 00:00:00;0.02395594601968499;0.02395594601968499;0.02395594601968499
2023-07-01 01:00:00;0.019531663927245202;0.019531663927245202;0.019531663927245202
2023-07-01 02:00:00;0.02225943509478475;0.02225943509478475;0.02225943509478475
2023-07-01 03:00:00;0.02063638109982032;0.02063638109982032;0.02063638109982032
2023-07-01 04:00:00;0.021842723835564577;0.018509901525612344;0.021287253450572544
2023-07-01 05:00:00;0.09383063923283938;0.07285985081544731;0.09033550782994074
2023-07-01 06:00:00;0.1420037804964716;0.11373866238693757;0.13729292747821595
2023-07-01 07:00:00;0.2202046236678005;0.17797606310126302;0.21316653024004426
2023-07-01 08:00:00;0.31712857760693774;0.26244841270045555;0.30801521678919075
2023-07-01 09:00:00;0.12334466096204522;0.10622833930599623;0.12049194068603707
2023-07-01 10:00:00;0.25554043446496294;0.2077248404924475;0.24757116880287705
2023-07-01 11:00:00;0.22857558622717675;0.1871241533394814;0.2216670140792275
2023-07-01 12:00:00;0.19822675043727964;0.163241514783408;0.19239587782830103
2023-07-01 13:00:00;0.061854548986960654;0.057535748128639895;0.06113474884390718
2023-07-01 14:00:00;0.06176537054340858;0.057752217837184025;0.06109651175903783
2023-07-01 15:00:00;0.08313096806492438;0.070672422953141;0.08105454387962717
2023-07-01 16:00:00;0.0654215673340062;0.056556869978660586;0.06394411777478194
2023-07-01 17:00:00;0.03804282129114025;0.034191193630816206;0.037400883347752906
2023-07-01 18:00:00;0.02748331718161345;0.026073100203355185;0.027248281018570412
2023-07-01 19:00:00;0.022952964918121804;0.022952964918121804;0.022952964918121804
2023-07-01 20:00:00;0.028924909018073746;0.028924909018073746;0.028924909018073746
2023-07-01 21:00:00;0.01998906000593682;0.01998906000593682;0.01998906000593682
2023-07-01 22:00:00;0.020497324692576365;0.020497324692576365;0.020497324692576365
2023-07-01 23:00:00;0.023298449255688664;0.023298449255688664;0.023298449255688664
2023-07-02 00:00:00;0.01959896284156651;0.01959896284156651;0.01959896284156651
2023-07-02 01:00:00;0.019499587655886334;0.019499587655886334;0.019499587655886334
2023-07-02 02:00:00;0.0199639004108484;0.0199639004108484;0.0199639004108484
2023-07-02 03:00:00;0.018919032485726343;0.018919032485726343;0.018919032485726343
2023-07-02 04:00:00;0.020096546157927934;0.019641116613472117;0.020020641233851968
2023-07-02 05:00:00;0.02628193597325231;0.024360569930105654;0.025961708299394537
2023-07-02 06:00:00;0.05688247138270413;0.048030970602492465;0.05540722125266885
2023-07-02 07:00:00;0.06727880679627557;0.05739406541930353;0.06563134990011357
2023-07-02 08:00:00;0.13744667785577336;0.11298658081998672;0.1333699950164756
2023-07-02 09:00:00;0.30182966053804294;0.2435081877672857;0.29210941507625005
2023-07-02 10:00:00;0.3989212908941412;0.32191665463311714;0.38608718485063726
2023-07-02 11:00:00;0.4283164567918516;0.3483036996851455;0.4149809972740673
2023-07-02 12:00:00;0.6494530152412387;0.5259625232637123;0.6288712665783177
2023-07-02 13:00:00;0.5625532043231998;0.459292284113992;0.5453430509549986
2023-07-02 14:00:00;0.6203477598158746;0.5098944292055615;0.6019388713808225
2023-07-02 15:00:00;0.5003907914912203;0.41349529137614244;0.4859082081387074
2023-07-02 16:00:00;0.35512289154648224;0.29673863956903396;0.34539218288357415
2023-07-02 17:00:00;0.21708290212916037;0.18490641598591157;0.2117201544386189
2023-07-02 18:00:00;0.10516041220996664;0.0912197289197919;0.10283696499493752
2023-07-02 19:00:00;0.05379592579936998;0.05249677189526709;0.05357940014868617
2023-07-02 20:00:00;0.030798793855179984;0.030798793855179984;0.030798793855179984
2023-07-02 21:00:00;0.02794393712939281;0.02794393712939281;0.02794393712939281
2023-07-02 22:00:00;0.02900941472474271;0.02900941472474271;0.02900941472474271
2023-07-02 23:00:00;0.02013876286017333;0.02013876286017333;0.02013876286017333
2023-07-03 00:00:00;0.024566906112884538;0.024566906112884538;0.024566906112884538
2023-07-03 01:00:00;0.01978974268005644;0.01978974268005644;0.01978974268005644
2023-07-03 02:00:00;0.0196485208933677;0.0196485208933677;0.0196485208933677
2023-07-03 03:00:00;0.020988585391451736;0.020988585391451736;0.020988585391451736
2023-07-03 04:00:00;0.020057930024400303;0.017318666931815444;0.01960138617563616
2023-07-03 05:00:00;0.05936909479726389;0.04807420679068913;0.05748661346283477
2023-07-03 06:00:00;0.113875102072163;0.0918790617311779;0.11020909534866549
2023-07-03 07:00:00;0.2820123895357673;0.22533596683417692;0.2725663190855022
2023-07-03 08:00:00;0.2758225187395772;0.2234574631500625;0.2670950094746581
2023-07-03 09:00:00;0.34252324654643895;0.2770981292779254;0.33161906033502003
2023-07-03 10:00:00;0.43417062733987627;0.351988362651639;0.42047358322517014
2023-07-03 11:00:00;0.5593113294037391;0.4555769881655551;0.5420222725307084
2023-07-03 12:00:00;0.6850418737951864;0.5524074728288535;0.6629361403007976
2023-07-03 13:00:00;0.785389662776133;0.6379095442432062;0.7608096430206452
2023-07-03 14:00:00;0.6491568211770198;0.5252937145886275;0.6285129700789545
2023-07-03 15:00:00;0.4751462266932717;0.39338682863164237;0.4615196603496669
2023-07-03 16:00:00;0.3081002232740829;0.2609731795404112;0.3002457159851376
2023-07-03 17:00:00;0.2652744337206311;0.2241400401996706;0.2584187014671377
2023-07-03 18:00:00;0.12616608363206383;0.11765176245989342;0.12474703010336875
2023-07-03 19:00:00;0.05753182230949887;0.056136016172664296;0.057299187953359774
2023-07-03 20:00:00;0.03482596233838581;0.03482596233838581;0.03482596233838581
2023-07-03 21:00:00;0.038226294757835975;0.038226294757835975;0.038226294757835975
2023-07-03 22:00:00;0.02615955718621913;0.02615955718621913;0.02615955718621913
2023-07-03 23:00:00;0.020503922303636988;0.020503922303636988;0.020503922303636988
2023-07-04 00:00:00;0.02766833957494573;0.02766833957494573;0.02766833957494573
2023-07-04 01:00:00;0.03139363523956463;0.03139363523956463;0.03139363523956463
2023-07-04 02:00:00;0.031308343177147986;0.031308343177147986;0.031308343177147986
2023-07-04 03:00:00;0.0248733856641477;0.0248733856641477;0.0248733856641477
2023-07-04 04:00:00;0.023212861060942225;0.019646048405749853;0.02261839228507683
2023-07-04 05:00:00;0.09377590265644639;0.07346029960316885;0.09038996881423346
2023-07-04 06:00:00;0.17883544269039506;0.14393384793164393;0.1730185102306032
2023-07-04 07:00:00;0.2605538220866674;0.21116941016166058;0.2523230867658329
2023-07-04 08:00:00;0.3686693189952258;0.2952997077909586;0.3564410504611813
2023-07-04 09:00:00;0.661077245743336;0.5324143684041156;0.639633432853466
2023-07-04 10:00:00;0.6818901242865145;0.5495840878112843;0.6598391182073096
2023-07-04 11:00:00;0.7944480293821372;0.643726339188226;0.769327747683152
2023-07-04 12:00:00;0.7761510752775784;0.6300798404176613;0.7518058694675923
2023-07-04 13:00:00;0.4369509477154049;0.3636407467969438;0.4247325808956614
2023-07-04 14:00:00;0.3000038424211714;0.2560761309516447;0.29268255717625025
2023-07-04 15:00:00;0.34646039635137965;0.29184832377474995;0.3373583842552747
2023-07-04 16:00:00;0.40939424627423004;0.3444230483382893;0.39856571328490664
2023-07-04 17:00:00;0.11579673632838672;0.10343952336446045;0.113737200834399
2023-07-04 18:00:00;0.08690495160568501;0.07102066582180235;0.08425757064170458
2023-07-04 19:00:00;0.01595292177209166;0.012281438509110001;0.015341007894928052
2023-07-04 20:00:00;0.03534321434760689;0.03534321434760689;0.03534321434760689
2023-07-04 21:00:00;0.02929634342011518;0.02929634342011518;0.02929634342011518
2023-07-04 22:00:00;0.02721781104330984;0.02721781104330984;0.02721781104330984
2023-07-04 23:00:00;0.0202970552608634;0.0202970552608634;0.0202970552608634
2023-07-05 00:00:00;0.020397527793804028;0.020397527793804028;0.020397527793804028
2023-07-05 01:00:00;0.019424059757762412;0.019424059757762412;0.019424059757762412
2023-07-05 02:00:00;0.019966413300579123;0.019966413300579123;0.019966413300579123
2023-07-05 03:00:00;0.020947209917181506;0.020947209917181506;0.020947209917181506
2023-07-05 04:00:00;0.019236767201653498;0.017388126788311125;0.018928660466096432
2023-07-05 05:00:00;0.05029836475027221;0.04177834288936919;0.04887836110678838
2023-07-05 06:00:00;0.105746540339016;0.08677452363221443;0.10258453755454909
2023-07-05 07:00:00;0.19860354291920018;0.1609907122917204;0.19233473781462024
2023-07-05 08:00:00;0.41433851033912056;0.3342020246492819;0.40098242939081413
2023-07-05 09:00:00;0.6747099584514169;0.5437493020827979;0.6528831823899806
2023-07-05 10:00:00;0.7872890848701635;0.6350520291240359;0.7619162422458089
2023-07-05 11:00:00;0.8407707352439716;0.6789926386621821;0.8138077191470069
2023-07-05 12:00:00;0.823283807249817;0.6736466323036385;0.7983442780921207
2023-07-05 13:00:00;0.800372709317762;0.6572330545045159;0.7765161001822212
2023-07-05 14:00:00;0.7150806890052426;0.5953883248605775;0.6951319616477986
2023-07-05 15:00:00;0.6136284149553007;0.5114274702573932;0.5965949241723162
2023-07-05 16:00:00;0.4880203220001415;0.41715647279990886;0.4762096804667694
2023-07-05 17:00:00;0.3402382912052305;0.3020935449135865;0.33388083348995645
2023-07-05 18:00:00;0.17579743959526364;0.16228113868796676;0.1735447227773808
2023-07-05 19:00:00;0.0776122198965022;0.07527461931704278;0.07722261979992563
2023-07-05 20:00:00;0.04471993283771333;0.04471993283771333;0.04471993283771333
2023-07-05 21:00:00;0.024641575033708354;0.024641575033708354;0.024641575033708354
2023-07-05 22:00:00;0.023870062074735375;0.023870062074735375;0.023870062074735375
2023-07-05 23:00:00;0.018663507016571892;0.018663507016571892;0.018663507016571892
2023-07-06 00:00:00;0.018024449401530928;0.018024449401530928;0.018024449401530928
2023-07-06 01:00:00;0.01818604720233816;0.01818604720233816;0.01818604720233816
2023-07-06 02:00:00;0.01826479803818025;0.01826479803818025;0.01826479803818025
2023-07-06 03:00:00;0.020082569278588463;0.020082569278588463;0.020082569278588463
2023-07-06 04:00:00;0.019582794356119964;0.016165562973252633;0.019013255792308746
2023-07-06 05:00:00;0.09646617824047556;0.07477506394244562;0.09285099252413724
2023-07-06 06:00:00;0.19994109109407276;0.15844728996375815;0.19302545757235365
2023-07-06 07:00:00;0.3671164216057737;0.29180169856097565;0.35456396776497406
2023-07-06 08:00:00;0.5317198831610824;0.42485571771580266;0.5139091889202024
2023-07-06 09:00:00;0.655155692012472;0.529024461922202;0.6341338203307604
2023-07-06 10:00:00;0.7605558272465874;0.6188172859592111;0.7369327370320248
2023-07-06 11:00:00;0.8115020859715869;0.6704385484575833;0.7879914963859197
2023-07-06 12:00:00;0.8154627372183303;0.6783570753547694;0.7926117935744036
2023-07-06 13:00:00;0.7905623708278513;0.6616535678167298;0.7690775703259978
2023-07-06 14:00:00;0.7218165409641369;0.6095917829831797;0.7031124146339773
2023-07-06 15:00:00;0.6327231841769024;0.5383481904998881;0.6169940185640668
2023-07-06 16:00:00;0.5074632133329133;0.44201198109683276;0.4965546746269
2023-07-06 17:00:00;0.3701801109015377;0.3223341308203057;0.36220578088799904
2023-07-06 18:00:00;0.19807640089964734;0.18632219238252118;0.19611736614679295
2023-07-06 19:00:00;0.06784319453950165;0.06595034264081606;0.06752771922305405
2023-07-06 20:00:00;0.060419136258248754;0.060419136258248754;0.060419136258248754
2023-07-06 21:00:00;0.02094725477293654;0.02094725477293654;0.02094725477293654
2023-07-06 22:00:00;0.028772605000800568;0.028772605000800568;0.028772605000800568
2023-07-06 23:00:00;0.02408992617616537;0.02408992617616537;0.02408992617616537
2023-07-07 00:00:00;0.022960105276815565;0.022960105276815565;0.022960105276815565
2023-07-07 01:00:00;0.028346755219905987;0.028346755219905987;0.028346755219905987
2023-07-07 02:00:00;0.030474737951448498;0.030474737951448498;0.030474737951448498
2023-07-07 03:00:00;0.020583815984752132;0.020583815984752132;0.020583815984752132
2023-07-07 04:00:00;0.020230042994304146;0.018276670957112294;0.019904480988105506
2023-07-07 05:00:00;0.06387643947395209;0.05160943732379266;0.0618319391155922
2023-07-07 06:00:00;0.1442726614803226;0.11586419279110631;0.13953791669878657
2023-07-07 07:00:00;0.2628758338858853;0.21490326050778225;0.2548804049895348
2023-07-07 08:00:00;0.17220729736860446;0.1476999073574342;0.16812273236674277
2023-07-07 09:00:00;0.20749127164732323;0.17115911553547838;0.2014359122953491
2023-07-07 10:00:00;0.22583972536568023;0.1851497497392709;0.21905806276127868
2023-07-07 11:00:00;0.4030952566792853;0.3304785817847166;0.3909924775301906
2023-07-07 12:00:00;0.5672950969698464;0.46208845843316515;0.5497606572137328
2023-07-07 13:00:00;0.549067307470741;0.4500442315956601;0.5325634614915608
2023-07-07 14:00:00;0.5396059532127201;0.4435448005831561;0.5235957611077928
2023-07-07 15:00:00;0.41765223766784493;0.3410934680671283;0.4048924427343922
2023-07-07 16:00:00;0.23054804238757182;0.20203770289222503;0.22579631913834736
2023-07-07 17:00:00;0.18183977551665545;0.16019740733962345;0.1782327141538168
2023-07-07 18:00:00;0.12196517948895705;0.11558531349387594;0.12090186848977688
2023-07-07 19:00:00;0.07129797882144098;0.06999677323077573;0.07108111122299678
2023-07-07 20:00:00;0.05022183722087581;0.05022183722087581;0.05022183722087581
2023-07-07 21:00:00;0.043269794949118576;0.043269794949118576;0.043269794949118576
2023-07-07 22:00:00;0.029172331701136044;0.029172331701136044;0.029172331701136044
2023-07-07 23:00:00;0.051478785522230945;0.051478785522230945;0.051478785522230945
2023-07-08 00:00:00;0.03488373487415364;0.03488373487415364;0.03488373487415364
2023-07-08 01:00:00;0.022955665611764545;0.022955665611764545;0.022955665611764545
2023-07-08 02:00:00;0.019715163760996263;0.019715163760996263;0.019715163760996263
2023-07-08 03:00:00;0.02722020637879598;0.02722020637879598;0.02722020637879598
2023-07-08 04:00:00;0.02836537159260024;0.027039602703880533;0.02814441011114695
2023-07-08 05:00:00;0.050391767598780314;0.04405445643233543;0.04933554907103951
2023-07-08 06:00:00;0.10430408867015017;0.08786812780220364;0.10156476185882576
2023-07-08 07:00:00;0.16223474383965839;0.13544626942778787;0.15776999810434664
2023-07-08 08:00:00;0.2451745250777369;0.20140447787659752;0.23787951721088035
2023-07-08 09:00:00;0.2737286935839407;0.22372598993176854;0.26539490964191204
2023-07-08 10:00:00;0.2690608004172075;0.22070113488039217;0.2610008561610716
2023-07-08 11:00:00;0.4123139797209453;0.33594401199317675;0.3995856517663172
2023-07-08 12:00:00;0.761918340783629;0.6151599495239828;0.7374586089070214
2023-07-08 13:00:00;0.771230538108559;0.6231365555793581;0.7465482076870257
2023-07-08 14:00:00;0.6425601480357463;0.5210853751204547;0.6223143525498646
2023-07-08 15:00:00;0.5589519758999019;0.4537128444811026;0.5414121206634354
2023-07-08 16:00:00;0.400643957422702;0.3309098016364137;0.3890215981249872
2023-07-08 17:00:00;0.29473784280687293;0.25107633524733164;0.2874609248802827
2023-07-08 18:00:00;0.11376131331453136;0.09333738420862651;0.11035732513021389
2023-07-08 19:00:00;0.0365823359329634;0.03409587927849318;0.0361679264905517
2023-07-08 20:00:00;0.03279355246617328;0.03279355246617328;0.03279355246617328
2023-07-08 21:00:00;0.01971835875125309;0.01971835875125309;0.01971835875125309
2023-07-08 22:00:00;0.022046824514988527;0.022046824514988527;0.022046824514988527
2023-07-08 23:00:00;0.02505115347423321;0.02505115347423321;0.02505115347423321
2023-07-09 00:00:00;0.04169850271466893;0.04169850271466893;0.04169850271466893
2023-07-09 01:00:00;0.02537648285692014;0.02537648285692014;0.02537648285692014
2023-07-09 02:00:00;0.019665206374496633;0.019665206374496633;0.019665206374496633
2023-07-09 03:00:00;0.018883892295587727;0.018883892295587727;0.018883892295587727
2023-07-09 04:00:00;0.01775813614863644;0.014392804814605368;0.017197247592964596
2023-07-09 05:00:00;0.07317297275808188;0.059401163133046275;0.07087767115390929
2023-07-09 06:00:00;0.17922836154324226;0.14515174023578425;0.17354892465866592
2023-07-09 07:00:00;0.36206029295235703;0.2951548606183141;0.3509093875633499
2023-07-09 08:00:00;0.4124470168447063;0.3393083388568547;0.40025723718006434
2023-07-09 09:00:00;0.42059110950527423;0.34592008402289165;0.4081459385915438
2023-07-09 10:00:00;0.5330820821185972;0.43915499263020463;0.5174275672038651
2023-07-09 11:00:00;0.4974551809360154;0.41262402938373677;0.4833166556773023
2023-07-09 12:00:00;0.4449383877005477;0.3699394789596449;0.43243856957706395
2023-07-09 13:00:00;0.3915668127049604;0.3284113675244347;0.3810409051748728
2023-07-09 14:00:00;0.45159588389366273;0.3830732069538981;0.4401754377370354
2023-07-09 15:00:00;0.39594559627103176;0.3369106343468122;0.3861064359503285
2023-07-09 16:00:00;0.2618054804468637;0.2217633497325656;0.25513179199448066
2023-07-09 17:00:00;0.15684489741751823;0.12962542175685446;0.15230831814074097
2023-07-09 18:00:00;0.06430960018393321;0.05418229612468583;0.06262171617405866
2023-07-09 19:00:00;0.02757302755753383;0.02659451593925569;0.027409942287820805
2023-07-09 20:00:00;0.03490022458812506;0.03490022458812506;0.03490022458812506
2023-07-09 21:00:00;0.03941087593970254;0.03941087593970254;0.03941087593970254
2023-07-09 22:00:00;0.02666183996154854;0.02666183996154854;0.02666183996154854
2023-07-09 23:00:00;0.02130875883386745;0.02130875883386745;0.02130875883386745
2023-07-10 00:00:00;0.01945324676125999;0.01945324676125999;0.01945324676125999
2023-07-10 01:00:00;0.020301397722655674;0.020301397722655674;0.020301397722655674
2023-07-10 02:00:00;0.020480356126493713;0.020480356126493713;0.020480356126493713
2023-07-10 03:00:00;0.019823588823351064;0.019823588823351064;0.019823588823351064
2023-07-10 04:00:00;0.019488411217490977;0.019051471198228233;0.019415587880947188
2023-07-10 05:00:00;0.029841164655509237;0.026977529134488188;0.029363892068672397
2023-07-10 06:00:00;0.04320736159288764;0.03770839877033617;0.042290867789129064
2023-07-10 07:00:00;0.0775245530581363;0.06518381550137041;0.075467763465342
2023-07-10 08:00:00;0.10689808297910801;0.08859866713548177;0.10384818033850364
2023-07-10 09:00:00;0.0990427239786986;0.0834265225230816;0.09644002373609577
2023-07-10 10:00:00;0.09964779804033004;0.08428242840403273;0.09708690310094716
2023-07-10 11:00:00;0.12251781790237024;0.10232655547944933;0.1191526074985501
2023-07-10 12:00:00;0.14808100019104728;0.1227188151719419;0.14385396935452974
2023-07-10 13:00:00;0.14887379494205588;0.12251067847201971;0.14447994219704988
2023-07-10 14:00:00;0.08193458383657277;0.06943259211479139;0.07985091854960923
2023-07-10 15:00:00;0.06417589641695992;0.056395332462267904;0.06287913575784458
2023-07-10 16:00:00;0.054979711730233034;0.047483536765402;0.05373034923609452
2023-07-10 17:00:00;0.03683474430390311;0.03343437254618461;0.03626801567761669
2023-07-10 18:00:00;0.025704226907590985;0.023852741262437374;0.02539564596673205
2023-07-10 19:00:00;0.01977150141484715;0.019351253317571836;0.019701460065301265
2023-07-10 20:00:00;0.021590505269956456;0.021590505269956456;0.021590505269956456
2023-07-10 21:00:00;0.022177109466431626;0.022177109466431626;0.022177109466431626
2023-07-10 22:00:00;0.021807801134640044;0.021807801134640044;0.021807801134640044
2023-07-10 23:00:00;0.021596485213405864;0.021596485213405864;0.021596485213405864
2023-07-11 00:00:00;0.02187607636706976;0.02187607636706976;0.02187607636706976
2023-07-11 01:00:00;0.02644733927877705;0.02644733927877705;0.02644733927877705
2023-07-11 02:00:00;0.02306449055920607;0.02306449055920607;0.02306449055920607
2023-07-11 03:00:00;0.027140624051174393;0.027140624051174393;0.027140624051174393
2023-07-11 04:00:00;0.01927271133530828;0.018812029277810904;0.01919593099239205
2023-07-11 05:00:00;0.030530125009299827;0.02815508582449298;0.030134285145165352
2023-07-11 06:00:00;0.08601455556456106;0.07085330305571397;0.08348768014641987
2023-07-11 07:00:00;0.1429780409218808;0.11661163430443171;0.1385836398189726
2023-07-11 08:00:00;0.18770017425681235;0.15251176511001108;0.18183543939901217
2023-07-11 09:00:00;0.17279354897631508;0.14134423346621955;0.16755199639129917
2023-07-11 10:00:00;0.17890647323019146;0.1479165484751774;0.1737414857710225
2023-07-11 11:00:00;0.1385626618878166;0.11923153973923875;0.135340808196387
2023-07-11 12:00:00;0.27484489514982835;0.2263656353952894;0.2667650185240719
2023-07-11 13:00:00;0.40123992730675107;0.32996936952874106;0.3893615010104161
2023-07-11 14:00:00;0.4849457859063275;0.3950532475061144;0.46996369617295863
2023-07-11 15:00:00;0.3917899809594135;0.32294253953187724;0.3803154073881575
2023-07-11 16:00:00;0.3120578930388456;0.25961105551797575;0.30331675345203396
2023-07-11 17:00:00;0.1502137843325411;0.12747973257081205;0.14642477570558626
2023-07-11 18:00:00;0.05602430777004039;0.054648319972837145;0.055794976470506505
2023-07-11 19:00:00;0.0263830364434021;0.025579413443643822;0.02624909927677572
2023-07-11 20:00:00;0.025803855452472896;0.025803855452472896;0.025803855452472896
2023-07-11 21:00:00;0.023206858141563598;0.023206858141563598;0.023206858141563598
2023-07-11 22:00:00;0.02058242185304195;0.02058242185304195;0.02058242185304195
2023-07-11 23:00:00;0.023600273044317617;0.023600273044317617;0.023600273044317617
2023-07-12 00:00:00;0.022179456790037518;0.022179456790037518;0.022179456790037518
2023-07-12 01:00:00;0.02132315879890911;0.02132315879890911;0.02132315879890911
2023-07-12 02:00:00;0.01994243273093718;0.01994243273093718;0.01994243273093718
2023-07-12 03:00:00;0.020040149847678202;0.020040149847678202;0.020040149847678202
2023-07-12 04:00:00;0.01736007362019535;0.0153928947755183;0.017032210479415843
2023-07-12 05:00:00;0.060842927498112286;0.04858838627313184;0.05880050396061555
2023-07-12 06:00:00;0.15912640063688105;0.12586587668038457;0.15358297997746498
2023-07-12 07:00:00;0.2926116718727054;0.23295780796864404;0.28266936122202857
2023-07-12 08:00:00;0.42493855541655556;0.33928956712297703;0.4106637240342924
2023-07-12 09:00:00;0.5433885478112186;0.4354567193219867;0.5253999097296801
2023-07-12 10:00:00;0.6298169959342075;0.5070042197671112;0.6093481999063582
2023-07-12 11:00:00;0.7209208519559321;0.590506513340146;0.6991851288533012
2023-07-12 12:00:00;0.7347860720321678;0.5915531052038158;0.7109139108941093
2023-07-12 13:00:00;0.7217653952378562;0.5909582974360867;0.6999642122708948
2023-07-12 14:00:00;0.6363017755863907;0.5279250844047663;0.6182389937227866
2023-07-12 15:00:00;0.5248980450056887;0.43815005462085965;0.5104400466082171
2023-07-12 16:00:00;0.3616349433515148;0.2986050978828233;0.3511299691067329
2023-07-12 17:00:00;0.1834464902516771;0.16669586060380112;0.1806547186436978
2023-07-12 18:00:00;0.11262000541838231;0.09622756699333013;0.1098879323475403
2023-07-12 19:00:00;0.06151956443264919;0.059814780470039006;0.06123543377221416
2023-07-12 20:00:00;0.026903013123264687;0.026903013123264687;0.026903013123264687
2023-07-12 21:00:00;0.019934451696075335;0.019934451696075335;0.019934451696075335
2023-07-12 22:00:00;0.019900584739486558;0.019900584739486558;0.019900584739486558
2023-07-12 23:00:00;0.02172925752037381;0.02172925752037381;0.02172925752037381
2023-07-13 00:00:00;0.02095198732354999;0.02095198732354999;0.02095198732354999
2023-07-13 01:00:00;0.020659791364206273;0.020659791364206273;0.020659791364206273
2023-07-13 02:00:00;0.021425555381987864;0.021425555381987864;0.021425555381987864
2023-07-13 03:00:00;0.020382917176643898;0.020382917176643898;0.020382917176643898
2023-07-13 04:00:00;0.01984245768717805;0.017896179714214557;0.01951807802501747
2023-07-13 05:00:00;0.05890370463567957;0.04802737093114493;0.05709098235159048
2023-07-13 06:00:00;0.09819986169008495;0.08154860753114569;0.09542465266359508
2023-07-13 07:00:00;0.13668111081323975;0.11398644906924639;0.13289866718924087
2023-07-13 08:00:00;0.14610909310555922;0.12493119908387967;0.14257944410194598
2023-07-13 09:00:00;0.13995267113885806;0.12297662497581578;0.13712333011168437
2023-07-13 10:00:00;0.12461547706111964;0.10708182233371537;0.12169320127321893
2023-07-13 11:00:00;0.10690351462016184;0.09073056177734935;0.1042080224796931
2023-07-13 12:00:00;0.2128355882255914;0.17432949134511344;0.20641790541217844
2023-07-13 13:00:00;0.20779723490050772;0.17024805978082178;0.20153903904722675
2023-07-13 14:00:00;0.37527697698152995;0.3081912955374819;0.3640960300741886
2023-07-13 15:00:00;0.24109196243080058;0.20311904282003748;0.2347631424956734
2023-07-13 16:00:00;0.054060972740682396;0.053287164867209184;0.053932004761770194
2023-07-13 17:00:00;0.033382797714169375;0.03303333288289933;0.03332455357562437
2023-07-13 18:00:00;0.023544769891344918;0.023185773611893643;0.02348493717810304
2023-07-13 19:00:00;0.003782864103434717;0.0006859699554562648;0.003266715078771641
2023-07-13 20:00:00;0.021253344408635546;0.021253344408635546;0.021253344408635546
2023-07-13 21:00:00;0.024362184244308863;0.024362184244308863;0.024362184244308863
2023-07-13 22:00:00;0.03775199210101709;0.03775199210101709;0.03775199210101709
2023-07-13 23:00:00;0.04296837701819989;0.04296837701819989;0.04296837701819989
2023-07-14 00:00:00;0.032212993613231024;0.032212993613231024;0.032212993613231024
2023-07-14 01:00:00;0.032200245973304176;0.032200245973304176;0.032200245973304176
2023-07-14 02:00:00;0.028763745460688814;0.028763745460688814;0.028763745460688814
2023-07-14 03:00:00;0.02428386336333237;0.02428386336333237;0.02428386336333237
2023-07-14 04:00:00;0.0145302141162216;0.011530646189802474;0.01403028612848508
2023-07-14 05:00:00;0.08140109148757983;0.062495804910218916;0.078250210391353
2023-07-14 06:00:00;0.18854444284002206;0.14846951783783766;0.18186528867299134
2023-07-14 07:00:00;0.2956253986796694;0.23595373449255655;0.28568012131515064
2023-07-14 08:00:00;0.42503696250477707;0.34282303022504085;0.41133464045815443
2023-07-14 09:00:00;0.5503549338889508;0.4454618493598631;0.5328727531341029
2023-07-14 10:00:00;0.6516033939895759;0.5300751233868977;0.631348682222463
2023-07-14 11:00:00;0.7074248035500229;0.5784508851286335;0.6859291504797914
2023-07-14 12:00:00;0.7231396150606593;0.5961095331405384;0.7019679347406392
2023-07-14 13:00:00;0.709845667776559;0.5900381760853088;0.6898777524946841
2023-07-14 14:00:00;0.6347520191897925;0.5326636550850656;0.6177372918390047
2023-07-14 15:00:00;0.5747992444697467;0.4805710850716826;0.5590945512367361
2023-07-14 16:00:00;0.4216533251656759;0.3548233304210023;0.41051499270823033
2023-07-14 17:00:00;0.18387576932846644;0.1649522453693765;0.1807218486686181
2023-07-14 18:00:00;0.11533706770510214;0.10824102401039352;0.11415439375598405
2023-07-14 19:00:00;0.03224267317048126;0.030432018620020124;0.03194089741207107
2023-07-14 20:00:00;0.021529986659215055;0.021529986659215055;0.021529986659215055
2023-07-14 21:00:00;0.03468781381901779;0.03468781381901779;0.03468781381901779
2023-07-14 22:00:00;0.030070236335097436;0.030070236335097436;0.030070236335097436
2023-07-14 23:00:00;0.0225536608571272;0.0225536608571272;0.0225536608571272
2023-07-15 00:00:00;0.0276450313451266;0.0276450313451266;0.0276450313451266
2023-07-15 01:00:00;0.024980989583353944;0.024980989583353944;0.024980989583353944
2023-07-15 02:00:00;0.027201080831025043;0.027201080831025043;0.027201080831025043
2023-07-15 03:00:00;0.022558607958804308;0.022558607958804308;0.022558607958804308
2023-07-15 04:00:00;0.025716346189406183;0.024115410311863802;0.02544952354314912
2023-07-15 05:00:00;0.05058116102356536;0.04329952006528284;0.049367554197184936
2023-07-15 06:00:00;0.14193459623376029;0.11747879545188047;0.13785862943678032
2023-07-15 07:00:00;0.34028303422765716;0.27217905339539794;0.32893237075561405
2023-07-15 08:00:00;0.44537390849133357;0.36086943662474424;0.431289829846902
2023-07-15 09:00:00;0.5142227354916059;0.4177033598222548;0.4981361728800475
2023-07-15 10:00:00;0.4251135206439953;0.34599729979925326;0.4119274838365384
2023-07-15 11:00:00;0.6115051193202637;0.49731314602251925;0.5924731237706398
2023-07-15 12:00:00;0.7041097652553614;0.5698217678150291;0.6817284323486392
2023-07-15 13:00:00;0.7283763225879433;0.5920424040982363;0.7056540028396587
2023-07-15 14:00:00;0.5795959306226323;0.4755360976645807;0.5622526251296236
2023-07-15 15:00:00;0.394578140448814;0.331654307991585;0.38409083503927594
2023-07-15 16:00:00;0.29825752954431656;0.2580723161893111;0.29155999398514904
2023-07-15 17:00:00;0.22104684673429525;0.1859670356333366;0.21520021155080218
2023-07-15 18:00:00;0.09176217785897882;0.07614297860297009;0.08915897798297738
2023-07-15 19:00:00;0.032240802987105764;0.03127826101437649;0.03208037932498422
2023-07-15 20:00:00;0.026864657750899357;0.026864657750899357;0.026864657750899357
2023-07-15 21:00:00;0.02045831687799769;0.02045831687799769;0.02045831687799769
2023-07-15 22:00:00;0.02141608053411382;0.02141608053411382;0.02141608053411382
2023-07-15 23:00:00;0.024079998885399103;0.024079998885399103;0.024079998885399103
2023-07-16 00:00:00;0.024868773787820212;0.024868773787820212;0.024868773787820212
2023-07-16 01:00:00;0.021965393064175276;0.021965393064175276;0.021965393064175276
2023-07-16 02:00:00;0.02067621346438696;0.02067621346438696;0.02067621346438696
2023-07-16 03:00:00;0.019971145367679185;0.019971145367679185;0.019971145367679185
2023-07-16 04:00:00;0.018510189892323253;0.01775906816105026;0.018385002937111088
2023-07-16 05:00:00;0.031149340849724767;0.027593380205989296;0.030556680742435522
2023-07-16 06:00:00;0.04658634231166968;0.039824591471971475;0.04545938383838665
2023-07-16 07:00:00;0.038694514109991446;0.034706671255117484;0.038029873634179125
2023-07-16 08:00:00;0.04182415839839359;0.03709419198331699;0.041035830662547484
2023-07-16 09:00:00;0.07874243548136133;0.06636264192489846;0.07667913655528419
2023-07-16 10:00:00;0.2222251429765999;0.1806784850565123;0.21530069998991866
2023-07-16 11:00:00;0.4872120096990322;0.3924516023441598;0.47141860847322004
2023-07-16 12:00:00;0.4568615931393163;0.3693860774657608;0.44228234052705706
2023-07-16 13:00:00;0.6314690002873278;0.5049897868477371;0.6103891313807295
2023-07-16 14:00:00;0.5921823630139018;0.476584596892688;0.5729160686603663
2023-07-16 15:00:00;0.3608175011487591;0.2974850784551218;0.3502620973664863
2023-07-16 16:00:00;0.27223704059915615;0.22820547662136148;0.26489844660285705
2023-07-16 17:00:00;0.15625029711303806;0.12885549530396115;0.1516844968115253
2023-07-16 18:00:00;0.08806497035077601;0.07852087148407501;0.08647428720632586
2023-07-16 19:00:00;0.02290079040687402;0.020612000402145263;0.022519325406085894
2023-07-16 20:00:00;0.030393666444095833;0.030393666444095833;0.030393666444095833
2023-07-16 21:00:00;0.01881743555220968;0.01881743555220968;0.01881743555220968
2023-07-16 22:00:00;0.019520887716669537;0.019520887716669537;0.019520887716669537
2023-07-16 23:00:00;0.01872513126455737;0.01872513126455737;0.01872513126455737
2023-07-17 00:00:00;0.018815919804390246;0.018815919804390246;0.018815919804390246
2023-07-17 01:00:00;0.0189701691188075;0.0189701691188075;0.0189701691188075
2023-07-17 02:00:00;0.01869080190344926;0.01869080190344926;0.01869080190344926
2023-07-17 03:00:00;0.01823584190781369;0.01823584190781369;0.01823584190781369
2023-07-17 04:00:00;0.01349633156577803;0.011072728828703773;0.013092397776265655
2023-07-17 05:00:00;0.03405104029031561;0.029432254602176106;0.0332812426756257
2023-07-17 06:00:00;0.05995607996224165;0.050043740122708756;0.058304023322319515
2023-07-17 07:00:00;0.11033893949839553;0.09143648166281942;0.10718852985913285
2023-07-17 08:00:00;0.237399327934003;0.19285398642504967;0.22997510434917745
2023-07-17 09:00:00;0.2840990596931566;0.23489024998784572;0.27589759140893816
2023-07-17 10:00:00;0.4904566597861863;0.40521109697366037;0.4762490659840987
2023-07-17 11:00:00;0.6028360980477764;0.49958979529431047;0.5856283809221986
2023-07-17 12:00:00;0.6717679870603047;0.5590439255463856;0.6529806434746516
2023-07-17 13:00:00;0.6357407332255923;0.5308078073758977;0.6182519122506432
2023-07-17 14:00:00;0.590963571112352;0.5021205371844034;0.5761563987910273
2023-07-17 15:00:00;0.4728990953410308;0.40353220969407266;0.4613379477332045
2023-07-17 16:00:00;0.43637679303904275;0.3874738444653672;0.42822630161009684
2023-07-17 17:00:00;0.2902682847512935;0.2594632353282481;0.28513410984745263
2023-07-17 18:00:00;0.18532351524359103;0.17240993382096212;0.1831712516731529
2023-07-17 19:00:00;0.09119499664120828;0.08953251884069066;0.09091791700778867
2023-07-17 20:00:00;0.07314756915854052;0.07314756915854052;0.07314756915854052
2023-07-17 21:00:00;0.04041436135685294;0.04041436135685294;0.04041436135685294
2023-07-17 22:00:00;0.04413041231900018;0.04413041231900018;0.04413041231900018
2023-07-17 23:00:00;0.022072973395822867;0.022072973395822867;0.022072973395822867
2023-07-18 00:00:00;0.019752912569698793;0.019752912569698793;0.019752912569698793
2023-07-18 01:00:00;0.02881391285431035;0.02881391285431035;0.02881391285431035
2023-07-18 02:00:00;0.020454613597464394;0.020454613597464394;0.020454613597464394
2023-07-18 03:00:00;0.020036043491554127;0.020036043491554127;0.020036043491554127
2023-07-18 04:00:00;0.020854576511211944;0.020404387525494165;0.02077954501359231
2023-07-18 05:00:00;0.04800730919986307;0.04419633681797797;0.047372147136215556
2023-07-18 06:00:00;0.061069274377654394;0.051104463451376175;0.05940847255660803
2023-07-18 07:00:00;0.09389035470603621;0.07736978836085268;0.09113692698183896
2023-07-18 08:00:00;0.18894161954690225;0.1532978225098876;0.18300098670739984
2023-07-18 09:00:00;0.23051403745049284;0.18779441936160843;0.22339410110234548
2023-07-18 10:00:00;0.39893533860676744;0.32351241212096843;0.38636485085913425
2023-07-18 11:00:00;0.576745335679865;0.46827459662248133;0.5586668791703012
2023-07-18 12:00:00;0.45824891524165945;0.37348765828492175;0.4441220390822032
2023-07-18 13:00:00;0.4353191862373483;0.35613607158970845;0.4221220004627416
2023-07-18 14:00:00;0.5184851356314099;0.42288247403910806;0.5025513586993595
2023-07-18 15:00:00;0.46764012629499574;0.38432576795623974;0.45375439990520305
2023-07-18 16:00:00;0.3798305081963095;0.3119223226400067;0.368512477270259
2023-07-18 17:00:00;0.20886923765820498;0.17250430138209388;0.20280841494551982
2023-07-18 18:00:00;0.10728481918940985;0.09347205479954342;0.10498269179109877
2023-07-18 19:00:00;0.03675362675019239;0.03587331565744514;0.036606908234734524
2023-07-18 20:00:00;0.026176489605788934;0.026176489605788934;0.026176489605788934
2023-07-18 21:00:00;0.021681683888083267;0.021681683888083267;0.021681683888083267
2023-07-18 22:00:00;0.020883339129289146;0.020883339129289146;0.020883339129289146
2023-07-18 23:00:00;0.0191201018062003;0.0191201018062003;0.0191201018062003
2023-07-19 00:00:00;0.01871001438452056;0.01871001438452056;0.01871001438452056
2023-07-19 01:00:00;0.02022193061637147;0.02022193061637147;0.02022193061637147
2023-07-19 02:00:00;0.0196300029228949;0.0196300029228949;0.0196300029228949
2023-07-19 03:00:00;0.02731070649407225;0.02731070649407225;0.02731070649407225
2023-07-19 04:00:00;0.018632385141714863;0.016822272809369338;0.018330699752990606
2023-07-19 05:00:00;0.05988221695562206;0.04819134386285852;0.05793373810682814
2023-07-19 06:00:00;0.11260198074198169;0.09115438672944798;0.10902738173989275
2023-07-19 07:00:00;0.2753848347772288;0.22249869123551624;0.2665704775202768
2023-07-19 08:00:00;0.4608200873325682;0.37284107627031887;0.4461569188221934
2023-07-19 09:00:00;0.6193147345733786;0.5032393641640802;0.5999688395051622
2023-07-19 10:00:00;0.6840700274399145;0.55510066944431;0.6625751344406473
2023-07-19 11:00:00;0.7469903105474482;0.6054273887511766;0.7233964902480697
2023-07-19 12:00:00;0.6085876788140954;0.5088156748687327;0.5919590114898682
2023-07-19 13:00:00;0.7075681528552291;0.5778096473723059;0.685941735274742
2023-07-19 14:00:00;0.5536591987541273;0.4666034400026265;0.5391499056288771
2023-07-19 15:00:00;0.5199740841731472;0.4469607293423755;0.507805191701352
2023-07-19 16:00:00;0.3430623411517693;0.2958468893018958;0.33519309917679035
2023-07-19 17:00:00;0.24333681357933606;0.21713994908059767;0.238970669496213
2023-07-19 18:00:00;0.13583655659440108;0.1176833606777055;0.13281102394161848
2023-07-19 19:00:00;0.042777432477402295;0.04047073668044052;0.04239298317790867
2023-07-19 20:00:00;0.04800929533301395;0.04800929533301395;0.04800929533301395
2023-07-19 21:00:00;0.03534247541557074;0.03534247541557074;0.03534247541557074
2023-07-19 22:00:00;0.0298634459418649;0.0298634459418649;0.0298634459418649
2023-07-19 23:00:00;0.02202814703849003;0.02202814703849003;0.02202814703849003
2023-07-20 00:00:00;0.027663413398417387;0.027663413398417387;0.027663413398417387
2023-07-20 01:00:00;0.03091292896683984;0.03091292896683984;0.03091292896683984
2023-07-20 02:00:00;0.030220377502671026;0.030220377502671026;0.030220377502671026
2023-07-20 03:00:00;0.026942411992754555;0.026942411992754555;0.026942411992754555
2023-07-20 04:00:00;0.013796684547973956;0.011862679523496308;0.013474350377227683
2023-07-20 05:00:00;0.07347189090386935;0.05727272247408854;0.07077202949890589
2023-07-20 06:00:00;0.18895562642182595;0.1491789696590456;0.18232618362802927
2023-07-20 07:00:00;0.3432520469518518;0.27215993624827556;0.3314033618345891
2023-07-20 08:00:00;0.4926572743519957;0.39099630467189783;0.47571377940531273
2023-07-20 09:00:00;0.6143203946150502;0.4948082005059067;0.5944016955968597
2023-07-20 10:00:00;0.678088767083662;0.54923666778161;0.6566134171999867
2023-07-20 11:00:00;0.7131494079597853;0.5786301751408607;0.6907295358232979
2023-07-20 12:00:00;0.7084545736276269;0.581951732406816;0.6873707667574919
2023-07-20 13:00:00;0.716389879487587;0.5864616194505854;0.6947351694814202
2023-07-20 14:00:00;0.6095938559519081;0.5137143101949019;0.5936139316590737
2023-07-20 15:00:00;0.46981412975358955;0.3932732749676726;0.45705732062260346
2023-07-20 16:00:00;0.31642751238738104;0.2665864115597397;0.30812066224944085
2023-07-20 17:00:00;0.21848241901854892;0.18745785209151247;0.21331165786404283
2023-07-20 18:00:00;0.10967428143176526;0.09509271680015755;0.10724402065983066
2023-07-20 19:00:00;0.01960941196172187;0.018600999151406575;0.019441343160002653
2023-07-20 20:00:00;0.034625833838836176;0.034625833838836176;0.034625833838836176
2023-07-20 21:00:00;0.024664751094830007;0.024664751094830007;0.024664751094830007
2023-07-20 22:00:00;0.02779662878941895;0.02779662878941895;0.02779662878941895
2023-07-20 23:00:00;0.026934753790563832;0.026934753790563832;0.026934753790563832
2023-07-21 00:00:00;0.0297398864259678;0.0297398864259678;0.0297398864259678
2023-07-21 01:00:00;0.03230604221331871;0.03230604221331871;0.03230604221331871
2023-07-21 02:00:00;0.028558076209284543;0.028558076209284543;0.028558076209284543
2023-07-21 03:00:00;0.02709672256714918;0.02709672256714918;0.02709672256714918
2023-07-21 04:00:00;0.027484316750347838;0.02678523493125506;0.027367803113832374
2023-07-21 05:00:00;0.03617728827665834;0.034289504575732016;0.03586265765983729
2023-07-21 06:00:00;0.03331665393248261;0.03246299486056144;0.03317437742049575
2023-07-21 07:00:00;0.033151442447875164;0.030483358619737586;0.032706761809852235
2023-07-21 08:00:00;0.05395508709365248;0.046666192415134825;0.05274027131389954
2023-07-21 09:00:00;0.06830093604956258;0.058586729804705515;0.06668190167541974
2023-07-21 10:00:00;0.1811641597672446;0.14798432258097963;0.17563418690286708
2023-07-21 11:00:00;0.3466321245028546;0.2790735221089223;0.33537235743719923
2023-07-21 12:00:00;0.33856352617544344;0.2754620039687659;0.32804660580766387
2023-07-21 13:00:00;0.2863650169516568;0.23414239947040583;0.27766124737144826
2023-07-21 14:00:00;0.15126792485279697;0.13332999630976766;0.14827827009562544
2023-07-21 15:00:00;0.03472552302628956;0.03179290011784448;0.03423675254154872
2023-07-21 16:00:00;0.1255650515525413;0.10349709749561571;0.12188705920972036
2023-07-21 17:00:00;0.06982933733835897;0.058449618895832556;0.06793271759793791
2023-07-21 18:00:00;0.04654325088181763;0.03827840047018487;0.04516577581321217
2023-07-21 19:00:00;0.012483836298672217;0.011648352236755042;0.012344588955019355
2023-07-21 20:00:00;0.021250878527621253;0.021250878527621253;0.021250878527621253
2023-07-21 21:00:00;0.020356346895914097;0.020356346895914097;0.020356346895914097
2023-07-21 22:00:00;0.02160945968884351;0.02160945968884351;0.02160945968884351
2023-07-21 23:00:00;0.01968188635553454;0.01968188635553454;0.01968188635553454
2023-07-22 00:00:00;0.020266998190466106;0.020266998190466106;0.020266998190466106
2023-07-22 01:00:00;0.02110745735026261;0.02110745735026261;0.02110745735026261
2023-07-22 02:00:00;0.01965462719992398;0.01965462719992398;0.01965462719992398
2023-07-22 03:00:00;0.019682505423447665;0.019682505423447665;0.019682505423447665
2023-07-22 04:00:00;0.014975883948728062;0.014135534845648274;0.014835825764881431
2023-07-22 05:00:00;0.03403814172834468;0.029949017458878072;0.03335662101676692
2023-07-22 06:00:00;0.05209440989030301;0.0446723980207079;0.05085740791203716
2023-07-22 07:00:00;0.068857262371163;0.05881853144948306;0.06718414055088301
2023-07-22 08:00:00;0.18189371633665982;0.14789709787703437;0.1762276132600556
2023-07-22 09:00:00;0.39135892481873685;0.31321030523468146;0.37833415488806094
2023-07-22 10:00:00;0.2632027650540041;0.21313155711077378;0.25485756373013235
2023-07-22 11:00:00;0.3319178791281837;0.26883978127253977;0.3214048628189098
2023-07-22 12:00:00;0.6967521172581372;0.5564356704150594;0.673366042784291
2023-07-22 13:00:00;0.19401935814877816;0.16125650406980724;0.18855888246894964
2023-07-22 14:00:00;0.5029276221478911;0.4060837214737431;0.4867869720355332
2023-07-22 15:00:00;0.1446780191069556;0.12372988520007203;0.14118666345580835
2023-07-22 16:00:00;0.1395598786190826;0.11548217486812054;0.1355469279939223
2023-07-22 17:00:00;0.15318716551639622;0.12751075353141023;0.14890776351889856
2023-07-22 18:00:00;0.09076107059741921;0.07679067984804153;0.08843267213918961
2023-07-22 19:00:00;0.01987642304581899;0.018088386179777222;0.0195784169014787
2023-07-22 20:00:00;0.0326932216791249;0.0326932216791249;0.0326932216791249
2023-07-22 21:00:00;0.030000585974604616;0.030000585974604616;0.030000585974604616
2023-07-22 22:00:00;0.02618260372287827;0.02618260372287827;0.02618260372287827
2023-07-22 23:00:00;0.024003102592204215;0.024003102592204215;0.024003102592204215
2023-07-23 00:00:00;0.023614704897656297;0.023614704897656297;0.023614704897656297
2023-07-23 01:00:00;0.021787407601975582;0.021787407601975582;0.021787407601975582
2023-07-23 02:00:00;0.024201765796572468;0.024201765796572468;0.024201765796572468
2023-07-23 03:00:00;0.022917370773917773;0.022917370773917773;0.022917370773917773
2023-07-23 04:00:00;0.004032251404732042;0.001686757259975509;0.0036413357139392878
2023-07-23 05:00:00;0.08146125460039894;0.060895210405884706;0.0780335805679799
2023-07-23 06:00:00;0.2152951934304036;0.16709101793049427;0.2072611641804187
2023-07-23 07:00:00;0.35610240805784615;0.28277033322483247;0.34388039558567723
2023-07-23 08:00:00;0.5106442464337888;0.40762567305235564;0.49347448420354995
2023-07-23 09:00:00;0.6014063956478771;0.48684865518907755;0.582313438904744
2023-07-23 10:00:00;0.6723358379314549;0.5488022260108382;0.6517469026113522
2023-07-23 11:00:00;0.6800569337307696;0.561347010192988;0.6602719464744727
2023-07-23 12:00:00;0.736552857999384;0.6061958082196669;0.7148266830360978
2023-07-23 13:00:00;0.6992363439616835;0.5815667505450302;0.6796247450589079
2023-07-23 14:00:00;0.6420791690359116;0.5354295396854012;0.6243042308108265
2023-07-23 15:00:00;0.5653284789490259;0.4816640095538266;0.5513844007164928
2023-07-23 16:00:00;0.4386998947888293;0.37606509153861495;0.42826076091379367
2023-07-23 17:00:00;0.3440629049681838;0.30822777641728205;0.3380903835430336
2023-07-23 18:00:00;0.18255442296855104;0.16658203168751368;0.1798923577550448
2023-07-23 19:00:00;0.10318015218623519;0.1015296445070845;0.10290506757304341
2023-07-23 20:00:00;0.058701603047319445;0.058701603047319445;0.058701603047319445
2023-07-23 21:00:00;0.06024869485157396;0.06024869485157396;0.06024869485157396
2023-07-23 22:00:00;0.033537899631727784;0.033537899631727784;0.033537899631727784
2023-07-23 23:00:00;0.028509153215041178;0.028509153215041178;0.028509153215041178
2023-07-24 00:00:00;0.024680990254750658;0.024680990254750658;0.024680990254750658
2023-07-24 01:00:00;0.023818543879390447;0.023818543879390447;0.023818543879390447
2023-07-24 02:00:00;0.023554753021216738;0.023554753021216738;0.023554753021216738
2023-07-24 03:00:00;0.025267150997328403;0.025267150997328403;0.025267150997328403
2023-07-24 04:00:00;0.008490260899583619;0.006846923244992246;0.008216371290485056
2023-07-24 05:00:00;0.06760685126494899;0.052260402107515765;0.06504910973871011
2023-07-24 06:00:00;0.18936920243379013;0.14695623104770977;0.18230037386944342
2023-07-24 07:00:00;0.31261567411180413;0.2490990289906948;0.3020295665916193
2023-07-24 08:00:00;0.45842663180297544;0.36887747920346703;0.44350177303639077
2023-07-24 09:00:00;0.5884103709931865;0.4762973481525467;0.5697248671864132
2023-07-24 10:00:00;0.653523620284371;0.5338821590657327;0.6335833767479313
2023-07-24 11:00:00;0.7184674340126828;0.5970560103015171;0.6982321967274886
2023-07-24 12:00:00;0.7418636107784707;0.6154506040934915;0.7207947763309742
2023-07-24 13:00:00;0.6950410150085546;0.5882330522234647;0.6772396878777063
2023-07-24 14:00:00;0.5099109056477692;0.4369536654702446;0.4977513656181818
2023-07-24 15:00:00;0.5007379427912905;0.42500401435820484;0.4881156213857763
2023-07-24 16:00:00;0.4212108449942798;0.35589779743795735;0.41032533706822605
2023-07-24 17:00:00;0.2678065038193647;0.234655696875209;0.2622813693286721
2023-07-24 18:00:00;0.15181656239212635;0.14863421704723423;0.151286171501311
2023-07-24 19:00:00;0.08578087735663506;0.0849211881246641;0.08563759581797323
2023-07-24 20:00:00;0.05155875062174815;0.05155875062174815;0.05155875062174815
2023-07-24 21:00:00;0.10168615006886714;0.10168615006886714;0.10168615006886714
2023-07-24 22:00:00;0.0833205525808202;0.0833205525808202;0.0833205525808202
2023-07-24 23:00:00;0.06702032983220713;0.06702032983220713;0.06702032983220713
2023-07-25 00:00:00;0.043415367613327684;0.043415367613327684;0.043415367613327684
2023-07-25 01:00:00;0.037293998585762614;0.037293998585762614;0.037293998585762614
2023-07-25 02:00:00;0.03565371140934988;0.03565371140934988;0.03565371140934988
2023-07-25 03:00:00;0.023682025906655607;0.023682025906655607;0.023682025906655607
2023-07-25 04:00:00;0.007478760970248499;0.005686048212170534;0.007179975510568838
2023-07-25 05:00:00;0.05973724292727119;0.046805857915565706;0.05758201209198696
2023-07-25 06:00:00;0.13895950912533653;0.11268701056727415;0.13458075936565944
2023-07-25 07:00:00;0.2957765692805815;0.23868456820656325;0.2862612357682452
2023-07-25 08:00:00;0.3778609728971658;0.30630268094051466;0.36593459090439057
2023-07-25 09:00:00;0.3712819765800317;0.3065813227812943;0.3604985342802422
2023-07-25 10:00:00;0.3426109245619179;0.28418383311578227;0.332873075987562
2023-07-25 11:00:00;0.4682634281585616;0.3825132184538739;0.4539717265411137
2023-07-25 12:00:00;0.5116405693092393;0.42361029757462954;0.496968857353471
2023-07-25 13:00:00;0.6830825318718315;0.5561520998889524;0.661927459874685
2023-07-25 14:00:00;0.5872725954231748;0.4875523933401347;0.5706525617426681
2023-07-25 15:00:00;0.5332185260485391;0.4410680160358797;0.5178601077130959
2023-07-25 16:00:00;0.3874432255890549;0.32508498167542094;0.3770501849367826
2023-07-25 17:00:00;0.23767729777564173;0.20233618327360223;0.23178711202530186
2023-07-25 18:00:00;0.12095051622875869;0.10780591911927648;0.11875975004384498
2023-07-25 19:00:00;0.05313495596453662;0.05172843442189218;0.05290053570742922
2023-07-25 20:00:00;0.060118753686397186;0.060118753686397186;0.060118753686397186
2023-07-25 21:00:00;0.0488954344366069;0.0488954344366069;0.0488954344366069
2023-07-25 22:00:00;0.03505732169253556;0.03505732169253556;0.03505732169253556
2023-07-25 23:00:00;0.03764453848576366;0.03764453848576366;0.03764453848576366
2023-07-26 00:00:00;0.030288723937486463;0.030288723937486463;0.030288723937486463
2023-07-26 01:00:00;0.03318851448129092;0.03318851448129092;0.03318851448129092
2023-07-26 02:00:00;0.028383268520163398;0.028383268520163398;0.028383268520163398
2023-07-26 03:00:00;0.025110248974614755;0.025110248974614755;0.025110248974614755
2023-07-26 04:00:00;0.022085795536192342;0.022085795536192342;0.022085795536192342
2023-07-26 05:00:00;0.03572107787143387;0.03060777895077179;0.034868861384656856
2023-07-26 06:00:00;0.07645561693202045;0.06290068436789162;0.07419646150466566
2023-07-26 07:00:00;0.10947712753202586;0.0907402100756226;0.10635430795595865
2023-07-26 08:00:00;0.21196972519298696;0.17453491437575813;0.20573059005678218
2023-07-26 09:00:00;0.4052183385867406;0.3285378976701111;0.39243826510063573
2023-07-26 10:00:00;0.5276595647038625;0.43111853225874125;0.5115693926296757
2023-07-26 11:00:00;0.667863188471533;0.5477034048544216;0.6478365578686812
2023-07-26 12:00:00;0.6592298435982045;0.5429885497481125;0.6398562946231892
2023-07-26 13:00:00;0.635375405405175;0.5296134790601134;0.6177484176809981
2023-07-26 14:00:00;0.5950576463825915;0.5121148669301727;0.5812338498071884
2023-07-26 15:00:00;0.39879412808239256;0.3441291635083321;0.38968330065338247
2023-07-26 16:00:00;0.3266305046035917;0.28939512780758103;0.3204246084709232
2023-07-26 17:00:00;0.1663954711296068;0.15466024883055499;0.1644396007464315
2023-07-26 18:00:00;0.09424886450057811;0.090253488565727;0.09358296851143627
2023-07-26 19:00:00;0.04406795712883618;0.043668040485728435;0.04400130435498489
2023-07-26 20:00:00;0.027384568562299427;0.027384568562299427;0.027384568562299427
2023-07-26 21:00:00;0.04455531890183881;0.04455531890183881;0.04455531890183881
2023-07-26 22:00:00;0.029214302726604004;0.029214302726604004;0.029214302726604004
2023-07-26 23:00:00;0.02393900032984418;0.02393900032984418;0.02393900032984418
2023-07-27 00:00:00;0.027368737570215587;0.027368737570215587;0.027368737570215587
2023-07-27 01:00:00;0.022893958856254455;0.022893958856254455;0.022893958856254455
2023-07-27 02:00:00;0.01965420815819229;0.01965420815819229;0.01965420815819229
2023-07-27 03:00:00;0.023403463092622503;0.023403463092622503;0.023403463092622503
2023-07-27 04:00:00;0.017639683559702378;0.01720128986338931;0.0175666179436502
2023-07-27 05:00:00;0.031793429528492456;0.02786144818923821;0.031138099305283412
2023-07-27 06:00:00;0.06882970436581352;0.05688922764824356;0.0668396249128852
2023-07-27 07:00:00;0.10607686968423395;0.08730537489809169;0.10294828721987692
2023-07-27 08:00:00;0.17967335728959818;0.14594161055900867;0.1740513995011666
2023-07-27 09:00:00;0.25022858380902324;0.20340884085707325;0.24242529331703158
2023-07-27 10:00:00;0.15017414762713416;0.12603546731900991;0.14615103424244683
2023-07-27 11:00:00;0.1456779401777988;0.12268368662474256;0.14184556458562278
2023-07-27 12:00:00;0.25903029191610294;0.215213625908575;0.25172751424818157
2023-07-27 13:00:00;0.32000103266453145;0.26118940209097247;0.31019909423560493
2023-07-27 14:00:00;0.5393163663202764;0.44004742507326994;0.5227715427791089
2023-07-27 15:00:00;0.43548803206617714;0.35624766294800636;0.4222813038798154
2023-07-27 16:00:00;0.30983346722715704;0.2500255961586504;0.2998654887157393
2023-07-27 17:00:00;0.20875301347808123;0.1733015616574774;0.20284443817464728
2023-07-27 18:00:00;0.11074768618755668;0.09663762984301819;0.10839601013013359
2023-07-27 19:00:00;0.04032629549767581;0.03950758467458536;0.0401898436938274
2023-07-27 20:00:00;0.03516458532194668;0.03516458532194668;0.03516458532194668
2023-07-27 21:00:00;0.026820721760470817;0.026820721760470817;0.026820721760470817
2023-07-27 22:00:00;0.025830808130747118;0.025830808130747118;0.025830808130747118
2023-07-27 23:00:00;0.021170894957724506;0.021170894957724506;0.021170894957724506
2023-07-28 00:00:00;0.02118031156419567;0.02118031156419567;0.02118031156419567
2023-07-28 01:00:00;0.0182888881437244;0.0182888881437244;0.0182888881437244
2023-07-28 02:00:00;0.018649941173909522;0.018649941173909522;0.018649941173909522
2023-07-28 03:00:00;0.016500221466718354;0.016500221466718354;0.016500221466718354
2023-07-28 04:00:00;0.00515599618651284;0.0038771254392874622;0.004942851061975278
2023-07-28 05:00:00;0.06439411287156058;0.0494617619446387;0.0619053877170736
2023-07-28 06:00:00;0.1362184765072837;0.10827414183632368;0.13156108739545702
2023-07-28 07:00:00;0.2023427135521424;0.16367296178396465;0.1958977549241128
2023-07-28 08:00:00;0.24897187789067188;0.20634864235516429;0.2418680053014206
2023-07-28 09:00:00;0.37134062112662075;0.3105667285136232;0.3612116390244545
2023-07-28 10:00:00;0.42986676320075745;0.3603077288303771;0.41827359080569404
2023-07-28 11:00:00;0.41209255359813113;0.3473176536165121;0.40129673693452794
2023-07-28 12:00:00;0.5299198952684057;0.43675557480949784;0.5143925085252544
2023-07-28 13:00:00;0.5745145331418833;0.48203651517653473;0.5591015301476586
2023-07-28 14:00:00;0.2334655546963477;0.20384977342643334;0.22852959115136198
2023-07-28 15:00:00;0.3508480595146421;0.29184506986728576;0.3410142279067494
2023-07-28 16:00:00;0.2083288025127091;0.18235643514937935;0.20400007461882083
2023-07-28 17:00:00;0.10483481242750478;0.10049840031443186;0.10411207707532597
2023-07-28 18:00:00;0.08174595132379331;0.07025552086965213;0.07983087958143645
2023-07-28 19:00:00;0.035996699875630825;0.03429470134952278;0.03571303345461281
2023-07-28 20:00:00;0.05268144337092065;0.05268144337092065;0.05268144337092065
2023-07-28 21:00:00;0.03011207891020461;0.03011207891020461;0.03011207891020461
2023-07-28 22:00:00;0.05290240107541405;0.05290240107541405;0.05290240107541405
2023-07-28 23:00:00;0.09382129892262851;0.09382129892262851;0.09382129892262851
2023-07-29 00:00:00;0.08870648970754866;0.08870648970754866;0.08870648970754866
2023-07-29 01:00:00;0.056974118168923484;0.056974118168923484;0.056974118168923484
2023-07-29 02:00:00;0.04550658253792029;0.04550658253792029;0.04550658253792029
2023-07-29 03:00:00;0.03634275408389624;0.03634275408389624;0.03634275408389624
2023-07-29 04:00:00;0.015643734146358425;0.014509370175116896;0.015454673484484836
2023-07-29 05:00:00;0.059299685496123966;0.044233112310739765;0.05678858996522661
2023-07-29 06:00:00;0.17527866579899537;0.14112924290125364;0.1695870953160384
2023-07-29 07:00:00;0.29892210991138934;0.24804417497794976;0.2904424540891494
2023-07-29 08:00:00;0.40532878061893635;0.33442787586312145;0.3935119631596339
2023-07-29 09:00:00;0.4777005890712268;0.39143360299904184;0.463322758059196
2023-07-29 10:00:00;0.4694282340592795;0.38869123634355646;0.45597206777332566
2023-07-29 11:00:00;0.43795386453701546;0.35871439130001054;0.4247472856641813
2023-07-29 12:00:00;0.29503620075084586;0.2472252839994858;0.28706771462561925
2023-07-29 13:00:00;0.23707140619374908;0.20769331940021213;0.2321750583948263
2023-07-29 14:00:00;0.18340419768876204;0.16184157281492445;0.1798104268764558
2023-07-29 15:00:00;0.16132831181259796;0.14360359342948065;0.1583741920820784
2023-07-29 16:00:00;0.13713060143093306;0.12255347381887814;0.13470108016225726
2023-07-29 17:00:00;0.14289525117414173;0.11960019573838715;0.13901274193484933
2023-07-29 18:00:00;0.07820538586619723;0.06166796548262272;0.0754491491356015
2023-07-29 19:00:00;0.05986425816774227;0.059474489775567616;0.059799296769046495
2023-07-29 20:00:00;0.05308057277472522;0.05308057277472522;0.05308057277472522
2023-07-29 21:00:00;0.05500561299532168;0.05500561299532168;0.05500561299532168
2023-07-29 22:00:00;0.04538609235317276;0.04538609235317276;0.04538609235317276
2023-07-29 23:00:00;0.051194129229144104;0.051194129229144104;0.051194129229144104
2023-07-30 00:00:00;0.030078885640809728;0.030078885640809728;0.030078885640809728
2023-07-30 01:00:00;0.033431124359921884;0.033431124359921884;0.033431124359921884
2023-07-30 02:00:00;0.0382076526490053;0.0382076526490053;0.0382076526490053
2023-07-30 03:00:00;0.02853451111198481;0.02853451111198481;0.02853451111198481
2023-07-30 04:00:00;0.012541770659582115;0.011189941937900485;0.012316465872635176
2023-07-30 05:00:00;0.05885018545557455;0.04217517887695648;0.056071017692471546
2023-07-30 06:00:00;0.16598503605142587;0.13101427544765093;0.16015657595079671
2023-07-30 07:00:00;0.29309684909547973;0.23609265665581414;0.2835961503555355
2023-07-30 08:00:00;0.3520828576366079;0.2880025733564147;0.3414028102565757
2023-07-30 09:00:00;0.5046627205536068;0.4138871196221803;0.48953345373170243
2023-07-30 10:00:00;0.6132772620814406;0.5061058896990931;0.5954153666843827
2023-07-30 11:00:00;0.6112176621978356;0.5092006753505582;0.5942148310566226
2023-07-30 12:00:00;0.4651694307845507;0.3985090293377302;0.4540593638767473
2023-07-30 13:00:00;0.5561060719393991;0.46350519257532885;0.5406725920453873
2023-07-30 14:00:00;0.3694238795008025;0.3196090998590348;0.36112141622717453
2023-07-30 15:00:00;0.20110480448262383;0.17098702640406613;0.19608517480286425
2023-07-30 16:00:00;0.22283395881117787;0.18385392243941948;0.2163372860825515
2023-07-30 17:00:00;0.10220848135015845;0.09699266908568967;0.10133917930608032
2023-07-30 18:00:00;0.049874597682579035;0.045596917370905106;0.04916165096396672
2023-07-30 19:00:00;0.02781443659601964;0.027400354073440148;0.027745422842256392
2023-07-30 20:00:00;0.025653714714990738;0.025653714714990738;0.025653714714990738
2023-07-30 21:00:00;0.03146175752127972;0.03146175752127972;0.03146175752127972
2023-07-30 22:00:00;0.021653788155504634;0.021653788155504634;0.021653788155504634
2023-07-30 23:00:00;0.020000287222590445;0.020000287222590445;0.020000287222590445
2023-07-31 00:00:00;0.020180469498512273;0.020180469498512273;0.020180469498512273
2023-07-31 01:00:00;0.021513405169952884;0.021513405169952884;0.021513405169952884
2023-07-31 02:00:00;0.020511673708131114;0.020511673708131114;0.020511673708131114
2023-07-31 03:00:00;0.023557903699981793;0.023557903699981793;0.023557903699981793
2023-07-31 04:00:00;0.0165782568926012;0.016158386874075413;0.01650827855618024
2023-07-31 05:00:00;0.03581491100431142;0.030907390141961415;0.03499699086058642
2023-07-31 06:00:00;0.10394052575578645;0.08318848772868759;0.10048185275126999
2023-07-31 07:00:00;0.20897616104018382;0.16707619902637466;0.2019928340378823
2023-07-31 08:00:00;0.30224307808636114;0.24498932164626572;0.2927007853463453
2023-07-31 09:00:00;0.42474193975242736;0.34567282804760924;0.411563754468291
2023-07-31 10:00:00;0.4821348290415177;0.39212475613599856;0.46713315022393126
2023-07-31 11:00:00;0.5094091384595432;0.4288152496379198;0.4959768236559393
2023-07-31 12:00:00;0.5168703597935133;0.4308849479812382;0.5025394578248008
2023-07-31 13:00:00;0.5716395993007475;0.4733721269717675;0.5552616872459175
2023-07-31 14:00:00;0.49975262660426234;0.42218837080968813;0.48682525063849996
2023-07-31 15:00:00;0.469533239897861;0.39548935233073174;0.45719259197000617
2023-07-31 16:00:00;0.3755296841571246;0.3174675857598502;0.36585266775757885
2023-07-31 17:00:00;0.25560636624858923;0.22247354180346804;0.250084228841069
2023-07-31 18:00:00;0.13885175994780052;0.12940529711597276;0.13727734947582923
2023-07-31 19:00:00;0.046102253423048516;0.045257282333319236;0.04596142490809364
2023-07-31 20:00:00;0.04031693231208376;0.04031693231208376;0.04031693231208376
2023-07-31 21:00:00;0.033604521406337746;0.033604521406337746;0.033604521406337746
2023-07-31 22:00:00;0.059743275172645424;0.059743275172645424;0.059743275172645424
2023-07-31 23:00:00;0.05735282620139702;0.05735282620139702;0.05735282620139702
2023-08-01 00:00:00;0.06402615005457656;0.06402615005457656;0.06402615005457656
2023-08-01 01:00:00;0.060811306167672795;0.060811306167672795;0.060811306167672795
2023-08-01 02:00:00;0.050589807813103585;0.050589807813103585;0.050589807813103585
2023-08-01 03:00:00;0.044640879826728604;0.044640879826728604;0.044640879826728604
2023-08-01 04:00:00;0.03399170513651047;0.03339944988123451;0.0338929959272978
2023-08-01 05:00:00;0.05206860582426391;0.046222781101165275;0.05109430170374748
2023-08-01 06:00:00;0.16450156003255714;0.12880798211164884;0.1585526303790724
2023-08-01 07:00:00;0.30811635042979685;0.2431779747064132;0.2972932878092329
2023-08-01 08:00:00;0.42610840837933756;0.34479622481766714;0.4125563777857259
2023-08-01 09:00:00;0.4676166906518223;0.38417957189778473;0.4537105041928161
2023-08-01 10:00:00;0.32944711557642625;0.2798389354338878;0.32117908555266983
2023-08-01 11:00:00;0.45320094815413037;0.3741673719296134;0.4400286854500442
2023-08-01 12:00:00;0.5000176327930709;0.4148095443138335;0.48581628471319804
2023-08-01 13:00:00;0.45161051254868473;0.3756832314076569;0.43895596569184675
2023-08-01 14:00:00;0.45973759791258073;0.3703769113620305;0.44484415015415574
2023-08-01 15:00:00;0.4252763586637588;0.3535439761842731;0.41332096158384446
2023-08-01 16:00:00;0.2838819936335032;0.23618046395207382;0.27593173868659826
2023-08-01 17:00:00;0.21896067709046735;0.18067177279441582;0.21257919304112546
2023-08-01 18:00:00;0.12496924868032366;0.11149386529099177;0.12272335144876838
2023-08-01 19:00:00;0.059591028302330484;0.0587981763742297;0.05945888631431369
2023-08-01 20:00:00;0.04981818318429373;0.04981818318429373;0.04981818318429373
2023-08-01 21:00:00;0.02170624286586853;0.02170624286586853;0.02170624286586853
2023-08-01 22:00:00;0.039163944111263255;0.039163944111263255;0.039163944111263255
2023-08-01 23:00:00;0.03397866519036359;0.03397866519036359;0.03397866519036359
2023-08-02 00:00:00;0.031753115418840225;0.031753115418840225;0.031753115418840225
2023-08-02 01:00:00;0.03181379050582673;0.03181379050582673;0.03181379050582673
2023-08-02 02:00:00;0.031184059782274835;0.031184059782274835;0.031184059782274835
2023-08-02 03:00:00;0.023710084775876737;0.023710084775876737;0.023710084775876737
2023-08-02 04:00:00;0.014462807957939057;0.013498520357872757;0.014302093357928007
2023-08-02 05:00:00;0.054211700040917715;0.041387820815432186;0.052074386836670136
2023-08-02 06:00:00;0.15260554425563116;0.12012081098078929;0.14719142204315755
2023-08-02 07:00:00;0.27807618914097276;0.2216007938788214;0.2686636232639475
2023-08-02 08:00:00;0.4266590069696042;0.3403860060445068;0.41228017348208795
2023-08-02 09:00:00;0.5629011750335734;0.45278022212816027;0.5445476828826712
2023-08-02 10:00:00;0.656604995258889;0.5305766830150764;0.6356002765515871
2023-08-02 11:00:00;0.7336833896467889;0.586285442517936;0.7091170651253135
2023-08-02 12:00:00;0.6427232230195248;0.5314146853948278;0.6241718000820754
2023-08-02 13:00:00;0.6216425175333208;0.5177961439542326;0.6043347886034728
2023-08-02 14:00:00;0.5356375166103583;0.45039576375755747;0.5214305578015582
2023-08-02 15:00:00;0.431490721892635;0.36261312334051904;0.42001112213394903
2023-08-02 16:00:00;0.3521188702909374;0.3006427747157871;0.3435395210284124
2023-08-02 17:00:00;0.22562715208900003;0.1970117352967735;0.22085791595696228
2023-08-02 18:00:00;0.12486795804010031;0.11917544628630093;0.12391920608113377
2023-08-02 19:00:00;0.04925328767875455;0.04925328767875455;0.04925328767875455
2023-08-02 20:00:00;0.05316282652251212;0.05316282652251212;0.05316282652251212
2023-08-02 21:00:00;0.040205770190240506;0.040205770190240506;0.040205770190240506
2023-08-02 22:00:00;0.021170083600727387;0.021170083600727387;0.021170083600727387
2023-08-02 23:00:00;0.021973892815244672;0.021973892815244672;0.021973892815244672
2023-08-03 00:00:00;0.02246276005811494;0.02246276005811494;0.02246276005811494
2023-08-03 01:00:00;0.02163591648533252;0.02163591648533252;0.02163591648533252
2023-08-03 02:00:00;0.021176706006650267;0.021176706006650267;0.021176706006650267
2023-08-03 03:00:00;0.02186270173813785;0.02186270173813785;0.02186270173813785
2023-08-03 04:00:00;0.024318571881635616;0.023948613236725702;0.02425691210748396
2023-08-03 05:00:00;0.0343201905548473;0.03091043565687089;0.033751898071851236
2023-08-03 06:00:00;0.03264561564932595;0.030659518131953976;0.032314599396430624
2023-08-03 07:00:00;0.03677111060577103;0.0333516341763944;0.0362011978675416
2023-08-03 08:00:00;0.04273800817814076;0.037895588267075175;0.04193093819296317
2023-08-03 09:00:00;0.05687479602274488;0.048924104723207004;0.05554968080615524
2023-08-03 10:00:00;0.060527554193116805;0.052690633941858814;0.059221400817907145
2023-08-03 11:00:00;0.12846219660244343;0.10783706659795755;0.12502467493502914
2023-08-03 12:00:00;0.1734167417648355;0.1444257974076276;0.16858491770530087
2023-08-03 13:00:00;0.1519353454548036;0.1282364567333607;0.14798553066789646
2023-08-03 14:00:00;0.14886987882260785;0.12458839695672905;0.14482296517829474
2023-08-03 15:00:00;0.242791454094556;0.19715776901375534;0.23518583991442257
2023-08-03 16:00:00;0.19548919977619078;0.16271212102907875;0.19002635331833878
2023-08-03 17:00:00;0.11305184627755825;0.0981133069299908;0.11056208971963034
2023-08-03 18:00:00;0.06172855174978068;0.06031038780594931;0.06149219109247546
2023-08-03 19:00:00;0.03804379159022209;0.03804379159022209;0.03804379159022209
2023-08-03 20:00:00;0.02535646721273275;0.02535646721273275;0.02535646721273275
2023-08-03 21:00:00;0.021633724402165523;0.021633724402165523;0.021633724402165523
2023-08-03 22:00:00;0.02198924876557115;0.02198924876557115;0.02198924876557115
2023-08-03 23:00:00;0.01984300551045521;0.01984300551045521;0.01984300551045521
2023-08-04 00:00:00;0.021625849385373326;0.021625849385373326;0.021625849385373326
2023-08-04 01:00:00;0.020331986017977116;0.020331986017977116;0.020331986017977116
2023-08-04 02:00:00;0.02083414756982007;0.02083414756982007;0.02083414756982007
2023-08-04 03:00:00;0.01970929028490428;0.01970929028490428;0.01970929028490428
2023-08-04 04:00:00;0.020998673213513296;0.020998673213513296;0.020998673213513296
2023-08-04 05:00:00;0.024972991568664213;0.023259875846970507;0.02468747228171526
2023-08-04 06:00:00;0.037867864120058305;0.03400957373837323;0.0372248157231108
2023-08-04 07:00:00;0.0903708152719113;0.07472995664225729;0.08776400550030232
2023-08-04 08:00:00;0.2193598843281869;0.1791225902273753;0.21265366864471832
2023-08-04 09:00:00;0.35956739803845694;0.2906757893765363;0.3480854632614702
2023-08-04 10:00:00;0.33534682375199915;0.2730198458382535;0.3249589940997082
2023-08-04 11:00:00;0.6117136224365705;0.49535969999949614;0.5923213020303915
2023-08-04 12:00:00;0.22755622309760715;0.18566665071935265;0.2205746277012314
2023-08-04 13:00:00;0.2967795897958915;0.24604966118058916;0.2883246016933411
2023-08-04 14:00:00;0.44947302868730643;0.3763451648773219;0.4372850513856424
2023-08-04 15:00:00;0.4009631846626189;0.3401508749055978;0.3908277997031154
2023-08-04 16:00:00;0.36672977760176767;0.31051041704770793;0.35735988417609105
2023-08-04 17:00:00;0.21005926330159966;0.18001596421045424;0.2050520467864088
2023-08-04 18:00:00;0.07911219195842381;0.07013180175933632;0.07761546025857591
2023-08-04 19:00:00;0.047612388153383915;0.047156043151187405;0.04753633065301783
2023-08-04 20:00:00;0.021162739789521177;0.021162739789521177;0.021162739789521177
2023-08-04 21:00:00;0.024239718428267457;0.024239718428267457;0.024239718428267457
2023-08-04 22:00:00;0.03762169197919035;0.03762169197919035;0.03762169197919035
2023-08-04 23:00:00;0.026209759784207528;0.026209759784207528;0.026209759784207528
2023-08-05 00:00:00;0.026018726287663087;0.026018726287663087;0.026018726287663087
2023-08-05 01:00:00;0.032294776457220745;0.032294776457220745;0.032294776457220745
2023-08-05 02:00:00;0.029281587322255408;0.029281587322255408;0.029281587322255408
2023-08-05 03:00:00;0.0349039974227453;0.0349039974227453;0.0349039974227453
2023-08-05 04:00:00;0.02965871106702791;0.029295364173039067;0.0295981532513631
2023-08-05 05:00:00;0.0480419948776864;0.03910708135989735;0.04655284262472155
2023-08-05 06:00:00;0.16211297202194502;0.1270941553745953;0.1562765025807201
2023-08-05 07:00:00;0.27684279082537006;0.2255748457510832;0.2682981333129889
2023-08-05 08:00:00;0.4081155780611478;0.33270266773428825;0.39554675967333797
2023-08-05 09:00:00;0.5359269873248109;0.4387057060199081;0.5197234404406605
2023-08-05 10:00:00;0.6243365639614382;0.5150991186302103;0.6061303230729004
2023-08-05 11:00:00;0.5730843932410276;0.47937946365478196;0.5574669049766534
2023-08-05 12:00:00;0.5374235706535053;0.4503409576133381;0.5229098018134775
2023-08-05 13:00:00;0.35561860727148775;0.30828351714481317;0.3477294255837087
2023-08-05 14:00:00;0.360146879585996;0.3062239729642136;0.35115972848236565
2023-08-05 15:00:00;0.5077724585642965;0.41972259400273426;0.49309748113736956
2023-08-05 16:00:00;0.25959422373222535;0.21910636950472387;0.2528462480276418
2023-08-05 17:00:00;0.19880252545261437;0.1628056141157651;0.19280304022980618
2023-08-05 18:00:00;0.10769834834846306;0.0966055361494183;0.10584954631528894
2023-08-05 19:00:00;0.07225452913659094;0.07182990790725662;0.0721837589317019
2023-08-05 20:00:00;0.03711337054548423;0.03711337054548423;0.03711337054548423
2023-08-05 21:00:00;0.027039857932996465;0.027039857932996465;0.027039857932996465
2023-08-05 22:00:00;0.03550886760885155;0.03550886760885155;0.03550886760885155
2023-08-05 23:00:00;0.03850902298430191;0.03850902298430191;0.03850902298430191
2023-08-06 00:00:00;0.040242603702561816;0.040242603702561816;0.040242603702561816
2023-08-06 01:00:00;0.0460654892220672;0.0460654892220672;0.0460654892220672
2023-08-06 02:00:00;0.04803309850709496;0.04803309850709496;0.04803309850709496
2023-08-06 03:00:00;0.0443256871889578;0.0443256871889578;0.0443256871889578
2023-08-06 04:00:00;0.030965898000408148;0.03029838257792578;0.030854645429994422
2023-08-06 05:00:00;0.07014359377243992;0.05802256525863838;0.068123422353473
2023-08-06 06:00:00;0.16799485832454136;0.13588526969616951;0.16264326021981274
2023-08-06 07:00:00;0.2709189626637531;0.22333261131750537;0.2629879041060451
2023-08-06 08:00:00;0.40331607036609635;0.33151799381041874;0.39134972427348336
2023-08-06 09:00:00;0.5667595831810371;0.4690543678866343;0.5504753806319701
2023-08-06 10:00:00;0.6618004164707538;0.5546338773195335;0.6439393266122171
2023-08-06 11:00:00;0.7390207979690455;0.6155139713095903;0.7184363268591363
2023-08-06 12:00:00;0.7273183952867514;0.6103419668087928;0.7078223238737583
2023-08-06 13:00:00;0.5612055642406996;0.4832964345905678;0.548220709299011
2023-08-06 14:00:00;0.3847298948297525;0.33458323629668;0.37637211840757384
2023-08-06 15:00:00;0.45365959071984685;0.3796778809175115;0.441329305752791
2023-08-06 16:00:00;0.2631869561594751;0.22996066929683928;0.25764924168236925
2023-08-06 17:00:00;0.1700185964850532;0.13986722083804007;0.16499336721055102
2023-08-06 18:00:00;0.07348601185469343;0.06549611142185417;0.07215436178255355
2023-08-06 19:00:00;0.028718493848957766;0.02824320876732898;0.0286392796686863
2023-08-06 20:00:00;0.034563448299711974;0.034563448299711974;0.034563448299711974
2023-08-06 21:00:00;0.0294547421559419;0.0294547421559419;0.0294547421559419
2023-08-06 22:00:00;0.03710232917471859;0.03710232917471859;0.03710232917471859
2023-08-06 23:00:00;0.0304407921678515;0.0304407921678515;0.0304407921678515
2023-08-07 00:00:00;0.029734923725214316;0.029734923725214316;0.029734923725214316
2023-08-07 01:00:00;0.03959765221520023;0.03959765221520023;0.03959765221520023
2023-08-07 02:00:00;0.029965737233521923;0.029965737233521923;0.029965737233521923
2023-08-07 03:00:00;0.02522544673067333;0.02522544673067333;0.02522544673067333
2023-08-07 04:00:00;0.01751039284174954;0.01709213972338932;0.017440683988689504
2023-08-07 05:00:00;0.036927658918097815;0.031172439227445264;0.035968455636322394
2023-08-07 06:00:00;0.07454973495284017;0.06192408100954743;0.07244545929562471
2023-08-07 07:00:00;0.14547431695193797;0.11857108444786615;0.140990444867926
2023-08-07 08:00:00;0.18696790692855075;0.1579068095630303;0.18212439070096403
2023-08-07 09:00:00;0.21274025024164156;0.17889392739372786;0.20709919643365596
2023-08-07 10:00:00;0.23781858550893162;0.200365038024549;0.23157632759486788
2023-08-07 11:00:00;0.21675833240377165;0.18616717942671537;0.21165980690759564
2023-08-07 12:00:00;0.28485005770417093;0.2382231558062506;0.27707890738785096
2023-08-07 13:00:00;0.27828270280876244;0.23594748400819546;0.27122683300866796
2023-08-07 14:00:00;0.21606485462831362;0.18766748142454825;0.2113319590943527
2023-08-07 15:00:00;0.15109092342420002;0.1359227499225425;0.1485628945072571
2023-08-07 16:00:00;0.09758089063976359;0.09068981622767525;0.09643237823774888
2023-08-07 17:00:00;0.08066580540080454;0.07823239720734249;0.08026023736856087
2023-08-07 18:00:00;0.05729686926913933;0.05589038719296125;0.057062455589776316
2023-08-07 19:00:00;0.04064369688982601;0.04064369688982601;0.04064369688982601
2023-08-07 20:00:00;0.033126790079911345;0.033126790079911345;0.033126790079911345
2023-08-07 21:00:00;0.023306150210226;0.023306150210226;0.023306150210226
2023-08-07 22:00:00;0.02311158179064638;0.02311158179064638;0.02311158179064638
2023-08-07 23:00:00;0.025993126644661763;0.025993126644661763;0.025993126644661763
2023-08-08 00:00:00;0.02331887186416867;0.02331887186416867;0.02331887186416867
2023-08-08 01:00:00;0.02116345215255168;0.02116345215255168;0.02116345215255168
2023-08-08 02:00:00;0.022035457053098007;0.022035457053098007;0.022035457053098007
2023-08-08 03:00:00;0.02307715673072178;0.02307715673072178;0.02307715673072178
2023-08-08 04:00:00;0.02084626222684788;0.02084626222684788;0.02084626222684788
2023-08-08 05:00:00;0.02569734192133456;0.024772628935244203;0.025543223090319502
2023-08-08 06:00:00;0.030988460951987127;0.02864791459637408;0.030598369892718292
2023-08-08 07:00:00;0.03620342777924399;0.03294437082226021;0.0356602516197467
2023-08-08 08:00:00;0.04054698994703557;0.036220141170525647;0.03982584848428392
2023-08-08 09:00:00;0.0457881239957297;0.04022329308958294;0.04486065217803857
2023-08-08 10:00:00;0.07142385244183835;0.06072811487601977;0.06964122951420193
2023-08-08 11:00:00;0.08575327664154193;0.07204394983984307;0.08346838884125879
2023-08-08 12:00:00;0.11955461351218456;0.09885901390294259;0.11610534691064424
2023-08-08 13:00:00;0.40939419594990806;0.32888276760938256;0.39597562455982055
2023-08-08 14:00:00;0.29091584711512447;0.2347275628484555;0.28155113307067964
2023-08-08 15:00:00;0.24009577912935523;0.19647424939556796;0.23282552417372404
2023-08-08 16:00:00;0.18409018559536483;0.15465563305718444;0.17918442683900143
2023-08-08 17:00:00;0.1462482460735429;0.12251184872891563;0.14229217984943837
2023-08-08 18:00:00;0.03890848213580848;0.03525743483902525;0.03829997425301128
2023-08-08 19:00:00;0.025283650364010556;0.025283650364010556;0.025283650364010556
2023-08-08 20:00:00;0.027333624674012274;0.027333624674012274;0.027333624674012274
2023-08-08 21:00:00;0.023740033564539253;0.023740033564539253;0.023740033564539253
2023-08-08 22:00:00;0.02272035307490001;0.02272035307490001;0.02272035307490001
2023-08-08 23:00:00;0.05178992803265659;0.05178992803265659;0.05178992803265659
2023-08-09 00:00:00;0.04656440242629153;0.04656440242629153;0.04656440242629153
2023-08-09 01:00:00;0.03667773925777019;0.03667773925777019;0.03667773925777019
2023-08-09 02:00:00;0.032885283353614195;0.032885283353614195;0.032885283353614195
2023-08-09 03:00:00;0.04382818485887541;0.04382818485887541;0.04382818485887541
2023-08-09 04:00:00;0.05014117071070532;0.05014117071070532;0.05014117071070532
2023-08-09 05:00:00;0.04384134545580837;0.03671759746804953;0.04265405412451523
2023-08-09 06:00:00;0.13147122455601454;0.10710625858185892;0.12741039689365527
2023-08-09 07:00:00;0.21847618493819887;0.18092909218637274;0.21221833614622784
2023-08-09 08:00:00;0.2518091864517566;0.20625218386224153;0.24421635268683742
2023-08-09 09:00:00;0.40071835750028517;0.330245713107467;0.3889729167681488
2023-08-09 10:00:00;0.5752456325459455;0.4704926545375803;0.5577868028778846
2023-08-09 11:00:00;0.645090865065461;0.5305326042812939;0.6259978216014332
2023-08-09 12:00:00;0.6496243859591377;0.536455852110474;0.6307629636510271
2023-08-09 13:00:00;0.5426522226439926;0.44429625175321563;0.526259560828863
2023-08-09 14:00:00;0.5137238898495725;0.42698661267652355;0.49926767698739766
2023-08-09 15:00:00;0.4671361226698094;0.3908507578016558;0.4544218951917839
2023-08-09 16:00:00;0.3266476216155703;0.28095722080236435;0.3190325548133694
2023-08-09 17:00:00;0.19838463318509872;0.17210457565570844;0.194004623596867
2023-08-09 18:00:00;0.07645474493669865;0.06642101981117235;0.0747824574157776
2023-08-09 19:00:00;0.04102985298225963;0.04102985298225963;0.04102985298225963
2023-08-09 20:00:00;0.029260174802796964;0.029260174802796964;0.029260174802796964
2023-08-09 21:00:00;0.025784873236190786;0.025784873236190786;0.025784873236190786
2023-08-09 22:00:00;0.020906896347943328;0.020906896347943328;0.020906896347943328
2023-08-09 23:00:00;0.02353331020804671;0.02353331020804671;0.02353331020804671
2023-08-10 00:00:00;0.029446526737472688;0.029446526737472688;0.029446526737472688
2023-08-10 01:00:00;0.02610451922867074;0.02610451922867074;0.02610451922867074
2023-08-10 02:00:00;0.020411385124495193;0.020411385124495193;0.020411385124495193
2023-08-10 03:00:00;0.020956187197399417;0.020956187197399417;0.020956187197399417
2023-08-10 04:00:00;0.01248500648940218;0.0116436084967522;0.012344773490627183
2023-08-10 05:00:00;0.04805227316216311;0.03516277216152102;0.04590402299538944
2023-08-10 06:00:00;0.11430294933532409;0.0898765060545486;0.11023187545519485
2023-08-10 07:00:00;0.18076671795209986;0.14619935701775974;0.17500549112970987
2023-08-10 08:00:00;0.21130115704078742;0.1728301878603504;0.20488932884404792
2023-08-10 09:00:00;0.4519556387922778;0.36631110303392084;0.4376815494992184
2023-08-10 10:00:00;0.628676739505009;0.5072585834370295;0.6084403801603457
2023-08-10 11:00:00;0.6450735984543081;0.5239216569354181;0.6248816082011599
2023-08-10 12:00:00;0.3598729709716645;0.30365221952375043;0.3505028457303454
2023-08-10 13:00:00;0.18753644972393413;0.1661038707432079;0.18396435322714644
2023-08-10 14:00:00;0.10929471164357311;0.10108567272937445;0.10792653849120667
2023-08-10 15:00:00;0.05113484526966251;0.04567622331296344;0.05022507494354601
2023-08-10 16:00:00;0.048782281465209916;0.04365538904636021;0.04792779939540164
2023-08-10 17:00:00;0.04556593421963705;0.04075773941474165;0.04476456841882115
2023-08-10 18:00:00;0.0240953623325375;0.022750490363207563;0.023871217004315843
2023-08-10 19:00:00;0.02081511670156848;0.02081511670156848;0.02081511670156848
2023-08-10 20:00:00;0.0199152231697197;0.0199152231697197;0.0199152231697197
2023-08-10 21:00:00;0.021751902636025656;0.021751902636025656;0.021751902636025656
2023-08-10 22:00:00;0.020789910505141364;0.020789910505141364;0.020789910505141364
2023-08-10 23:00:00;0.020435883227957582;0.020435883227957582;0.020435883227957582
2023-08-11 00:00:00;0.019839944293277706;0.019839944293277706;0.019839944293277706
2023-08-11 01:00:00;0.02003796451951358;0.02003796451951358;0.02003796451951358
2023-08-11 02:00:00;0.019944037500368092;0.019944037500368092;0.019944037500368092
2023-08-11 03:00:00;0.019870903759517108;0.019870903759517108;0.019870903759517108
2023-08-11 04:00:00;0.016601121941238327;0.016208670084765633;0.016535713298492877
2023-08-11 05:00:00;0.034119987461563236;0.02707018461495984;0.032945020320462676
2023-08-11 06:00:00;0.06291490847758023;0.05224913447921055;0.06113727947785196
2023-08-11 07:00:00;0.1657400037666249;0.13428128535514552;0.16049688403137832
2023-08-11 08:00:00;0.2903479898155394;0.23474842786846198;0.2810813961576932
2023-08-11 09:00:00;0.40964369123704475;0.3320032757997981;0.39670362199750375
2023-08-11 10:00:00;0.4242152787132975;0.3501952167086578;0.4118786017125242
2023-08-11 11:00:00;0.35011196712031367;0.2966773972052382;0.34120620546780106
2023-08-11 12:00:00;0.5201174998607889;0.42666442995669934;0.5045419882101073
2023-08-11 13:00:00;0.41716353673739887;0.33990802011848437;0.4042876173009132
2023-08-11 14:00:00;0.36191851863393415;0.2971440302495115;0.3511227705698638
2023-08-11 15:00:00;0.24056530363081716;0.20721891453123195;0.23500757211421966
2023-08-11 16:00:00;0.19850305163221765;0.17331387376528065;0.1943048553210615
2023-08-11 17:00:00;0.18611760452741918;0.15911268096956935;0.18161678393444422
2023-08-11 18:00:00;0.085553022303766;0.07882717523749282;0.08443204779272048
2023-08-11 19:00:00;0.04425832117966174;0.04425832117966174;0.04425832117966174
2023-08-11 20:00:00;0.03308454652934159;0.03308454652934159;0.03308454652934159
2023-08-11 21:00:00;0.05117282164535526;0.05117282164535526;0.05117282164535526
2023-08-11 22:00:00;0.040559233820735556;0.040559233820735556;0.040559233820735556
2023-08-11 23:00:00;0.02539782953432235;0.02539782953432235;0.02539782953432235
2023-08-12 00:00:00;0.026968071687742845;0.026968071687742845;0.026968071687742845
2023-08-12 01:00:00;0.02184600203125772;0.02184600203125772;0.02184600203125772
2023-08-12 02:00:00;0.023650330971564115;0.023650330971564115;0.023650330971564115
2023-08-12 03:00:00;0.020299724101696864;0.020299724101696864;0.020299724101696864
2023-08-12 04:00:00;0.014525367151021196;0.014140648047032117;0.01446124730035635
2023-08-12 05:00:00;0.03415132294834756;0.02569073124686547;0.03274122433143388
2023-08-12 06:00:00;0.09805986063452929;0.0771380057396296;0.09457288481871266
2023-08-12 07:00:00;0.16612516775252348;0.13253746915261544;0.16052721798587216
2023-08-12 08:00:00;0.27300552042786097;0.2188587716135635;0.2639810622921448
2023-08-12 09:00:00;0.3665314791112679;0.29378408240791615;0.3544069129940427
2023-08-12 10:00:00;0.515004806164882;0.4144820398917253;0.4982510117860226
2023-08-12 11:00:00;0.4291620686379692;0.3485346916705328;0.4157241724767298
2023-08-12 12:00:00;0.5313507247149711;0.43177997462202516;0.5147555996994801
2023-08-12 13:00:00;0.4700304829446015;0.3895831349510403;0.45662259161234126
2023-08-12 14:00:00;0.37653334144226824;0.3172622198474512;0.3666548211764654
2023-08-12 15:00:00;0.2853415786010972;0.24261121157282456;0.2782198507630517
2023-08-12 16:00:00;0.19029779152659942;0.16216595873469672;0.185609152727949
2023-08-12 17:00:00;0.09544711262715948;0.08468736451608153;0.09365382127531316
2023-08-12 18:00:00;0.046450335124311945;0.04514322441928124;0.046232483340140164
2023-08-12 19:00:00;0.04572640414742675;0.04572640414742675;0.04572640414742675
2023-08-12 20:00:00;0.03196171265053029;0.03196171265053029;0.03196171265053029
2023-08-12 21:00:00;0.03111308075172622;0.03111308075172622;0.03111308075172622
2023-08-12 22:00:00;0.03165301775968531;0.03165301775968531;0.03165301775968531
2023-08-12 23:00:00;0.031112469351318978;0.031112469351318978;0.031112469351318978
2023-08-13 00:00:00;0.028422275061022524;0.028422275061022524;0.028422275061022524
2023-08-13 01:00:00;0.028422275061022524;0.028422275061022524;0.028422275061022524
2023-08-13 02:00:00;0.02557242228741684;0.02557242228741684;0.02557242228741684
2023-08-13 03:00:00;0.024360671675002627;0.024360671675002627;0.024360671675002627
2023-08-13 04:00:00;0.02557242228741684;0.02557242228741684;0.02557242228741684
2023-08-13 05:00:00;0.03152291606706841;0.02759232330186286;0.030867817272867484
2023-08-13 06:00:00;0.0669311484493332;0.05547564049755966;0.06502189712403762
2023-08-13 07:00:00;0.0888991355125139;0.07356956396272518;0.08634420692088245
2023-08-13 08:00:00;0.11638968716703017;0.0958025240305779;0.1129584933109548
2023-08-13 09:00:00;0.24842721735527248;0.20329854210305323;0.24090577147990264
2023-08-13 10:00:00;0.33572786430070356;0.27636488465639264;0.3258340343599851
2023-08-13 11:00:00;0.43995238956790506;0.36305546781972625;0.4271362359432086
2023-08-13 12:00:00;0.6228188148640657;0.5106293096230322;0.6041205639905601
2023-08-13 13:00:00;0.4741636296475747;0.40096343188863937;0.4619635966877522
2023-08-13 14:00:00;0.5625170606993498;0.467003488617169;0.5465981320189864
2023-08-13 15:00:00;0.4319658007870102;0.3492678081038784;0.4181828020064883
2023-08-13 16:00:00;0.18189290244582088;0.15729311651098793;0.17779293812334873
2023-08-13 17:00:00;0.09290609528591187;0.07372757784265899;0.0897096757120364
2023-08-13 18:00:00;0.03233977770136625;0.025464561240730463;0.031193908291260293
2023-08-13 19:00:00;0.020012526515265836;0.020012526515265836;0.020012526515265836
2023-08-13 20:00:00;0.023716336771032687;0.023716336771032687;0.023716336771032687
2023-08-13 21:00:00;0.0223446081250695;0.0223446081250695;0.0223446081250695
2023-08-13 22:00:00;0.021320354746979412;0.021320354746979412;0.021320354746979412
2023-08-13 23:00:00;0.02331629821160847;0.02331629821160847;0.02331629821160847
2023-08-14 00:00:00;0.02163657670139004;0.02163657670139004;0.02163657670139004
2023-08-14 01:00:00;0.020909812701556348;0.020909812701556348;0.020909812701556348
2023-08-14 02:00:00;0.020004625862404445;0.020004625862404445;0.020004625862404445
2023-08-14 03:00:00;0.020002817075510933;0.020002817075510933;0.020002817075510933
2023-08-14 04:00:00;0.01576339627650047;0.015333418306236737;0.015691733281456514
2023-08-14 05:00:00;0.03364967150585891;0.025402684093436247;0.03227517360378847
2023-08-14 06:00:00;0.07847542584043858;0.06374359736233376;0.07602012109408778
2023-08-14 07:00:00;0.2036708322752878;0.16371387237884946;0.19701133895921477
2023-08-14 08:00:00;0.20246878872536722;0.16675347485121814;0.19651623641300903
2023-08-14 09:00:00;0.19749499513709928;0.16381703417570365;0.19188200164353336
2023-08-14 10:00:00;0.27849980969101784;0.2286246916257816;0.2701872900134785
2023-08-14 11:00:00;0.34152581948123906;0.2818225530440447;0.33157527507504
2023-08-14 12:00:00;0.40955972628388987;0.3364664026902876;0.39737750568495617
2023-08-14 13:00:00;0.39036838452720707;0.32125457450224837;0.37884941618971396
2023-08-14 14:00:00;0.21928402713184703;0.1831688544063692;0.21326483167760074
2023-08-14 15:00:00;0.19398769688933667;0.16183690036244827;0.18862923080152197
2023-08-14 16:00:00;0.16978095430785153;0.13791340359574764;0.16446969585583426
2023-08-14 17:00:00;0.07628678900137578;0.07082526566618307;0.075376535112177
2023-08-14 18:00:00;0.0410512233738787;0.03488524593237561;0.04002356046696152
2023-08-14 19:00:00;0.03449301275822177;0.03449301275822177;0.03449301275822177
2023-08-14 20:00:00;0.023951246062965184;0.023951246062965184;0.023951246062965184
2023-08-14 21:00:00;0.021513383037934788;0.021513383037934788;0.021513383037934788
2023-08-14 22:00:00;0.02128991360508675;0.02128991360508675;0.02128991360508675
2023-08-14 23:00:00;0.025090644613465204;0.025090644613465204;0.025090644613465204
2023-08-15 00:00:00;0.025716188733253535;0.025716188733253535;0.025716188733253535
2023-08-15 01:00:00;0.021159158757032774;0.021159158757032774;0.021159158757032774
2023-08-15 02:00:00;0.020953105650364286;0.020953105650364286;0.020953105650364286
2023-08-15 03:00:00;0.021255769819289103;0.021255769819289103;0.021255769819289103
2023-08-15 04:00:00;0.015740430615023396;0.01534277765528918;0.01567415512173436
2023-08-15 05:00:00;0.03725342102358828;0.02656748534291491;0.03547243174347606
2023-08-15 06:00:00;0.15907918046226444;0.12238849553262748;0.15296406630732495
2023-08-15 07:00:00;0.268959354143774;0.21507757304703073;0.2599790572943168
2023-08-15 08:00:00;0.3971543219889735;0.31950796858713687;0.38421326308866743
2023-08-15 09:00:00;0.5404096538511577;0.4358695308312535;0.5229863000145072
2023-08-15 10:00:00;0.5822444260780198;0.4721538229911837;0.5638959922302138
2023-08-15 11:00:00;0.6264429413115024;0.5037136591367405;0.605988060949042
2023-08-15 12:00:00;0.5344341192855239;0.4324251472087629;0.517432623939397
2023-08-15 13:00:00;0.5606406590142181;0.45975121996411594;0.5438257525058677
2023-08-15 14:00:00;0.5476100594539695;0.43995813269506806;0.5296680716608192
2023-08-15 15:00:00;0.4669964693030151;0.379065466306022;0.4523413021368496
2023-08-15 16:00:00;0.2742321956556741;0.22964566695264277;0.2668011075385022
2023-08-15 17:00:00;0.16481637744269062;0.132892119721792;0.15949566782254085
2023-08-15 18:00:00;0.08145851064309348;0.0741449936581304;0.08023959114559963
2023-08-15 19:00:00;0.046575966072898795;0.046575966072898795;0.046575966072898795
2023-08-15 20:00:00;0.025306757939973907;0.025306757939973907;0.025306757939973907
2023-08-15 21:00:00;0.02191471601206832;0.02191471601206832;0.02191471601206832
2023-08-15 22:00:00;0.022016803609918097;0.022016803609918097;0.022016803609918097
2023-08-15 23:00:00;0.021536866450551428;0.021536866450551428;0.021536866450551428
2023-08-16 00:00:00;0.02224760468921454;0.02224760468921454;0.02224760468921454
2023-08-16 01:00:00;0.01995776100188285;0.01995776100188285;0.01995776100188285
2023-08-16 02:00:00;0.019817355504877267;0.019817355504877267;0.019817355504877267
2023-08-16 03:00:00;0.019204912576994613;0.019204912576994613;0.019204912576994613
2023-08-16 04:00:00;0.014714607387429609;0.014295553743995871;0.014644765113523984
2023-08-16 05:00:00;0.030957288518381355;0.02533175713328884;0.030019699954199272
2023-08-16 06:00:00;0.06683918785903392;0.054300308252645195;0.06474937459130248
2023-08-16 07:00:00;0.1461742451925959;0.11710134523199155;0.14132876186582852
2023-08-16 08:00:00;0.36571030565081736;0.29021245753390795;0.3531273309646658
2023-08-16 09:00:00;0.47034296096499767;0.37533558856648647;0.4545083988985791
2023-08-16 10:00:00;0.5114150753522743;0.4107444677075963;0.494636640744828
2023-08-16 11:00:00;0.4782737019853532;0.38687825421336536;0.46304112735668856
2023-08-16 12:00:00;0.7229518897602527;0.5856841873570388;0.700073939359717
2023-08-16 13:00:00;0.6704293353045082;0.5435527850334331;0.6492832435926625
2023-08-16 14:00:00;0.5473066575600748;0.45578872634079565;0.5320536690235281
2023-08-16 15:00:00;0.3846936756727686;0.3258999005727278;0.3748947131560951
2023-08-16 16:00:00;0.2606165330648146;0.2237156296740672;0.25446638249969
2023-08-16 17:00:00;0.1609565460298569;0.13915851336002888;0.15732354058488557
2023-08-16 18:00:00;0.06989281380332105;0.0635620998252688;0.068837694806979
2023-08-16 19:00:00;0.03412858301462822;0.03412858301462822;0.03412858301462822
2023-08-16 20:00:00;0.022332951226050096;0.022332951226050096;0.022332951226050096
2023-08-16 21:00:00;0.021726208453255666;0.021726208453255666;0.021726208453255666
2023-08-16 22:00:00;0.019825416056561088;0.019825416056561088;0.019825416056561088
2023-08-16 23:00:00;0.020756186498250423;0.020756186498250423;0.020756186498250423
2023-08-17 00:00:00;0.01935218731574006;0.01935218731574006;0.01935218731574006
2023-08-17 01:00:00;0.019420484414126533;0.019420484414126533;0.019420484414126533
2023-08-17 02:00:00;0.019007843808928095;0.019007843808928095;0.019007843808928095
2023-08-17 03:00:00;0.019708740463265078;0.019708740463265078;0.019708740463265078
2023-08-17 04:00:00;0.01905256322359798;0.01905256322359798;0.01905256322359798
2023-08-17 05:00:00;0.03329914210481395;0.02521332038597781;0.031951505151674595
2023-08-17 06:00:00;0.08160936118614777;0.06532960402174295;0.07889606832541364
2023-08-17 07:00:00;0.1358962839062933;0.10912191880511186;0.1314338897227631
2023-08-17 08:00:00;0.23459048709442334;0.18758155290718892;0.2267556647298843
2023-08-17 09:00:00;0.19610933555791085;0.16315510458749696;0.19061696372950857
2023-08-17 10:00:00;0.4026154265647744;0.328348558366897;0.3902376151984615
2023-08-17 11:00:00;0.5254642862050369;0.42975486440714344;0.5095127159053882
2023-08-17 12:00:00;0.2751862428453282;0.23795451131968107;0.26898095425772045
2023-08-17 13:00:00;0.26270655681818833;0.2243120132592242;0.2563074662250277
2023-08-17 14:00:00;0.4674789233080032;0.3817700791555064;0.45319411594925385
2023-08-17 15:00:00;0.23878160221165762;0.19629403626386457;0.23170034122035876
2023-08-17 16:00:00;0.23366611134606266;0.18746872742425108;0.22596654735909405
2023-08-17 17:00:00;0.07694006698012579;0.06252044117612042;0.07453679601279158
2023-08-17 18:00:00;0.03177818505814401;0.029442307200364757;0.03138887208184747
2023-08-17 19:00:00;0.04198124036859836;0.04198124036859836;0.04198124036859836
2023-08-17 20:00:00;0.04457952210076644;0.04457952210076644;0.04457952210076644
2023-08-17 21:00:00;0.05927298318850712;0.05927298318850712;0.05927298318850712
2023-08-17 22:00:00;0.036600237069045714;0.036600237069045714;0.036600237069045714
2023-08-17 23:00:00;0.034067035899496716;0.034067035899496716;0.034067035899496716
2023-08-18 00:00:00;0.025558981948452904;0.025558981948452904;0.025558981948452904
2023-08-18 01:00:00;0.031128835370699093;0.031128835370699093;0.031128835370699093
2023-08-18 02:00:00;0.028468114481931938;0.028468114481931938;0.028468114481931938
2023-08-18 03:00:00;0.031163388500579637;0.031163388500579637;0.031163388500579637
2023-08-18 04:00:00;0.022095558173983523;0.02164213894313742;0.022019988302175837
2023-08-18 05:00:00;0.036593129856096536;0.03496248402463103;0.03632135555085229
2023-08-18 06:00:00;0.058693029605925096;0.05129656420677095;0.05746028537273273
2023-08-18 07:00:00;0.059317045726152304;0.0517217550349898;0.058051163944291904
2023-08-18 08:00:00;0.13064104916030655;0.10706797228363538;0.1267122030141947
2023-08-18 09:00:00;0.14750698159019401;0.1214996667883881;0.14317242912322636
2023-08-18 10:00:00;0.09529277811344028;0.08085730166508642;0.09288686537204797
2023-08-18 11:00:00;0.14614911742100967;0.12234095236415857;0.1421810899115345
2023-08-18 12:00:00;0.21907586846344126;0.18306756776859995;0.21307448501430104
2023-08-18 13:00:00;0.43743264264616716;0.355943126515273;0.4238510566243515
2023-08-18 14:00:00;0.2188602972815105;0.19009585757258066;0.21406622399668893
2023-08-18 15:00:00;0.19643301354414738;0.17053128928133035;0.19211605950034458
2023-08-18 16:00:00;0.24095596241491582;0.1967155579180904;0.23358256166544492
2023-08-18 17:00:00;0.16040952385538004;0.13362716874497466;0.15594579800364583
2023-08-18 18:00:00;0.06241897931869068;0.055960437851520606;0.06134255574082901
2023-08-18 19:00:00;0.038803770884085015;0.038803770884085015;0.038803770884085015
2023-08-18 20:00:00;0.0204876276029064;0.0204876276029064;0.0204876276029064
2023-08-18 21:00:00;0.020158641010895928;0.020158641010895928;0.020158641010895928
2023-08-18 22:00:00;0.02001856922310419;0.02001856922310419;0.02001856922310419
2023-08-18 23:00:00;0.02725422292339015;0.02725422292339015;0.02725422292339015
2023-08-19 00:00:00;0.027024291087812905;0.027024291087812905;0.027024291087812905
2023-08-19 01:00:00;0.021862362200969036;0.021862362200969036;0.021862362200969036
2023-08-19 02:00:00;0.021867921466074188;0.021867921466074188;0.021867921466074188
2023-08-19 03:00:00;0.020400192368776965;0.020400192368776965;0.020400192368776965
2023-08-19 04:00:00;0.019945335779195727;0.019945335779195727;0.019945335779195727
2023-08-19 05:00:00;0.02185851805079944;0.020141870554728554;0.02157241013478763
2023-08-19 06:00:00;0.034440913834982316;0.030473758184660988;0.03377972122659543
2023-08-19 07:00:00;0.17468515892855802;0.13994615430966226;0.1688953248254087
2023-08-19 08:00:00;0.12815902904242055;0.10857633434364161;0.12489524659262405
2023-08-19 09:00:00;0.19071869807373773;0.1587409488642385;0.18538907320548786
2023-08-19 10:00:00;0.18544902871955082;0.1544439799825032;0.18028152059670954
2023-08-19 11:00:00;0.24887553769746693;0.20635270039911646;0.24178839814774186
2023-08-19 12:00:00;0.13603560444722826;0.11686344733850483;0.13284024492910773
2023-08-19 13:00:00;0.08940010468224328;0.07834509938281717;0.08755760379900561
2023-08-19 14:00:00;0.0594717732852939;0.05226073561165539;0.05826993367302082
2023-08-19 15:00:00;0.05679868221131765;0.04979025852047544;0.055630611596177285
2023-08-19 16:00:00;0.07035910967169559;0.05961813792812125;0.06856894771443321
2023-08-19 17:00:00;0.04417091374394889;0.03848274123565163;0.04322288499256602
2023-08-19 18:00:00;0.021114042026540502;0.02016046551593193;0.02095511260810574
2023-08-19 19:00:00;0.022113067453938148;0.022113067453938148;0.022113067453938148
2023-08-19 20:00:00;0.02209315273399522;0.02209315273399522;0.02209315273399522
2023-08-19 21:00:00;0.02177297780416151;0.02177297780416151;0.02177297780416151
2023-08-19 22:00:00;0.019757542482643442;0.019757542482643442;0.019757542482643442
2023-08-19 23:00:00;0.02218325420773805;0.02218325420773805;0.02218325420773805
2023-08-20 00:00:00;0.023058956666713173;0.023058956666713173;0.023058956666713173
2023-08-20 01:00:00;0.03273772962907742;0.03273772962907742;0.03273772962907742
2023-08-20 02:00:00;0.022724458273519002;0.022724458273519002;0.022724458273519002
2023-08-20 03:00:00;0.021385644613595964;0.021385644613595964;0.021385644613595964
2023-08-20 04:00:00;0.022133401920227037;0.022133401920227037;0.022133401920227037
2023-08-20 05:00:00;0.031051763010723914;0.02375052658737167;0.029834890273498543
2023-08-20 06:00:00;0.12719817145545675;0.0994043947069799;0.12256587533071062
2023-08-20 07:00:00;0.23937657169771417;0.1894229999650307;0.2310509764089336
2023-08-20 08:00:00;0.374661465474196;0.30113739174264464;0.36240745318560413
2023-08-20 09:00:00;0.4975167707272805;0.40125924048212985;0.48147384901975543
2023-08-20 10:00:00;0.5862037949801258;0.4769881297335173;0.568001184105691
2023-08-20 11:00:00;0.5939820441670597;0.4859982997657988;0.5759847534335163
2023-08-20 12:00:00;0.5158349406142404;0.42716067779491895;0.5010558968110201
2023-08-20 13:00:00;0.47238714686204375;0.3927671530445347;0.459117147892459
2023-08-20 14:00:00;0.3257999384284478;0.27218710042736166;0.3168644654282668
2023-08-20 15:00:00;0.2819113604062583;0.24662821673824803;0.27603083646159
2023-08-20 16:00:00;0.17597389963169074;0.16164205211904797;0.17358525837958363
2023-08-20 17:00:00;0.10640812058288143;0.10339510744429602;0.10590595172645054
2023-08-20 18:00:00;0.0970551806521298;0.09668825685710211;0.09699402668629185
2023-08-20 19:00:00;0.08345224430132107;0.08345224430132107;0.08345224430132107
2023-08-20 20:00:00;0.07450742395018148;0.07450742395018148;0.07450742395018148
2023-08-20 21:00:00;0.04709705447675247;0.04709705447675247;0.04709705447675247
2023-08-20 22:00:00;0.046165288273398435;0.046165288273398435;0.046165288273398435
2023-08-20 23:00:00;0.04608767678777929;0.04608767678777929;0.04608767678777929
2023-08-21 00:00:00;0.04060078993521737;0.04060078993521737;0.04060078993521737
2023-08-21 01:00:00;0.033317275451745475;0.033317275451745475;0.033317275451745475
2023-08-21 02:00:00;0.03457223033356381;0.03457223033356381;0.03457223033356381
2023-08-21 03:00:00;0.10245512060677373;0.10245512060677373;0.10245512060677373
2023-08-21 04:00:00;0.0781967690703032;0.07787799489028695;0.07814364004030049
2023-08-21 05:00:00;0.06820836526609052;0.06427378950397662;0.06755260263907154
2023-08-21 06:00:00;0.10897260256497049;0.09485657111008908;0.10661993065582359
2023-08-21 07:00:00;0.23096027062126423;0.18831811765647913;0.22385324512713342
2023-08-21 08:00:00;0.35747985149963235;0.2971607524304328;0.3474266683214325
2023-08-21 09:00:00;0.4516754998790219;0.3784093132405279;0.43946446877260614
2023-08-21 10:00:00;0.5638881639508162;0.46365941303353025;0.5471833721312684
2023-08-21 11:00:00;0.5834221544589177;0.4842538975727764;0.5668941116445608
2023-08-21 12:00:00;0.5679300042232838;0.4730450305683339;0.5521158419474589
2023-08-21 13:00:00;0.5906529880942841;0.493278434038363;0.5744238957516306
2023-08-21 14:00:00;0.4100377040657546;0.3561898535821833;0.40106306231849276
2023-08-21 15:00:00;0.25024087584515825;0.2224250356114205;0.24560490247286865
2023-08-21 16:00:00;0.1932489508527332;0.174638452516117;0.19014720112996386
2023-08-21 17:00:00;0.10379204147201858;0.09649891073578022;0.10257651968264553
2023-08-21 18:00:00;0.055170502547050845;0.053512980822309285;0.054894248926260575
2023-08-21 19:00:00;0.06155728467718953;0.06155728467718953;0.06155728467718953
2023-08-21 20:00:00;0.04361167261284343;0.04361167261284343;0.04361167261284343
2023-08-21 21:00:00;0.05334481259679958;0.05334481259679958;0.05334481259679958
2023-08-21 22:00:00;0.042376300165937034;0.042376300165937034;0.042376300165937034
2023-08-21 23:00:00;0.03642844769948148;0.03642844769948148;0.03642844769948148
2023-08-22 00:00:00;0.03976268217102329;0.03976268217102329;0.03976268217102329
2023-08-22 01:00:00;0.044234171455619586;0.044234171455619586;0.044234171455619586
2023-08-22 02:00:00;0.05092054672669108;0.05092054672669108;0.05092054672669108
2023-08-22 03:00:00;0.02653833738933933;0.02653833738933933;0.02653833738933933
2023-08-22 04:00:00;0.021087137111030718;0.021087137111030718;0.021087137111030718
2023-08-22 05:00:00;0.023843455705705043;0.017463442685966862;0.02278012020241535
2023-08-22 06:00:00;0.11287282223120775;0.08933300626031708;0.10894951956939265
2023-08-22 07:00:00;0.2333424345596306;0.19145494930388623;0.22636118701700658
2023-08-22 08:00:00;0.36231553314247145;0.29911952837869255;0.3517828656818416
2023-08-22 09:00:00;0.47224385464059143;0.39036566033782105;0.458597488923463
2023-08-22 10:00:00;0.573386697789526;0.4746985654606291;0.5569386757347099
2023-08-22 11:00:00;0.6091439632397327;0.511854900635988;0.592929119472442
2023-08-22 12:00:00;0.6491095650539012;0.5397437137269138;0.6308819231660701
2023-08-22 13:00:00;0.6325407662371862;0.5242585721928762;0.614493733896468
2023-08-22 14:00:00;0.5507795942219103;0.45734153505580327;0.5352065843608923
2023-08-22 15:00:00;0.4550777175863483;0.3840837334334819;0.44324538689420384
2023-08-22 16:00:00;0.34075577166652443;0.29717311053689943;0.333491994811587
2023-08-22 17:00:00;0.19685840501522123;0.17615259666222105;0.19340743695638785
2023-08-22 18:00:00;0.08052584557214246;0.07724002112839799;0.0799782081648517
2023-08-22 19:00:00;0.05240146199067699;0.05240146199067699;0.05240146199067699
2023-08-22 20:00:00;0.04773498545113157;0.04773498545113157;0.04773498545113157
2023-08-22 21:00:00;0.04273061812720277;0.04273061812720277;0.04273061812720277
2023-08-22 22:00:00;0.033262796886455726;0.033262796886455726;0.033262796886455726
2023-08-22 23:00:00;0.02608872044069869;0.02608872044069869;0.02608872044069869
2023-08-23 00:00:00;0.025167212183243495;0.025167212183243495;0.025167212183243495
2023-08-23 01:00:00;0.024536839910487846;0.024536839910487846;0.024536839910487846
2023-08-23 02:00:00;0.02296863553563789;0.02296863553563789;0.02296863553563789
2023-08-23 03:00:00;0.023279601229441133;0.023279601229441133;0.023279601229441133
2023-08-23 04:00:00;0.022781647417850208;0.022781647417850208;0.022781647417850208
2023-08-23 05:00:00;0.021597662179180712;0.013848990062086154;0.020306216826331623
2023-08-23 06:00:00;0.12242865434091571;0.09398647297293854;0.11768829077958617
2023-08-23 07:00:00;0.25459802130640496;0.2008683637245163;0.2456430783760902
2023-08-23 08:00:00;0.3872104515004207;0.3110870273015309;0.37452321413393913
2023-08-23 09:00:00;0.522457021973458;0.4224753430876652;0.5057934088258259
2023-08-23 10:00:00;0.6137015829736027;0.5039484036195965;0.5954093864146017
2023-08-23 11:00:00;0.6727230628116341;0.551316048317047;0.6524885603958697
2023-08-23 12:00:00;0.6925636250062721;0.5729308364158531;0.6726248269078688
2023-08-23 13:00:00;0.6537608926869054;0.5399215385160999;0.6347876669917714
2023-08-23 14:00:00;0.6078342608313557;0.5152845818218967;0.5924093143297794
2023-08-23 15:00:00;0.3624172451044395;0.31426084540958243;0.35439117848863005
2023-08-23 16:00:00;0.2344983031578683;0.1900592262009562;0.2270917903317163
2023-08-23 17:00:00;0.05928971584597403;0.050953656084479416;0.057900372552391596
2023-08-23 18:00:00;0.044139257214095694;0.04248515625711598;0.04386357372126574
2023-08-23 19:00:00;0.03006556688513723;0.03006556688513723;0.03006556688513723
2023-08-23 20:00:00;0.027504316435180663;0.027504316435180663;0.027504316435180663
2023-08-23 21:00:00;0.032571628161985264;0.032571628161985264;0.032571628161985264
2023-08-23 22:00:00;0.035685699560020726;0.035685699560020726;0.035685699560020726
2023-08-23 23:00:00;0.02742236770437485;0.02742236770437485;0.02742236770437485
2023-08-24 00:00:00;0.021789055443410633;0.021789055443410633;0.021789055443410633
2023-08-24 01:00:00;0.02093808329376459;0.02093808329376459;0.02093808329376459
2023-08-24 02:00:00;0.019835059565300014;0.019835059565300014;0.019835059565300014
2023-08-24 03:00:00;0.020273255998127123;0.020273255998127123;0.020273255998127123
2023-08-24 04:00:00;0.02022133312938934;0.02022133312938934;0.02022133312938934
2023-08-24 05:00:00;0.02135994156068766;0.015941681953405108;0.02045689829280724
2023-08-24 06:00:00;0.10916531712233848;0.08405459791373844;0.10498019725423849
2023-08-24 07:00:00;0.2479905663708578;0.19472097795841278;0.23911230163545033
2023-08-24 08:00:00;0.37348908046303525;0.29791613712529647;0.3608935899067456
2023-08-24 09:00:00;0.4951311097971361;0.39751775824668256;0.4788622178720605
2023-08-24 10:00:00;0.5926813504436209;0.4766506498488691;0.5733429003444954
2023-08-24 11:00:00;0.6641112676398232;0.5362822486944006;0.6428064311489194
2023-08-24 12:00:00;0.6014909787921291;0.48995358080199025;0.5829014124604394
2023-08-24 13:00:00;0.6294800794817855;0.5140804561471245;0.6102468089260088
2023-08-24 14:00:00;0.48775557219793686;0.41277635623410863;0.4752590362039654
2023-08-24 15:00:00;0.30942714219424494;0.2592624312843543;0.30106635704259654
2023-08-24 16:00:00;0.15611354431066723;0.13185041961346539;0.15206969019446692
2023-08-24 17:00:00;0.08615349638176181;0.07703540987894031;0.08463381529795824
2023-08-24 18:00:00;0.04059616623009115;0.0401361462347124;0.04051949623086136
2023-08-24 19:00:00;0.034139829544909885;0.034139829544909885;0.034139829544909885
2023-08-24 20:00:00;0.04432585414159358;0.04432585414159358;0.04432585414159358
2023-08-24 21:00:00;0.0885473303597896;0.0885473303597896;0.0885473303597896
2023-08-24 22:00:00;0.06067043918156117;0.06067043918156117;0.06067043918156117
2023-08-24 23:00:00;0.029371008729235037;0.029371008729235037;0.029371008729235037
2023-08-25 00:00:00;0.026824895385358965;0.026824895385358965;0.026824895385358965
2023-08-25 01:00:00;0.0358269286683969;0.0358269286683969;0.0358269286683969
2023-08-25 02:00:00;0.04257269232555785;0.04257269232555785;0.04257269232555785
2023-08-25 03:00:00;0.02568058636246096;0.02568058636246096;0.02568058636246096
2023-08-25 04:00:00;0.023529119164130308;0.023529119164130308;0.023529119164130308
2023-08-25 05:00:00;0.025518507826876213;0.024876105243832367;0.02541144072970224
2023-08-25 06:00:00;0.03465200201257602;0.031185520855094077;0.0340742551529957
2023-08-25 07:00:00;0.04874532432564187;0.0420257218956729;0.047625390587313715
2023-08-25 08:00:00;0.0674848160512845;0.05730822623060699;0.06578871774783825
2023-08-25 09:00:00;0.09367180360609402;0.07784105470666078;0.09103334545618849
2023-08-25 10:00:00;0.11268404987623355;0.09331837001654197;0.10945643656628495
2023-08-25 11:00:00;0.09907892180685883;0.08330809443942301;0.09645045057895285
2023-08-25 12:00:00;0.14705616406993552;0.12180401940546348;0.1428474732925235
2023-08-25 13:00:00;0.0991391830837347;0.083520668847384;0.09653609737767627
2023-08-25 14:00:00;0.08836254592435273;0.07589405683809142;0.08628446440997585
2023-08-25 15:00:00;0.06955391090186282;0.0592424673697042;0.06783533697983639
2023-08-25 16:00:00;0.06568510680803236;0.056077300053036384;0.0640838056821997
2023-08-25 17:00:00;0.05219478285070913;0.04392805496931056;0.05081699487047604
2023-08-25 18:00:00;0.020010684220371267;0.019187283876290054;0.019873450829691063
2023-08-25 19:00:00;0.0222061978057761;0.0222061978057761;0.0222061978057761
2023-08-25 20:00:00;0.020776487024908818;0.020776487024908818;0.020776487024908818
2023-08-25 21:00:00;0.02153010971663356;0.02153010971663356;0.02153010971663356
2023-08-25 22:00:00;0.021247505599909674;0.021247505599909674;0.021247505599909674
2023-08-25 23:00:00;0.020150010059520062;0.020150010059520062;0.020150010059520062
2023-08-26 00:00:00;0.020720502861909487;0.020720502861909487;0.020720502861909487
2023-08-26 01:00:00;0.02057915011439852;0.02057915011439852;0.02057915011439852
2023-08-26 02:00:00;0.020283013992788347;0.020283013992788347;0.020283013992788347
2023-08-26 03:00:00;0.020150475920762002;0.020150475920762002;0.020150475920762002
2023-08-26 04:00:00;0.02152762158084111;0.02152762158084111;0.02152762158084111
2023-08-26 05:00:00;0.02048477703149973;0.01959133887487463;0.02033587067206221
2023-08-26 06:00:00;0.053434999442713314;0.04403721552607177;0.05186870212327306
2023-08-26 07:00:00;0.10336734765670967;0.08369267385149035;0.10008823535583979
2023-08-26 08:00:00;0.12728705752951722;0.1041356049254341;0.12342848209550338
2023-08-26 09:00:00;0.1263013925422618;0.10366479784055019;0.1225286267586432
2023-08-26 10:00:00;0.2865953953609261;0.23045604115045318;0.2772388363258473
2023-08-26 11:00:00;0.4356240440446391;0.348953771302167;0.42117899858756047
2023-08-26 12:00:00;0.4444701465284987;0.35684247376745887;0.42986553440165876
2023-08-26 13:00:00;0.4010405051187888;0.3213353108296222;0.3877563060705944
2023-08-26 14:00:00;0.26328201676625085;0.22135168250699386;0.2562936277230414
2023-08-26 15:00:00;0.265626445184716;0.22148218936964217;0.25826906921553705
2023-08-26 16:00:00;0.18484908083125104;0.16035572191022796;0.18076685434441386
2023-08-26 17:00:00;0.105146236902276;0.09469628117548325;0.10340457761447722
2023-08-26 18:00:00;0.06244370582834557;0.061353177358110765;0.062261951083306434
2023-08-26 19:00:00;0.058168451489626835;0.058168451489626835;0.058168451489626835
2023-08-26 20:00:00;0.05413834634046571;0.05413834634046571;0.05413834634046571
2023-08-26 21:00:00;0.04707170102761631;0.04707170102761631;0.04707170102761631
2023-08-26 22:00:00;0.04092230366872908;0.04092230366872908;0.04092230366872908
2023-08-26 23:00:00;0.04695439807639117;0.04695439807639117;0.04695439807639117
2023-08-27 00:00:00;0.052852281240803455;0.052852281240803455;0.052852281240803455
2023-08-27 01:00:00;0.04372098218456611;0.04372098218456611;0.04372098218456611
2023-08-27 02:00:00;0.04462896755422033;0.04462896755422033;0.04462896755422033
2023-08-27 03:00:00;0.0369620903383373;0.0369620903383373;0.0369620903383373
2023-08-27 04:00:00;0.04059106439989109;0.04059106439989109;0.04059106439989109
2023-08-27 05:00:00;0.03363669593836481;0.030990979065813606;0.03319574312627295
2023-08-27 06:00:00;0.06866694181752052;0.05982164042018657;0.06719272491796487
2023-08-27 07:00:00;0.1246175764433507;0.10671976445875897;0.1216346077792521
2023-08-27 08:00:00;0.3272461472847733;0.2640463845824723;0.31671285350105655
2023-08-27 09:00:00;0.4532941416690155;0.373860881343106;0.4400552649480306
2023-08-27 10:00:00;0.5194117983101435;0.43203089861855715;0.5048483150282125
2023-08-27 11:00:00;0.6019105224272516;0.49630575100067814;0.5843097271894894
2023-08-27 12:00:00;0.5986575908482483;0.4936444659657775;0.5811554033678364
2023-08-27 13:00:00;0.5572361091247088;0.46145093053988495;0.541271912693905
2023-08-27 14:00:00;0.5295719826295372;0.43520143209123563;0.5138435575398203
2023-08-27 15:00:00;0.41792023691993596;0.345188021406023;0.40579820100095054
2023-08-27 16:00:00;0.31624163656589904;0.271679440030565;0.30881460381001
2023-08-27 17:00:00;0.17045955827587098;0.14817472773760698;0.166745419852827
2023-08-27 18:00:00;0.04448413763285016;0.0426929066185837;0.04418559913047241
2023-08-27 19:00:00;0.04013962585939279;0.04013962585939279;0.04013962585939279
2023-08-27 20:00:00;0.025704351231259342;0.025704351231259342;0.025704351231259342
2023-08-27 21:00:00;0.024251199984103564;0.024251199984103564;0.024251199984103564
2023-08-27 22:00:00;0.031943381717026355;0.031943381717026355;0.031943381717026355
2023-08-27 23:00:00;0.025956211768878485;0.025956211768878485;0.025956211768878485
2023-08-28 00:00:00;0.026935073003722644;0.026935073003722644;0.026935073003722644
2023-08-28 01:00:00;0.021063522043168973;0.021063522043168973;0.021063522043168973
2023-08-28 02:00:00;0.020752997051206826;0.020752997051206826;0.020752997051206826
2023-08-28 03:00:00;0.020505275086782043;0.020505275086782043;0.020505275086782043
2023-08-28 04:00:00;0.02156444482006593;0.02156444482006593;0.02156444482006593
2023-08-28 05:00:00;0.01411038751043262;0.008795269544439308;0.013224534516100402
2023-08-28 06:00:00;0.10486563930459213;0.07956718087592117;0.10064922956648031
2023-08-28 07:00:00;0.22199881979038666;0.1744846287527013;0.21407978795077248
2023-08-28 08:00:00;0.3698180139589658;0.29301939317229886;0.3570182438278547
2023-08-28 09:00:00;0.4986903796775939;0.40003654028907776;0.4822480731128413
2023-08-28 10:00:00;0.5663029887403004;0.4610176747404284;0.5487554364069884
2023-08-28 11:00:00;0.6275061646099804;0.5152873641166138;0.6088030311944194
2023-08-28 12:00:00;0.6257799467097797;0.5208827261397213;0.60829707661477
2023-08-28 13:00:00;0.6230392167460341;0.5163371141231181;0.6052555329755482
2023-08-28 14:00:00;0.5398280744921831;0.4507967982548214;0.5249895284526227
2023-08-28 15:00:00;0.4294954334254764;0.3631294304166377;0.41843443292400334
2023-08-28 16:00:00;0.31369083754146676;0.2738228012732934;0.3070461648301046
2023-08-28 17:00:00;0.1835944296486485;0.16494530386973466;0.18048624201882954
2023-08-28 18:00:00;0.05584610361900664;0.05415072175293889;0.05556353997466201
2023-08-28 19:00:00;0.03195019270470283;0.03195019270470283;0.03195019270470283
2023-08-28 20:00:00;0.02435228656488699;0.02435228656488699;0.02435228656488699
2023-08-28 21:00:00;0.02425309342703112;0.02425309342703112;0.02425309342703112
2023-08-28 22:00:00;0.024070456861711855;0.024070456861711855;0.024070456861711855
2023-08-28 23:00:00;0.022457382714666428;0.022457382714666428;0.022457382714666428
2023-08-29 00:00:00;0.02312413870921529;0.02312413870921529;0.02312413870921529
2023-08-29 01:00:00;0.023175747943089707;0.023175747943089707;0.023175747943089707
2023-08-29 02:00:00;0.022876786135999375;0.022876786135999375;0.022876786135999375
2023-08-29 03:00:00;0.020286759199130297;0.020286759199130297;0.020286759199130297
2023-08-29 04:00:00;0.01970674269052373;0.01970674269052373;0.01970674269052373
2023-08-29 05:00:00;0.01717122279242622;0.015356434097405058;0.01686875800992269
2023-08-29 06:00:00;0.05545458371950558;0.04487574486592447;0.053691443910575405
2023-08-29 07:00:00;0.10168110753967435;0.0819473204524605;0.09839214302513873
2023-08-29 08:00:00;0.13323065187846572;0.1076055295446116;0.12895979815615674
2023-08-29 09:00:00;0.22152132905267166;0.1779842515052964;0.21426514946144246
2023-08-29 10:00:00;0.4029528001573082;0.32254275345060285;0.38955112570619077
2023-08-29 11:00:00;0.5326258007616361;0.4286212516475891;0.5152917092426283
2023-08-29 12:00:00;0.5713450282996386;0.4648142725371212;0.5535899023392191
2023-08-29 13:00:00;0.5711411691004802;0.47031076540916633;0.5543361018185946
2023-08-29 14:00:00;0.4825031783644002;0.40483899187308375;0.46955914728251424
2023-08-29 15:00:00;0.3885060406202879;0.32360612918298665;0.3776893887140711
2023-08-29 16:00:00;0.27275760793046694;0.22966082814601702;0.2655748112997253
2023-08-29 17:00:00;0.13532305871613165;0.11349253781169216;0.13168463856539173
2023-08-29 18:00:00;0.03257416329222919;0.030380242055700828;0.0322085097528078
2023-08-29 19:00:00;0.028966538498043586;0.028966538498043586;0.028966538498043586
2023-08-29 20:00:00;0.04057725086656157;0.04057725086656157;0.04057725086656157
2023-08-29 21:00:00;0.03502703881066971;0.03502703881066971;0.03502703881066971
2023-08-29 22:00:00;0.02180177144817299;0.02180177144817299;0.02180177144817299
2023-08-29 23:00:00;0.020211761448985233;0.020211761448985233;0.020211761448985233
2023-08-30 00:00:00;0.020160943980749458;0.020160943980749458;0.020160943980749458
2023-08-30 01:00:00;0.0197597791277206;0.0197597791277206;0.0197597791277206
2023-08-30 02:00:00;0.02100411798656164;0.02100411798656164;0.02100411798656164
2023-08-30 03:00:00;0.02001643314163335;0.02001643314163335;0.02001643314163335
2023-08-30 04:00:00;0.019945091162388098;0.019945091162388098;0.019945091162388098
2023-08-30 05:00:00;0.018022719727816945;0.013379562132864547;0.017248860128658214
2023-08-30 06:00:00;0.04036703616977946;0.035301990264074025;0.039522861852161896
2023-08-30 07:00:00;0.03662245773444318;0.03303447549038212;0.036024460693766344
2023-08-30 08:00:00;0.06706122353084489;0.05723202958804507;0.06542302454037825
2023-08-30 09:00:00;0.08835983342591336;0.07375513838589437;0.0859257175859102
2023-08-30 10:00:00;0.18444870860173976;0.1506985034714381;0.17882367441335617
2023-08-30 11:00:00;0.19201133959026376;0.15823785536188517;0.18638242555220066
2023-08-30 12:00:00;0.2643802310735254;0.2173348533100799;0.2565393347796178
2023-08-30 13:00:00;0.24445463329054362;0.2035659129386771;0.23763984656523254
2023-08-30 14:00:00;0.30155290611514457;0.25193350529511455;0.29328300597847295
2023-08-30 15:00:00;0.16420238379927052;0.144925541834476;0.16098957680513812
2023-08-30 16:00:00;0.11667063229284179;0.11108039897800992;0.11573892674036981
2023-08-30 17:00:00;0.08186396619545301;0.0735195057386049;0.08047322278597832
2023-08-30 18:00:00;0.04443956857999137;0.043156658656739955;0.04422575025944947
2023-08-30 19:00:00;0.06116879304116589;0.06116879304116589;0.06116879304116589
2023-08-30 20:00:00;0.050765502115222176;0.050765502115222176;0.050765502115222176
2023-08-30 21:00:00;0.0345856568112066;0.0345856568112066;0.0345856568112066
2023-08-30 22:00:00;0.0362832000672749;0.0362832000672749;0.0362832000672749
2023-08-30 23:00:00;0.04276673041587711;0.04276673041587711;0.04276673041587711
2023-08-31 00:00:00;0.04224046285360777;0.04224046285360777;0.04224046285360777
2023-08-31 01:00:00;0.029507960137996312;0.029507960137996312;0.029507960137996312
2023-08-31 02:00:00;0.0369812008901595;0.0369812008901595;0.0369812008901595
2023-08-31 03:00:00;0.03886054375088528;0.03886054375088528;0.03886054375088528
2023-08-31 04:00:00;0.039752851235725827;0.039752851235725827;0.039752851235725827
2023-08-31 05:00:00;0.031449884169506885;0.02835086959643651;0.030933381740661823
2023-08-31 06:00:00;0.09723643627896884;0.08021738865627477;0.09439992834185318
2023-08-31 07:00:00;0.20457336687543376;0.16860114957625194;0.19857799732557013
2023-08-31 08:00:00;0.3182887361671514;0.2636278727973775;0.30917859227218913
2023-08-31 09:00:00;0.43820629882259005;0.3592393164249888;0.42504513508965647
2023-08-31 10:00:00;0.5181567492561918;0.43213775033838964;0.5038202494365581
2023-08-31 11:00:00;0.566857809950663;0.47423998548484786;0.5514215058730272
2023-08-31 12:00:00;0.46045164354847457;0.3858228521496294;0.4480135116486671
2023-08-31 13:00:00;0.33014735219038843;0.28276102312172485;0.3222496306789446
2023-08-31 14:00:00;0.41459726295121685;0.34845824023669053;0.40357409249879583
2023-08-31 15:00:00;0.42501661543710156;0.3580677559102506;0.4138584721826264
2023-08-31 16:00:00;0.27966168132375246;0.2373948052729217;0.27261720198194733
2023-08-31 17:00:00;0.1335903915562277;0.11615082398783366;0.13068379696149535
2023-08-31 18:00:00;0.033287842985418814;0.03195737674384112;0.03306609861182253
2023-08-31 19:00:00;0.0261420557171601;0.0261420557171601;0.0261420557171601
2023-08-31 20:00:00;0.02484678242642952;0.02484678242642952;0.02484678242642952
2023-08-31 21:00:00;0.023801513136200464;0.023801513136200464;0.023801513136200464
2023-08-31 22:00:00;0.02379608654680359;0.02379608654680359;0.02379608654680359
2023-08-31 23:00:00;0.023321919435663828;0.023321919435663828;0.023321919435663828
2023-09-01 00:00:00;0.023705029879832574;0.023705029879832574;0.023705029879832574
2023-09-01 01:00:00;0.029330906420717857;0.029330906420717857;0.029330906420717857
2023-09-01 02:00:00;0.0323455868664044;0.0323455868664044;0.0323455868664044
2023-09-01 03:00:00;0.02846755021238298;0.02846755021238298;0.02846755021238298
2023-09-01 04:00:00;0.02285791620316236;0.02285791620316236;0.02285791620316236
2023-09-01 05:00:00;0.013337814609000109;0.009714854705653728;0.01273398795844238
2023-09-01 06:00:00;0.09276455106072683;0.07054396723115347;0.0890611204224646
2023-09-01 07:00:00;0.1987897498471036;0.15803154560710392;0.19199671580710367
2023-09-01 08:00:00;0.3403448251412555;0.2717759367098703;0.328916677069358
2023-09-01 09:00:00;0.4749605878684543;0.3781806306786426;0.4588305950034858
2023-09-01 10:00:00;0.5295228452399462;0.4288582277122742;0.5127454089853342
2023-09-01 11:00:00;0.5611278950325468;0.4610881187866432;0.5444545989915629
2023-09-01 12:00:00;0.5794418956447231;0.47636004348985533;0.5622615869522452
2023-09-01 13:00:00;0.5420633166305915;0.45311964657538034;0.5272393716213896
2023-09-01 14:00:00;0.4514994964721951;0.3818000331685488;0.43988291925492073
2023-09-01 15:00:00;0.3681681081235047;0.31591960375659933;0.35946002406235383
2023-09-01 16:00:00;0.25088189104593567;0.2195754000492969;0.24566414254649588
2023-09-01 17:00:00;0.15860584011569923;0.1481626951783177;0.15686531595946898
2023-09-01 18:00:00;0.0727804657297558;0.07199332689054216;0.0726492759232202
2023-09-01 19:00:00;0.06400851866823108;0.06400851866823108;0.06400851866823108
2023-09-01 20:00:00;0.040333052586667154;0.040333052586667154;0.040333052586667154
2023-09-01 21:00:00;0.03967286077233527;0.03967286077233527;0.03967286077233527
2023-09-01 22:00:00;0.03420413986942257;0.03420413986942257;0.03420413986942257
2023-09-01 23:00:00;0.026440100813705465;0.026440100813705465;0.026440100813705465
2023-09-02 00:00:00;0.020674128006024653;0.020674128006024653;0.020674128006024653
2023-09-02 01:00:00;0.019529544940124606;0.019529544940124606;0.019529544940124606
2023-09-02 02:00:00;0.02042461345412604;0.02042461345412604;0.02042461345412604
2023-09-02 03:00:00;0.01961613513579366;0.01961613513579366;0.01961613513579366
2023-09-02 04:00:00;0.018792082800202912;0.018792082800202912;0.018792082800202912
2023-09-02 05:00:00;0.01620139814904829;0.014830988249018972;0.015972996499043404
2023-09-02 06:00:00;0.07568522749042599;0.05790878393507483;0.07272248689786746
2023-09-02 07:00:00;0.16909973406538045;0.13242517110976434;0.16298730690611116
2023-09-02 08:00:00;0.21046712493622904;0.17227617766527262;0.20410196705773634
2023-09-02 09:00:00;0.30713073964292203;0.2547229855716309;0.2983961139643735
2023-09-02 10:00:00;0.4768720352278734;0.3936402892898005;0.463000077571528
2023-09-02 11:00:00;0.43489106962693364;0.36602765252420294;0.4234138334431452
2023-09-02 12:00:00;0.29599559067307724;0.26029720849139987;0.2900458603094644
2023-09-02 13:00:00;0.44591269792421107;0.37680873766114875;0.4343953712137007
2023-09-02 14:00:00;0.45948750322316567;0.39451695595193514;0.4486590786779606
2023-09-02 15:00:00;0.36917012228620216;0.32546901043389664;0.36188660364415126
2023-09-02 16:00:00;0.2437305787063159;0.22215671074699983;0.24013493404642988
2023-09-02 17:00:00;0.1454856583811039;0.13406929638932402;0.1435829313824739
2023-09-02 18:00:00;0.08576148093042044;0.08465153254572652;0.08557648953297144
2023-09-02 19:00:00;0.09284770287548065;0.09284770287548065;0.09284770287548065
2023-09-02 20:00:00;0.09144127954703017;0.09144127954703017;0.09144127954703017
2023-09-02 21:00:00;0.07144708101821236;0.07144708101821236;0.07144708101821236
2023-09-02 22:00:00;0.06038404213423218;0.06038404213423218;0.06038404213423218
2023-09-02 23:00:00;0.044061557189876414;0.044061557189876414;0.044061557189876414
2023-09-03 00:00:00;0.03810124991143819;0.03810124991143819;0.03810124991143819
2023-09-03 01:00:00;0.036135799251068405;0.036135799251068405;0.036135799251068405
2023-09-03 02:00:00;0.03431853337018058;0.03431853337018058;0.03431853337018058
2023-09-03 03:00:00;0.029590234012513865;0.029590234012513865;0.029590234012513865
2023-09-03 04:00:00;0.021803608034673044;0.021803608034673044;0.021803608034673044
2023-09-03 05:00:00;0.01684138340412202;0.015212770104066412;0.016569947854112747
2023-09-03 06:00:00;0.06693898235052224;0.05301690625993782;0.06461863633542485
2023-09-03 07:00:00;0.11730860083972391;0.09552783008634716;0.11367847238082779
2023-09-03 08:00:00;0.34178834500981525;0.2734661635161515;0.3304013147608713
2023-09-03 09:00:00;0.4900718398286266;0.3967040289374962;0.47451053801343834
2023-09-03 10:00:00;0.5777146396616002;0.4709946870414812;0.5599279808915804
2023-09-03 11:00:00;0.6139093847352219;0.5049506630751396;0.595749597791875
2023-09-03 12:00:00;0.544494837863822;0.45120588458026845;0.5289466789832299
2023-09-03 13:00:00;0.5469830866127791;0.45606271584101554;0.5318296914841518
2023-09-03 14:00:00;0.5013338090582018;0.418811215268363;0.487580043426562
2023-09-03 15:00:00;0.3675750131960982;0.30846058070833626;0.35772260778147125
2023-09-03 16:00:00;0.2529857948309617;0.21685165656446423;0.24696343845321214
2023-09-03 17:00:00;0.13192017496307812;0.11864311892291167;0.129707332289717
2023-09-03 18:00:00;0.057487573430079465;0.05704073646755617;0.05741310060299225
2023-09-03 19:00:00;0.03672102112804217;0.03672102112804217;0.03672102112804217
2023-09-03 20:00:00;0.040704481717124326;0.040704481717124326;0.040704481717124326
2023-09-03 21:00:00;0.02636933642539967;0.02636933642539967;0.02636933642539967
2023-09-03 22:00:00;0.020304420314279432;0.020304420314279432;0.020304420314279432
2023-09-03 23:00:00;0.01982582007467283;0.01982582007467283;0.01982582007467283
2023-09-04 00:00:00;0.01969544863133781;0.01969544863133781;0.01969544863133781
2023-09-04 01:00:00;0.019637985377009812;0.019637985377009812;0.019637985377009812
2023-09-04 02:00:00;0.019433266703360673;0.019433266703360673;0.019433266703360673
2023-09-04 03:00:00;0.019801446625384325;0.019801446625384325;0.019801446625384325
2023-09-04 04:00:00;0.01965823703744326;0.01965823703744326;0.01965823703744326
2023-09-04 05:00:00;0.013603015706016866;0.011369133913549179;0.01323070207393892
2023-09-04 06:00:00;0.06560892188916181;0.05194063010137898;0.06333087325786468
2023-09-04 07:00:00;0.11551508763103677;0.09265777144837369;0.11170553493392626
2023-09-04 08:00:00;0.32430584393429646;0.2567408929657826;0.31304501877287755
2023-09-04 09:00:00;0.4639250901063553;0.36862705852340727;0.4480420848425306
2023-09-04 10:00:00;0.5672753430499797;0.454243377576817;0.548436682137786
2023-09-04 11:00:00;0.6569317813678192;0.5270883448007677;0.6352912086066439
2023-09-04 12:00:00;0.6351243149928631;0.522655826674912;0.6163795669398714
2023-09-04 13:00:00;0.6222832898356055;0.5106146124546099;0.6036718436054397
2023-09-04 14:00:00;0.5281431473453008;0.439310462220322;0.513337699824471
2023-09-04 15:00:00;0.39816854816975356;0.32597955450996163;0.386137049226455
2023-09-04 16:00:00;0.26938727539157226;0.2301403932091516;0.26284612836116883
2023-09-04 17:00:00;0.10963882751566627;0.0947324026230025;0.10715442336688898
2023-09-04 18:00:00;0.05755230005591299;0.05661819786013038;0.05739661635661588
2023-09-04 19:00:00;0.04809205939497666;0.04809205939497666;0.04809205939497666
2023-09-04 20:00:00;0.021527698877305372;0.021527698877305372;0.021527698877305372
2023-09-04 21:00:00;0.022840395245284778;0.022840395245284778;0.022840395245284778
2023-09-04 22:00:00;0.020008387442600133;0.020008387442600133;0.020008387442600133
2023-09-04 23:00:00;0.020725837873946436;0.020725837873946436;0.020725837873946436
2023-09-05 00:00:00;0.018455656090553586;0.018455656090553586;0.018455656090553586
2023-09-05 01:00:00;0.01870096235514542;0.01870096235514542;0.01870096235514542
2023-09-05 02:00:00;0.01967070714659747;0.01967070714659747;0.01967070714659747
2023-09-05 03:00:00;0.019066204135350373;0.019066204135350373;0.019066204135350373
2023-09-05 04:00:00;0.019166037675339014;0.019166037675339014;0.019166037675339014
2023-09-05 05:00:00;0.012693197321259356;0.0104291430034598;0.01231585493495943
2023-09-05 06:00:00;0.05792752464763386;0.04677483898337844;0.05606874370359129
2023-09-05 07:00:00;0.14705597606661752;0.11929203779581604;0.14242865302148394
2023-09-05 08:00:00;0.39858008234032993;0.3192485561324791;0.3853581613056881
2023-09-05 09:00:00;0.5323966996650368;0.42819009338566305;0.5150289319518079
2023-09-05 10:00:00;0.5998301332373172;0.48439285495552564;0.5805905868570187
2023-09-05 11:00:00;0.6926303985399701;0.5643381892677801;0.6712483636612718
2023-09-05 12:00:00;0.7052479031082368;0.5731382234687558;0.6832296231683234
2023-09-05 13:00:00;0.6443596313813642;0.5290030772264767;0.6251335390222162
2023-09-05 14:00:00;0.559351468799439;0.462200422857365;0.5431596278090934
2023-09-05 15:00:00;0.41868982538538196;0.34751184761993403;0.40682682909114065
2023-09-05 16:00:00;0.2902697467750694;0.2510830035134422;0.28373862289813157
2023-09-05 17:00:00;0.14224430430843787;0.12823879645296382;0.13991005299919218
2023-09-05 18:00:00;0.06694977411038175;0.06596204998269813;0.06678515342243449
2023-09-05 19:00:00;0.04636486969474569;0.04636486969474569;0.04636486969474569
2023-09-05 20:00:00;0.018058812735364565;0.018058812735364565;0.018058812735364565
2023-09-05 21:00:00;0.018135826620283763;0.018135826620283763;0.018135826620283763
2023-09-05 22:00:00;0.022174191990704594;0.022174191990704594;0.022174191990704594
2023-09-05 23:00:00;0.020577646517086556;0.020577646517086556;0.020577646517086556
2023-09-06 00:00:00;0.01936028301111951;0.01936028301111951;0.01936028301111951
2023-09-06 01:00:00;0.019220081800373996;0.019220081800373996;0.019220081800373996
2023-09-06 02:00:00;0.018464132388267135;0.018464132388267135;0.018464132388267135
2023-09-06 03:00:00;0.01844345381042462;0.01844345381042462;0.01844345381042462
2023-09-06 04:00:00;0.019591232148706166;0.019591232148706166;0.019591232148706166
2023-09-06 05:00:00;0.01461027680507769;0.013205865990488244;0.01437620833597945
2023-09-06 06:00:00;0.041343086906735875;0.03497432928714887;0.04028162730347138
2023-09-06 07:00:00;0.10140419305073885;0.082158518817807;0.09819658067858354
2023-09-06 08:00:00;0.19212072267908428;0.1543351588142841;0.18582312870161763
2023-09-06 09:00:00;0.40807564910768884;0.3290243302079993;0.394900429291074
2023-09-06 10:00:00;0.6027059265506011;0.4844162359852806;0.5829909781230477
2023-09-06 11:00:00;0.6505770871647202;0.5303211739454116;0.6305344349615022
2023-09-06 12:00:00;0.663375028391915;0.5458702027793801;0.6437908907898259
2023-09-06 13:00:00;0.6300715961415151;0.520093618661091;0.6117419332281111
2023-09-06 14:00:00;0.528726279798986;0.4440344388862082;0.5146109729801898
2023-09-06 15:00:00;0.37144092862489525;0.3202147360307764;0.36290322985920875
2023-09-06 16:00:00;0.29998514530971104;0.25844423010442685;0.29306165944216367
2023-09-06 17:00:00;0.14171763271180443;0.12890670370068666;0.13958247787661812
2023-09-06 18:00:00;0.07339936939271541;0.07292792853242283;0.07332079591599998
2023-09-06 19:00:00;0.0546510485877239;0.0546510485877239;0.0546510485877239
2023-09-06 20:00:00;0.023743294097864697;0.023743294097864697;0.023743294097864697
2023-09-06 21:00:00;0.019107289691289508;0.019107289691289508;0.019107289691289508
2023-09-06 22:00:00;0.021308076873270392;0.021308076873270392;0.021308076873270392
2023-09-06 23:00:00;0.020457445034371517;0.020457445034371517;0.020457445034371517
2023-09-07 00:00:00;0.017931581064303856;0.017931581064303856;0.017931581064303856
2023-09-07 01:00:00;0.019138605210256662;0.019138605210256662;0.019138605210256662
2023-09-07 02:00:00;0.018405193839969018;0.018405193839969018;0.018405193839969018
2023-09-07 03:00:00;0.018843236566176785;0.018843236566176785;0.018843236566176785
2023-09-07 04:00:00;0.018494942226465354;0.018494942226465354;0.018494942226465354
2023-09-07 05:00:00;0.011273290943185695;0.009253485043088434;0.010936656626502816
2023-09-07 06:00:00;0.09293688111629467;0.07203860995970936;0.08945383592353047
2023-09-07 07:00:00;0.20154605558555902;0.15893395265121063;0.1944440384298343
2023-09-07 08:00:00;0.3521899648658456;0.27939291227622387;0.3400571227675753
2023-09-07 09:00:00;0.45060827860875646;0.36443217678053313;0.43624559497071924
2023-09-07 10:00:00;0.5638012212785516;0.4679674580128189;0.5478289274009296
2023-09-07 11:00:00;0.629412620873896;0.5260957691470883;0.6121931455860948
2023-09-07 12:00:00;0.6008298156063829;0.5099058073835776;0.5856758142359154
2023-09-07 13:00:00;0.6651373039794944;0.5700559128807204;0.6492904054630321
2023-09-07 14:00:00;0.504336435691208;0.4313895761577058;0.49217862576895766
2023-09-07 15:00:00;0.3941138417590696;0.34305314908091167;0.38560372631270995
2023-09-07 16:00:00;0.18947702792003962;0.1752674715500566;0.18710876852504246
2023-09-07 17:00:00;0.13394132112997065;0.12606681897995425;0.13262890410496792
2023-09-07 18:00:00;0.08284517198587014;0.08196729823682508;0.08269885969436262
2023-09-07 19:00:00;0.07472483380094785;0.07472483380094785;0.07472483380094785
2023-09-07 20:00:00;0.05764551583882187;0.05764551583882187;0.05764551583882187
2023-09-07 21:00:00;0.05480601016644273;0.05480601016644273;0.05480601016644273
2023-09-07 22:00:00;0.03898820264047826;0.03898820264047826;0.03898820264047826
2023-09-07 23:00:00;0.033825639788441844;0.033825639788441844;0.033825639788441844
2023-09-08 00:00:00;0.02450586542616643;0.02450586542616643;0.02450586542616643
2023-09-08 01:00:00;0.02956736067810361;0.02956736067810361;0.02956736067810361
2023-09-08 02:00:00;0.023195870736462825;0.023195870736462825;0.023195870736462825
2023-09-08 03:00:00;0.019304722944889528;0.019304722944889528;0.019304722944889528
2023-09-08 04:00:00;0.022825756390239815;0.022825756390239815;0.022825756390239815
2023-09-08 05:00:00;0.019036899638624222;0.01856092657244166;0.018957570794260463
2023-09-08 06:00:00;0.03283340252640876;0.029659906342917066;0.03230448649582682
2023-09-08 07:00:00;0.0890343573874848;0.07402867081084993;0.08653340962471233
2023-09-08 08:00:00;0.10774939359434627;0.09191648576964882;0.10511057562356338
2023-09-08 09:00:00;0.1330126752634913;0.11511142367233744;0.13002913333163232
2023-09-08 10:00:00;0.1721347497285131;0.14633259462341414;0.16783439054433
2023-09-08 11:00:00;0.2824922521076609;0.23514498566148473;0.2746010410332982
2023-09-08 12:00:00;0.3360406569307615;0.28081415797843734;0.3268362404387075
2023-09-08 13:00:00;0.2556397868476703;0.2105872925557295;0.2481310377990135
2023-09-08 14:00:00;0.27095241443569495;0.22033030702233206;0.26251539653346784
2023-09-08 15:00:00;0.15876570852577454;0.13595692374854207;0.15496424439623585
2023-09-08 16:00:00;0.16189229132298724;0.13593224988113908;0.15756561774934585
2023-09-08 17:00:00;0.08631181255617439;0.07923726288591011;0.08513272094446367
2023-09-08 18:00:00;0.06402299266766623;0.06362163858630139;0.06395610032077209
2023-09-08 19:00:00;0.059649110560064875;0.059649110560064875;0.059649110560064875
2023-09-08 20:00:00;0.0373015206855981;0.0373015206855981;0.0373015206855981
2023-09-08 21:00:00;0.04534669614062685;0.04534669614062685;0.04534669614062685
2023-09-08 22:00:00;0.03435476022339404;0.03435476022339404;0.03435476022339404
2023-09-08 23:00:00;0.03573615712791643;0.03573615712791643;0.03573615712791643
2023-09-09 00:00:00;0.0342398650885845;0.0342398650885845;0.0342398650885845
2023-09-09 01:00:00;0.032488800385657976;0.032488800385657976;0.032488800385657976
2023-09-09 02:00:00;0.035185969390068135;0.035185969390068135;0.035185969390068135
2023-09-09 03:00:00;0.03131943454272047;0.03131943454272047;0.03131943454272047
2023-09-09 04:00:00;0.035749768292154524;0.035749768292154524;0.035749768292154524
2023-09-09 05:00:00;0.02188529152878312;0.020659352123929147;0.02168096829464079
2023-09-09 06:00:00;0.06447333886285833;0.05507007294707903;0.06290612787689512
2023-09-09 07:00:00;0.13543191736258062;0.11075635885075036;0.13131932427727558
2023-09-09 08:00:00;0.24368186364507433;0.19993050812019764;0.23638997105759493
2023-09-09 09:00:00;0.4380795232857477;0.35373370948214256;0.4240218876518135
2023-09-09 10:00:00;0.395488456106077;0.3271992460835098;0.3841069211023158
2023-09-09 11:00:00;0.2838409166773327;0.23884697661733012;0.27634192666733226
2023-09-09 12:00:00;0.25837001613072524;0.21825856704905414;0.25168477461711336
2023-09-09 13:00:00;0.378222248564085;0.3134321922878443;0.36742390585137824
2023-09-09 14:00:00;0.2480184065965809;0.20928337148513745;0.2415625674113403
2023-09-09 15:00:00;0.355584574429077;0.29145613805940424;0.3448965017007982
2023-09-09 16:00:00;0.17944362238013387;0.15373016004948203;0.17515804532502524
2023-09-09 17:00:00;0.09381385697123136;0.08570631598456332;0.09246260014012002
2023-09-09 18:00:00;0.05383886228685194;0.05343753910989084;0.05377197509069176
2023-09-09 19:00:00;0.028597710434638806;0.028597710434638806;0.028597710434638806
2023-09-09 20:00:00;0.022712164888055702;0.022712164888055702;0.022712164888055702
2023-09-09 21:00:00;0.022630641010379364;0.022630641010379364;0.022630641010379364
2023-09-09 22:00:00;0.020908068171898924;0.020908068171898924;0.020908068171898924
2023-09-09 23:00:00;0.020162967711256936;0.020162967711256936;0.020162967711256936
2023-09-10 00:00:00;0.021139733329664366;0.021139733329664366;0.021139733329664366
2023-09-10 01:00:00;0.020897562456906934;0.020897562456906934;0.020897562456906934
2023-09-10 02:00:00;0.020200970236338753;0.020200970236338753;0.020200970236338753
2023-09-10 03:00:00;0.0202735256484983;0.0202735256484983;0.0202735256484983
2023-09-10 04:00:00;0.021183318166015014;0.021183318166015014;0.021183318166015014
2023-09-10 05:00:00;0.0187670536779959;0.01838099855885423;0.018702711158138957
2023-09-10 06:00:00;0.037093131440248624;0.03456153058094436;0.036671197963697916
2023-09-10 07:00:00;0.047802714467385;0.04240724091850164;0.04690346887590444
2023-09-10 08:00:00;0.0818955896836295;0.0699839530531003;0.07991031691187464
2023-09-10 09:00:00;0.09502908792430875;0.08094077576738729;0.09268103589815517
2023-09-10 10:00:00;0.1071287927229175;0.09059228587226043;0.10437270824780799
2023-09-10 11:00:00;0.14914365282839323;0.12291025383705599;0.14477141966317036
2023-09-10 12:00:00;0.2906423295906006;0.23517229295588568;0.2813973234848148
2023-09-10 13:00:00;0.2262110515270119;0.18649219381828064;0.21959124190889004
2023-09-10 14:00:00;0.2276524241434853;0.19187256384140552;0.22168911409313868
2023-09-10 15:00:00;0.23153513086862487;0.19235318756474729;0.22500480698464528
2023-09-10 16:00:00;0.12168287813268122;0.10271188110395985;0.118521045294561
2023-09-10 17:00:00;0.053740329896957366;0.049768039653777275;0.05307828152309401
2023-09-10 18:00:00;0.03342376138902548;0.03302171333808023;0.03335675338053461
2023-09-10 19:00:00;0.03503030774998059;0.03503030774998059;0.03503030774998059
2023-09-10 20:00:00;0.026414921469858136;0.026414921469858136;0.026414921469858136
2023-09-10 21:00:00;0.028182885412952236;0.028182885412952236;0.028182885412952236
2023-09-10 22:00:00;0.02201137570250503;0.02201137570250503;0.02201137570250503
2023-09-10 23:00:00;0.022580258098112514;0.022580258098112514;0.022580258098112514
2023-09-11 00:00:00;0.021143478127621847;0.021143478127621847;0.021143478127621847
2023-09-11 01:00:00;0.021140569802714837;0.021140569802714837;0.021140569802714837
2023-09-11 02:00:00;0.020896767764229652;0.020896767764229652;0.020896767764229652
2023-09-11 03:00:00;0.021291210245439778;0.021291210245439778;0.021291210245439778
2023-09-11 04:00:00;0.020645157970197125;0.020645157970197125;0.020645157970197125
2023-09-11 05:00:00;0.010742432620877106;0.00998753905499911;0.010616617026564107
2023-09-11 06:00:00;0.08049975513638319;0.05949839542469315;0.0769995285177682
2023-09-11 07:00:00;0.11893367965734354;0.09444303735433016;0.11485190594017468
2023-09-11 08:00:00;0.25299037123646656;0.2036999524272596;0.24477530143493212
2023-09-11 09:00:00;0.424709922343466;0.3418976887796142;0.4109078834161574
2023-09-11 10:00:00;0.4593806822256792;0.3749582796179221;0.44531028179105314
2023-09-11 11:00:00;0.5828928377682655;0.4701799089815968;0.564107349637154
2023-09-11 12:00:00;;;
2023-09-11 13:00:00;0.48791012132886497;0.40091515698713137;0.4734109606052427
2023-09-11 14:00:00;0.4235446840788707;0.3493072085360687;0.4111717714884038
2023-09-11 15:00:00;0.3303787410178179;0.27273708852896167;0.3207717989363419
2023-09-11 16:00:00;0.2030645393632589;0.16505150047668204;0.19672903288216279
2023-09-11 17:00:00;0.08943654533214146;0.08082162295826724;0.08800072493649576
2023-09-11 18:00:00;0.04051054688747234;0.04051054688747234;0.04051054688747234
2023-09-11 19:00:00;0.04298839375729449;0.04298839375729449;0.04298839375729449
2023-09-11 20:00:00;0.04341173779877387;0.04341173779877387;0.04341173779877387
2023-09-11 21:00:00;0.045722666067619495;0.045722666067619495;0.045722666067619495
2023-09-11 22:00:00;0.038839457005682414;0.038839457005682414;0.038839457005682414
2023-09-11 23:00:00;0.03677326104267022;0.03677326104267022;0.03677326104267022
2023-09-12 00:00:00;0.03559132827386376;0.03559132827386376;0.03559132827386376
2023-09-12 01:00:00;0.02644099425221412;0.02644099425221412;0.02644099425221412
2023-09-12 02:00:00;0.036571636128642726;0.036571636128642726;0.036571636128642726
2023-09-12 03:00:00;0.033803625441171485;0.033803625441171485;0.033803625441171485
2023-09-12 04:00:00;0.039551969662063105;0.039551969662063105;0.039551969662063105
2023-09-12 05:00:00;0.03337201997809351;0.03273939555754948;0.03326658257466951
2023-09-12 06:00:00;0.055762126453775616;0.050228989867867425;0.05483993702279092
2023-09-12 07:00:00;0.08204492994892505;0.07201387223066999;0.08037308699588255
2023-09-12 08:00:00;0.11623199682367392;0.09890465363841013;0.11334410629279663
2023-09-12 09:00:00;0.1732952408604951;0.14282089122462266;0.1682161825878497
2023-09-12 10:00:00;0.1390696216191118;0.11696747343424997;0.13538593025496815
2023-09-12 11:00:00;0.20562500630680725;0.16843432382631454;0.19942655922672514
2023-09-12 12:00:00;0.1900876344291831;0.1558801900150973;0.18438639369350218
2023-09-12 13:00:00;0.18987737528060816;0.1566718423663844;0.18434311979490423
2023-09-12 14:00:00;0.22264615887504424;0.18176910723279646;0.21583331693466962
2023-09-12 15:00:00;0.15097917832901625;0.12366629097888084;0.14642703043732702
2023-09-12 16:00:00;0.0706159850161494;0.060862449612914975;0.068990395782277
2023-09-12 17:00:00;0.03367460891802961;0.03104399496719791;0.03323617325955766
2023-09-12 18:00:00;0.028750695493232115;0.028750695493232115;0.028750695493232115
2023-09-12 19:00:00;0.02451112160176915;0.02451112160176915;0.02451112160176915
2023-09-12 20:00:00;0.022036980998894704;0.022036980998894704;0.022036980998894704
2023-09-12 21:00:00;0.02164345856538604;0.02164345856538604;0.02164345856538604
2023-09-12 22:00:00;0.02038833143439643;0.02038833143439643;0.02038833143439643
2023-09-12 23:00:00;0.018840996717244127;0.018840996717244127;0.018840996717244127
2023-09-13 00:00:00;0.018739511429720926;0.018739511429720926;0.018739511429720926
2023-09-13 01:00:00;0.017545549358375986;0.017545549358375986;0.017545549358375986
2023-09-13 02:00:00;0.017570716454741113;0.017570716454741113;0.017570716454741113
2023-09-13 03:00:00;0.018213414881346684;0.018213414881346684;0.018213414881346684
2023-09-13 04:00:00;0.017571404076660104;0.017571404076660104;0.017571404076660104
2023-09-13 05:00:00;0.013362437273823594;0.012969623629205323;0.01329696833305388
2023-09-13 06:00:00;0.03052460468425905;0.026863489724896366;0.029914418857698608
2023-09-13 07:00:00;0.035090731723042515;0.03103327598482446;0.034414489100006176
2023-09-13 08:00:00;0.03667545659682271;0.032760759233383466;0.0360230070362495
2023-09-13 09:00:00;0.06773683235035616;0.05716707734259079;0.06597520651572861
2023-09-13 10:00:00;0.08398683114229627;0.07032800050640452;0.08171035936964763
2023-09-13 11:00:00;0.08434706124933189;0.07104773802572417;0.0821305073787306
2023-09-13 12:00:00;0.09863546306919144;0.08233786418654261;0.09591919658874998
2023-09-13 13:00:00;0.17953075935080592;0.14666249226289788;0.17405271483615462
2023-09-13 14:00:00;0.23672012173879262;0.19244386225670493;0.22934074515844471
2023-09-13 15:00:00;0.26131595047702233;0.21292202514645286;0.25325029625526074
2023-09-13 16:00:00;0.1618769780279921;0.13672290485109964;0.15768463249851009
2023-09-13 17:00:00;0.057456753673037146;0.050091328353063756;0.05622918278637492
2023-09-13 18:00:00;0.02640489499286336;0.02640489499286336;0.02640489499286336
2023-09-13 19:00:00;0.02506443748163437;0.02506443748163437;0.02506443748163437
2023-09-13 20:00:00;0.02207345357097706;0.02207345357097706;0.02207345357097706
2023-09-13 21:00:00;0.021736152831468288;0.021736152831468288;0.021736152831468288
2023-09-13 22:00:00;0.021134088952685405;0.021134088952685405;0.021134088952685405
2023-09-13 23:00:00;0.021525852253217837;0.021525852253217837;0.021525852253217837
2023-09-14 00:00:00;0.019952721885914897;0.019952721885914897;0.019952721885914897
2023-09-14 01:00:00;0.019483956942038274;0.019483956942038274;0.019483956942038274
2023-09-14 02:00:00;0.019019377626487116;0.019019377626487116;0.019019377626487116
2023-09-14 03:00:00;0.018542056865581257;0.018542056865581257;0.018542056865581257
2023-09-14 04:00:00;0.019140734653564574;0.019140734653564574;0.019140734653564574
2023-09-14 05:00:00;0.010990745124628888;0.010308024681514026;0.010876958384109745
2023-09-14 06:00:00;0.059293767291737264;0.04383549220365061;0.0567173881103895
2023-09-14 07:00:00;0.1462704282723602;0.1135368689450125;0.14081483505113562
2023-09-14 08:00:00;0.23738712049360197;0.18743402267690545;0.22906160419081928
2023-09-14 09:00:00;0.30568652800664425;0.24632613331428846;0.29579312889125164
2023-09-14 10:00:00;0.34912665081997246;0.29061907659484243;0.3393753884491175
2023-09-14 11:00:00;0.37579379550068953;0.3124829675589402;0.3652419908437313
2023-09-14 12:00:00;0.317557561368523;0.2673130361490646;0.3091834738319466
2023-09-14 13:00:00;0.36590677943730326;0.3051672408364602;0.3557835230038294
2023-09-14 14:00:00;0.2643528650602933;0.22741245165734933;0.2581961294931359
2023-09-14 15:00:00;0.18718491963509568;0.16557193686417027;0.18358275583994144
2023-09-14 16:00:00;0.1299109468855653;0.11911849038988095;0.12811220413628457
2023-09-14 17:00:00;0.03777247726336617;0.03346099206866021;0.037053896397581845
2023-09-14 18:00:00;0.04102534724017382;0.04102534724017382;0.04102534724017382
2023-09-14 19:00:00;0.042096810747819825;0.042096810747819825;0.042096810747819825
2023-09-14 20:00:00;0.031122534795270974;0.031122534795270974;0.031122534795270974
2023-09-14 21:00:00;0.02563318526768253;0.02563318526768253;0.02563318526768253
2023-09-14 22:00:00;0.022380702446927133;0.022380702446927133;0.022380702446927133
2023-09-14 23:00:00;0.02232853398366668;0.02232853398366668;0.02232853398366668
2023-09-15 00:00:00;0.021165380026225672;0.021165380026225672;0.021165380026225672
2023-09-15 01:00:00;0.01918511505775981;0.01918511505775981;0.01918511505775981
2023-09-15 02:00:00;0.01862808736610782;0.01862808736610782;0.01862808736610782
2023-09-15 03:00:00;0.017399700314587936;0.017399700314587936;0.017399700314587936
2023-09-15 04:00:00;0.021352946005231455;0.021352946005231455;0.021352946005231455
2023-09-15 05:00:00;0.012516419000702366;0.01139101664088321;0.012328851940732506
2023-09-15 06:00:00;0.06704506328399946;0.053958213923383624;0.06486392172389684
2023-09-15 07:00:00;0.1717082263255936;0.1368098247763542;0.16589182606738703
2023-09-15 08:00:00;0.30925396848369885;0.24746295511504585;0.2989554662555901
2023-09-15 09:00:00;0.4169153528491546;0.3444218035282494;0.40483309462900374
2023-09-15 10:00:00;0.5088151603388332;0.42144072484071937;0.494252754422481
2023-09-15 11:00:00;0.5706074083026496;0.4759658544153835;0.5548338159881053
2023-09-15 12:00:00;0.5858973340103744;0.4866241843469244;0.569351809066466
2023-09-15 13:00:00;0.5544796327653195;0.4520308079496106;0.537404828629368
2023-09-15 14:00:00;;;
2023-09-15 15:00:00;0.3062355432660475;0.2556444324433915;0.29780369146227154
2023-09-15 16:00:00;0.1796614129250291;0.1556713462032249;0.1756630684713951
2023-09-15 17:00:00;0.09105936649489133;0.08029432837960558;0.08926519347567705
2023-09-15 18:00:00;0.05137439861460212;0.05094948163804063;0.05130357911850854
2023-09-15 19:00:00;0.04210049130147025;0.04210049130147025;0.04210049130147025
2023-09-15 20:00:00;0.0214444771834053;0.0214444771834053;0.0214444771834053
2023-09-15 21:00:00;0.026425220726196574;0.026425220726196574;0.026425220726196574
2023-09-15 22:00:00;0.030634307258684535;0.030634307258684535;0.030634307258684535
2023-09-15 23:00:00;0.031398096213321444;0.031398096213321444;0.031398096213321444
2023-09-16 00:00:00;0.02769317413089284;0.02769317413089284;0.02769317413089284
2023-09-16 01:00:00;0.027266625709578305;0.027266625709578305;0.027266625709578305
2023-09-16 02:00:00;0.027026525266140033;0.027026525266140033;0.027026525266140033
2023-09-16 03:00:00;0.030580193686565338;0.030580193686565338;0.030580193686565338
2023-09-16 04:00:00;0.03414793191383839;0.03414793191383839;0.03414793191383839
2023-09-16 05:00:00;0.03300945118804904;0.032406769760303725;0.03290900428342482
2023-09-16 06:00:00;0.050312714699649215;0.042612588325413585;0.04902936030394328
2023-09-16 07:00:00;0.1152776400743815;0.10359306710651585;0.1133302112464039
2023-09-16 08:00:00;0.18274949032482735;0.15755396604928595;0.1785502362789038
2023-09-16 09:00:00;0.23059712198712506;0.20110799608696214;0.22568226767043126
2023-09-16 10:00:00;0.27819099618509363;0.2397887408896093;0.27179062030251294
2023-09-16 11:00:00;0.34175847824092104;0.2881396137838748;0.3328220008314132
2023-09-16 12:00:00;0.33720999183029865;0.28528411837651174;0.32855567958800086
2023-09-16 13:00:00;0.3360553941711728;0.28898685260034784;0.328210637242702
2023-09-16 14:00:00;0.3856626463096956;0.3333201076521875;0.37693888986677765
2023-09-16 15:00:00;0.361818244853213;0.31889424509450365;0.3546642448934281
2023-09-16 16:00:00;0.272655447881596;0.24341157209076641;0.26778146858312446
2023-09-16 17:00:00;0.1546093880353934;0.14424999755314147;0.15288282295501807
2023-09-16 18:00:00;0.11941615834776163;0.1190519497667158;0.11935545691758734
2023-09-16 19:00:00;0.08814768643093422;0.08814768643093422;0.08814768643093422
2023-09-16 20:00:00;0.06802988219402549;0.06802988219402549;0.06802988219402549
2023-09-16 21:00:00;0.054111066989339714;0.054111066989339714;0.054111066989339714
2023-09-16 22:00:00;0.05218523571274826;0.05218523571274826;0.05218523571274826
2023-09-16 23:00:00;0.059250268655583985;0.059250268655583985;0.059250268655583985
2023-09-17 00:00:00;0.045292418045399144;0.045292418045399144;0.045292418045399144
2023-09-17 01:00:00;0.034345930553305336;0.034345930553305336;0.034345930553305336
2023-09-17 02:00:00;0.042926736081785946;0.042926736081785946;0.042926736081785946
2023-09-17 03:00:00;0.028757884790214083;0.028757884790214083;0.028757884790214083
2023-09-17 04:00:00;0.02072378071680394;0.02072378071680394;0.02072378071680394
2023-09-17 05:00:00;-0.006458998059015172;-0.008307349344296973;-0.006767056606562139
2023-09-17 06:00:00;0.07463591948513053;0.05194474904753813;0.07085405774553179
2023-09-17 07:00:00;0.170215703882168;0.13267067341830233;0.16395819880485707
2023-09-17 08:00:00;0.27363122720110894;0.2193823352286595;0.26458974520570067
2023-09-17 09:00:00;0.4048945299459389;0.3316847438537017;0.392692898930566
2023-09-17 10:00:00;0.5450135464640369;0.4380583299348676;0.5271876770425087
2023-09-17 11:00:00;0.5465466859470118;0.44595373504493474;0.5297811941299991
2023-09-17 12:00:00;0.5651930060234808;0.46694724157382417;0.548818711948538
2023-09-17 13:00:00;0.4656875767307284;0.39545013024212633;0.45398133564929477
2023-09-17 14:00:00;0.37324027643075397;0.3189948838717993;0.36419937767092825
2023-09-17 15:00:00;0.29975250600722436;0.26621328595667015;0.29416263599879866
2023-09-17 16:00:00;0.2135766320478223;0.18625059312245534;0.2090222922269278
2023-09-17 17:00:00;0.11235873560197665;0.10755633266242512;0.11155833511205139
2023-09-17 18:00:00;0.07890153841704063;0.07890153841704063;0.07890153841704063
2023-09-17 19:00:00;0.045959987663098764;0.045959987663098764;0.045959987663098764
2023-09-17 20:00:00;0.021904001820237183;0.021904001820237183;0.021904001820237183
2023-09-17 21:00:00;0.02575066463892616;0.02575066463892616;0.02575066463892616
2023-09-17 22:00:00;0.024106632080194965;0.024106632080194965;0.024106632080194965
2023-09-17 23:00:00;0.02647162120496313;0.02647162120496313;0.02647162120496313
2023-09-18 00:00:00;0.023777901780520114;0.023777901780520114;0.023777901780520114
2023-09-18 01:00:00;0.028463397832833047;0.028463397832833047;0.028463397832833047
2023-09-18 02:00:00;0.02270723904997295;0.02270723904997295;0.02270723904997295
2023-09-18 03:00:00;0.021678365152852323;0.021678365152852323;0.021678365152852323
2023-09-18 04:00:00;0.025795451502698324;0.025795451502698324;0.025795451502698324
2023-09-18 05:00:00;0.015098678953509604;0.014650623917063605;0.015024003114101936
2023-09-18 06:00:00;0.028177468798607025;0.02671471944011107;0.027933677238857698
2023-09-18 07:00:00;0.05789401726393115;0.048658858840781624;0.056354824193406226
2023-09-18 08:00:00;0.13085917602482916;0.10573620050685813;0.1266720134385007
2023-09-18 09:00:00;0.13241533182581805;0.10880073490840836;0.12847956567291643
2023-09-18 10:00:00;0.12306432757823405;0.10211218431420013;0.11957230370089504
2023-09-18 11:00:00;0.1413631319645939;0.11936569592918733;0.13769689262535953
2023-09-18 12:00:00;0.09413896560098013;0.08167397739055332;0.092061467565909
2023-09-18 13:00:00;0.1263720842376843;0.10893882272281949;0.12346654065187351
2023-09-18 14:00:00;0.12197870858033849;0.10319757591371785;0.11884851980256839
2023-09-18 15:00:00;0.09198534252021284;0.07610459200520413;0.08933855076771138
2023-09-18 16:00:00;0.05455737657248365;0.04720935213416245;0.05333270583276344
2023-09-18 17:00:00;0.03187934952570882;0.02981687957555534;0.03153560453401657
2023-09-18 18:00:00;0.03798945907265077;0.03798945907265077;0.03798945907265077
2023-09-18 19:00:00;0.036263749403181604;0.036263749403181604;0.036263749403181604
2023-09-18 20:00:00;0.03365247245226483;0.03365247245226483;0.03365247245226483
2023-09-18 21:00:00;0.03436171958017873;0.03436171958017873;0.03436171958017873
2023-09-18 22:00:00;0.02227109377258618;0.02227109377258618;0.02227109377258618
2023-09-18 23:00:00;0.022977243083956697;0.022977243083956697;0.022977243083956697
2023-09-19 00:00:00;0.02317761876135756;0.02317761876135756;0.02317761876135756
2023-09-19 01:00:00;0.02547089625848112;0.02547089625848112;0.02547089625848112
2023-09-19 02:00:00;0.022983617426921787;0.022983617426921787;0.022983617426921787
2023-09-19 03:00:00;0.022053285965411635;0.022053285965411635;0.022053285965411635
2023-09-19 04:00:00;0.020988710559687304;0.020988710559687304;0.020988710559687304
2023-09-19 05:00:00;0.020942609683024742;0.020942609683024742;0.020942609683024742
2023-09-19 06:00:00;0.02335160615498704;0.022355007839086023;0.023185506435670203
2023-09-19 07:00:00;0.03195526823975117;0.029543488106540103;0.031553304884215996
2023-09-19 08:00:00;0.048576255337979705;0.042338424605488346;0.04753661688256448
2023-09-19 09:00:00;0.0727933025619843;0.06134741664835572;0.07088565490971288
2023-09-19 10:00:00;0.1039334834535923;0.08611734330347258;0.10096412676190568
2023-09-19 11:00:00;0.09467577929333072;0.08015210014310475;0.09225516610162642
2023-09-19 12:00:00;0.14626167266222362;0.12043574090676104;0.14195735070297985
2023-09-19 13:00:00;0.11127329682298262;0.09327451225464516;0.10827349939492639
2023-09-19 14:00:00;0.07671337813370266;0.06761476508220662;0.07519694262512
2023-09-19 15:00:00;0.05678447747165247;0.04998820344543409;0.055651765133949406
2023-09-19 16:00:00;0.0461293466145449;0.04096846137927357;0.045269199075333014
2023-09-19 17:00:00;0.025862963570990983;0.024219314440853772;0.025589022049301448
2023-09-19 18:00:00;0.02639501820081488;0.02639501820081488;0.02639501820081488
2023-09-19 19:00:00;0.02668562623425023;0.02668562623425023;0.02668562623425023
2023-09-19 20:00:00;0.028155744237840907;0.028155744237840907;0.028155744237840907
2023-09-19 21:00:00;0.029111317612441814;0.029111317612441814;0.029111317612441814
2023-09-19 22:00:00;0.027284997442830614;0.027284997442830614;0.027284997442830614
2023-09-19 23:00:00;0.024543973590890326;0.024543973590890326;0.024543973590890326
2023-09-20 00:00:00;0.02753228130110133;0.02753228130110133;0.02753228130110133
2023-09-20 01:00:00;0.03396326081485362;0.03396326081485362;0.03396326081485362
2023-09-20 02:00:00;0.027546411874858068;0.027546411874858068;0.027546411874858068
2023-09-20 03:00:00;0.02543842655607427;0.02543842655607427;0.02543842655607427
2023-09-20 04:00:00;0.024471992950768167;0.024471992950768167;0.024471992950768167
2023-09-20 05:00:00;0.01582632307978269;0.015415282750093656;0.01575781635816785
2023-09-20 06:00:00;0.042572726482995954;0.036925955529696;0.04163159799077929
2023-09-20 07:00:00;0.11943487404234135;0.09470893476055152;0.11531388416204306
2023-09-20 08:00:00;0.25576214793552265;0.20463003281448466;0.247240128748683
2023-09-20 09:00:00;0.3622609389611889;0.29102482428786447;0.35038825318230155
2023-09-20 10:00:00;0.3726892951153478;0.301046173296733;0.3607487748122454
2023-09-20 11:00:00;0.36513781924123473;0.2971740194452904;0.353810519275244
2023-09-20 12:00:00;0.5606455275070314;0.4554580040879825;0.5431142736038567
2023-09-20 13:00:00;0.5196825137854243;0.4134154795798717;0.5019713414178323
2023-09-20 14:00:00;;;
2023-09-20 15:00:00;0.1899485392873313;0.16178260440778075;0.1852542168074062
2023-09-20 16:00:00;0.09646325028048967;0.0906677351500916;0.09549733109209001
2023-09-20 17:00:00;0.02981986976537815;0.026111281357902062;0.02920177169746547
2023-09-20 18:00:00;0.05101458787939603;0.05101458787939603;0.05101458787939603
2023-09-20 19:00:00;0.04178544212440466;0.04178544212440466;0.04178544212440466
2023-09-20 20:00:00;0.043456114554663444;0.043456114554663444;0.043456114554663444
2023-09-20 21:00:00;0.0361163017591072;0.0361163017591072;0.0361163017591072
2023-09-20 22:00:00;0.0350634425193646;0.0350634425193646;0.0350634425193646
2023-09-20 23:00:00;0.03104374564638635;0.03104374564638635;0.03104374564638635
2023-09-21 00:00:00;0.03194744316422791;0.03194744316422791;0.03194744316422791
2023-09-21 01:00:00;0.02144889748880409;0.02144889748880409;0.02144889748880409
2023-09-21 02:00:00;0.0246567874532921;0.0246567874532921;0.0246567874532921
2023-09-21 03:00:00;0.021939016106254;0.021939016106254;0.021939016106254
2023-09-21 04:00:00;0.02481874738158702;0.02481874738158702;0.02481874738158702
2023-09-21 05:00:00;0.014790186462134479;0.014119225947582532;0.014678359709709154
2023-09-21 06:00:00;0.047052455224543994;0.035547095380933647;0.045134895250608945
2023-09-21 07:00:00;0.1328373941260304;0.10567723355494522;0.1283107006975162
2023-09-21 08:00:00;0.24802292128650094;0.19873840108585852;0.23980883458639388
2023-09-21 09:00:00;0.3865313163444947;0.30913510125635424;0.373631947163138
2023-09-21 10:00:00;0.4809296644369893;0.3882137437911167;0.46547701099601063
2023-09-21 11:00:00;0.5126707524559326;0.42448749080985304;0.497973542181586
2023-09-21 12:00:00;0.5207455650199277;0.42950915477532564;0.5055394966458274
2023-09-21 13:00:00;0.4783454602284266;0.39065455845814806;0.4637303099333802
2023-09-21 14:00:00;0.4040678069138779;0.33872180282792996;0.39317680623288664
2023-09-21 15:00:00;0.2704835133013143;0.2222817129981872;0.2624498799174599
2023-09-21 16:00:00;0.14100465041905177;0.11687486116955954;0.13698301887746978
2023-09-21 17:00:00;0.03724927103027807;0.03271418775938263;0.03649342381846217
2023-09-21 18:00:00;0.047721958863258314;0.047721958863258314;0.047721958863258314
2023-09-21 19:00:00;0.02502860538753831;0.02502860538753831;0.02502860538753831
2023-09-21 20:00:00;0.024283739970734092;0.024283739970734092;0.024283739970734092
2023-09-21 21:00:00;0.02103079476881933;0.02103079476881933;0.02103079476881933
2023-09-21 22:00:00;0.02002079540079271;0.02002079540079271;0.02002079540079271
2023-09-21 23:00:00;0.019904357389570526;0.019904357389570526;0.019904357389570526
2023-09-22 00:00:00;0.019307829128926243;0.019307829128926243;0.019307829128926243
2023-09-22 01:00:00;0.01919122834721229;0.01919122834721229;0.01919122834721229
2023-09-22 02:00:00;0.018541840900080517;0.018541840900080517;0.018541840900080517
2023-09-22 03:00:00;0.017959056550962305;0.017959056550962305;0.017959056550962305
2023-09-22 04:00:00;0.017780833004537522;0.017780833004537522;0.017780833004537522
2023-09-22 05:00:00;0.008465358010722485;0.00778679578195868;0.008352264305928517
2023-09-22 06:00:00;0.037162333117456536;0.027941457445776235;0.03562552050550983
2023-09-22 07:00:00;0.09656210641539804;0.07599996051295602;0.09313508209832436
2023-09-22 08:00:00;0.1486326996020765;0.11915902964294589;0.14372042127555473
2023-09-22 09:00:00;0.28860677651576033;0.22975816515821804;0.27879867462283664
2023-09-22 10:00:00;0.4477851030518035;0.3569650650861978;0.43264843005753584
2023-09-22 11:00:00;0.4933514321012009;0.39724329430453365;0.47733340913508965
2023-09-22 12:00:00;0.47311092010004885;0.38801363608546646;0.458928039430952
2023-09-22 13:00:00;0.46794570893959625;0.39050792134262174;0.4550394110067672
2023-09-22 14:00:00;0.4101200204609648;0.35156343753489844;0.40036058997328705
2023-09-22 15:00:00;0.31202608277561894;0.2701124859362041;0.30504048330238315
2023-09-22 16:00:00;0.17901397604447522;0.1562048832406989;0.17521246057717918
2023-09-22 17:00:00;0.053060012865299225;0.04898552837565416;0.05238093211702505
2023-09-22 18:00:00;0.05361080816513117;0.05361080816513117;0.05361080816513117
2023-09-22 19:00:00;0.02707026789310171;0.02707026789310171;0.02707026789310171
2023-09-22 20:00:00;0.0258965375478727;0.0258965375478727;0.0258965375478727
2023-09-22 21:00:00;0.02086530349564806;0.02086530349564806;0.02086530349564806
2023-09-22 22:00:00;0.02172115010095169;0.02172115010095169;0.02172115010095169
2023-09-22 23:00:00;0.019875532571927767;0.019875532571927767;0.019875532571927767
2023-09-23 00:00:00;0.020911469708731593;0.020911469708731593;0.020911469708731593
2023-09-23 01:00:00;0.019641368619906185;0.019641368619906185;0.019641368619906185
2023-09-23 02:00:00;0.018415421168390556;0.018415421168390556;0.018415421168390556
2023-09-23 03:00:00;0.01824465401302966;0.01824465401302966;0.01824465401302966
2023-09-23 04:00:00;0.018923973419592115;0.018923973419592115;0.018923973419592115
2023-09-23 05:00:00;0.012708037242394337;0.012373671242503556;0.012652309575745877
2023-09-23 06:00:00;0.039914796442273436;0.028992324978149738;0.03809438453158615
2023-09-23 07:00:00;0.11491885729296333;0.08888466676343394;0.1105798255380418
2023-09-23 08:00:00;0.26288909545785333;0.20596838914022886;0.2534023110715826
2023-09-23 09:00:00;0.39151273926709135;0.3112631183225178;0.3781378024429958
2023-09-23 10:00:00;0.4615276269439183;0.37077116506061375;0.44640154996336756
2023-09-23 11:00:00;0.5183244511518622;0.4208104619444048;0.502072119617286
2023-09-23 12:00:00;0.4778551632324395;0.3904007102969184;0.46327942107651926
2023-09-23 13:00:00;0.458871678033689;0.3760144448428706;0.4450621391685526
2023-09-23 14:00:00;0.3305546279359263;0.27755102923851593;0.3217206948196913
2023-09-23 15:00:00;0.2418773812711843;0.20234916977952935;0.23528934602257515
2023-09-23 16:00:00;0.12221406189870004;0.10608233268631755;0.11952544036330297
2023-09-23 17:00:00;0.04981154338286175;0.04689751034544292;0.04932587120995861
2023-09-23 18:00:00;0.055029665744041785;0.055029665744041785;0.055029665744041785
2023-09-23 19:00:00;0.053244572911131265;0.053244572911131265;0.053244572911131265
2023-09-23 20:00:00;0.033007213689113885;0.033007213689113885;0.033007213689113885
2023-09-23 21:00:00;0.025263446438632785;0.025263446438632785;0.025263446438632785
2023-09-23 22:00:00;0.048518417534221;0.048518417534221;0.048518417534221
2023-09-23 23:00:00;0.03594882961714283;0.03594882961714283;0.03594882961714283
2023-09-24 00:00:00;0.03223305606676198;0.03223305606676198;0.03223305606676198
2023-09-24 01:00:00;0.030006568127583084;0.030006568127583084;0.030006568127583084
2023-09-24 02:00:00;0.027238125719848006;0.027238125719848006;0.027238125719848006
2023-09-24 03:00:00;0.026088024374915263;0.026088024374915263;0.026088024374915263
2023-09-24 04:00:00;0.0259579346687216;0.0259579346687216;0.0259579346687216
2023-09-24 05:00:00;0.019630921098264614;0.019264126897589755;0.01956978873148547
2023-09-24 06:00:00;0.0485305576698419;0.036675314249568276;0.04655468376646297
2023-09-24 07:00:00;0.09725190097639184;0.07821620543394674;0.09407928505265101
2023-09-24 08:00:00;0.26318995045733407;0.2112028674271278;0.25452543661896637
2023-09-24 09:00:00;0.38492144091761527;0.312090614967622;0.3727829699259497
2023-09-24 10:00:00;0.46707688986009654;0.38123404577171977;0.4527697491787004
2023-09-24 11:00:00;0.5152523735244052;0.42274775203508264;0.49983493660951817
2023-09-24 12:00:00;0.5235459498585826;0.4288257575129209;0.5077592511343056
2023-09-24 13:00:00;0.4949472638246825;0.40587352831907475;0.4801016412404146
2023-09-24 14:00:00;0.4125344162679353;0.3403642294547465;0.4005060517990705
2023-09-24 15:00:00;0.3049411619915559;0.2532460443431253;0.2963253090501508
2023-09-24 16:00:00;0.16827920010561984;0.14333546615149967;0.16412191111326646
2023-09-24 17:00:00;0.07653017340831596;0.07271780721217294;0.07589477904229212
2023-09-24 18:00:00;0.08192225785557712;0.08192225785557712;0.08192225785557712
2023-09-24 19:00:00;0.08200217000625426;0.08200217000625426;0.08200217000625426
2023-09-24 20:00:00;0.07354328938282785;0.07354328938282785;0.07354328938282785
2023-09-24 21:00:00;0.07093710345118784;0.07093710345118784;0.07093710345118784
2023-09-24 22:00:00;0.05556709438254284;0.05556709438254284;0.05556709438254284
2023-09-24 23:00:00;0.052354164727938954;0.052354164727938954;0.052354164727938954
2023-09-25 00:00:00;;;
2023-09-25 01:00:00;;;
2023-09-25 02:00:00;;;
2023-09-25 03:00:00;;;
2023-09-25 04:00:00;;;
2023-09-25 05:00:00;;;
2023-09-25 06:00:00;;;
2023-09-25 07:00:00;;;
2023-09-25 08:00:00;;;
2023-09-25 09:00:00;;;
2023-09-25 10:00:00;;;
2023-09-25 11:00:00;;;
2023-09-25 12:00:00;;;
2023-09-25 13:00:00;;;
2023-09-25 14:00:00;;;
2023-09-25 15:00:00;;;
2023-09-25 16:00:00;;;
2023-09-25 17:00:00;;;
2023-09-25 18:00:00;;;
2023-09-25 19:00:00;;;
2023-09-25 20:00:00;;;
2023-09-25 21:00:00;;;
2023-09-25 22:00:00;;;
2023-09-25 23:00:00;;;
2023-09-26 00:00:00;;;
2023-09-26 01:00:00;;;
2023-09-26 02:00:00;;;
2023-09-26 03:00:00;;;
2023-09-26 04:00:00;;;
2023-09-26 05:00:00;;;
2023-09-26 06:00:00;;;
2023-09-26 07:00:00;;;
2023-09-26 08:00:00;;;
2023-09-26 09:00:00;;;
2023-09-26 10:00:00;;;
2023-09-26 11:00:00;;;
2023-09-26 12:00:00;;;
2023-09-26 13:00:00;;;
2023-09-26 14:00:00;;;
2023-09-26 15:00:00;;;
2023-09-26 16:00:00;;;
2023-09-26 17:00:00;;;
2023-09-26 18:00:00;;;
2023-09-26 19:00:00;;;
2023-09-26 20:00:00;;;
2023-09-26 21:00:00;;;
2023-09-26 22:00:00;;;
2023-09-26 23:00:00;;;
2023-09-27 00:00:00;;;
2023-09-27 01:00:00;;;
2023-09-27 02:00:00;;;
2023-09-27 03:00:00;;;
2023-09-27 04:00:00;;;
2023-09-27 05:00:00;;;
2023-09-27 06:00:00;;;
2023-09-27 07:00:00;;;
2023-09-27 08:00:00;;;
2023-09-27 09:00:00;;;
2023-09-27 10:00:00;;;
2023-09-27 11:00:00;;;
2023-09-27 12:00:00;;;
2023-09-27 13:00:00;;;
2023-09-27 14:00:00;;;
2023-09-27 15:00:00;;;
2023-09-27 16:00:00;;;
2023-09-27 17:00:00;;;
2023-09-27 18:00:00;;;
2023-09-27 19:00:00;;;
2023-09-27 20:00:00;;;
2023-09-27 21:00:00;;;
2023-09-27 22:00:00;;;
2023-09-27 23:00:00;;;
2023-09-28 00:00:00;;;
2023-09-28 01:00:00;;;
2023-09-28 02:00:00;;;
2023-09-28 03:00:00;;;
2023-09-28 04:00:00;;;
2023-09-28 05:00:00;;;
2023-09-28 06:00:00;;;
2023-09-28 07:00:00;;;
2023-09-28 08:00:00;;;
2023-09-28 09:00:00;;;
2023-09-28 10:00:00;;;
2023-09-28 11:00:00;;;
2023-09-28 12:00:00;;;
2023-09-28 13:00:00;;;
2023-09-28 14:00:00;;;
2023-09-28 15:00:00;;;
2023-09-28 16:00:00;;;
2023-09-28 17:00:00;;;
2023-09-28 18:00:00;;;
2023-09-28 19:00:00;;;
2023-09-28 20:00:00;;;
2023-09-28 21:00:00;;;
2023-09-28 22:00:00;;;
2023-09-28 23:00:00;;;
2023-09-29 00:00:00;;;
2023-09-29 01:00:00;;;
2023-09-29 02:00:00;;;
2023-09-29 03:00:00;;;
2023-09-29 04:00:00;;;
2023-09-29 05:00:00;;;
2023-09-29 06:00:00;;;
2023-09-29 07:00:00;;;
2023-09-29 08:00:00;;;
2023-09-29 09:00:00;;;
2023-09-29 10:00:00;;;
2023-09-29 11:00:00;;;
2023-09-29 12:00:00;;;
2023-09-29 13:00:00;;;
2023-09-29 14:00:00;;;
2023-09-29 15:00:00;;;
2023-09-29 16:00:00;;;
2023-09-29 17:00:00;;;
2023-09-29 18:00:00;;;
2023-09-29 19:00:00;;;
2023-09-29 20:00:00;;;
2023-09-29 21:00:00;;;
2023-09-29 22:00:00;;;
2023-09-29 23:00:00;;;
2023-09-30 00:00:00;;;
2023-09-30 01:00:00;;;
2023-09-30 02:00:00;;;
2023-09-30 03:00:00;;;
2023-09-30 04:00:00;;;
2023-09-30 05:00:00;;;
2023-09-30 06:00:00;;;
2023-09-30 07:00:00;;;
2023-09-30 08:00:00;;;
2023-09-30 09:00:00;;;
2023-09-30 10:00:00;;;
2023-09-30 11:00:00;;;
2023-09-30 12:00:00;;;
2023-09-30 13:00:00;;;
2023-09-30 14:00:00;;;
2023-09-30 15:00:00;;;
2023-09-30 16:00:00;;;
2023-09-30 17:00:00;;;
2023-09-30 18:00:00;;;
2023-09-30 19:00:00;;;
2023-09-30 20:00:00;;;
2023-09-30 21:00:00;;;
2023-09-30 22:00:00;;;
2023-09-30 23:00:00;;;
2023-10-01 00:00:00;;;
2023-10-01 01:00:00;;;
2023-10-01 02:00:00;;;
2023-10-01 03:00:00;;;
2023-10-01 04:00:00;;;
2023-10-01 05:00:00;;;
2023-10-01 06:00:00;;;
2023-10-01 07:00:00;;;
2023-10-01 08:00:00;;;
2023-10-01 09:00:00;;;
2023-10-01 10:00:00;;;
2023-10-01 11:00:00;;;
2023-10-01 12:00:00;;;
2023-10-01 13:00:00;;;
2023-10-01 14:00:00;;;
2023-10-01 15:00:00;;;
2023-10-01 16:00:00;;;
2023-10-01 17:00:00;;;
2023-10-01 18:00:00;;;
2023-10-01 19:00:00;;;
2023-10-01 20:00:00;;;
2023-10-01 21:00:00;;;
2023-10-01 22:00:00;;;
2023-10-01 23:00:00;;;
2023-10-02 00:00:00;;;
2023-10-02 01:00:00;;;
2023-10-02 02:00:00;;;
2023-10-02 03:00:00;;;
2023-10-02 04:00:00;;;
2023-10-02 05:00:00;;;
2023-10-02 06:00:00;;;
2023-10-02 07:00:00;;;
2023-10-02 08:00:00;;;
2023-10-02 09:00:00;;;
2023-10-02 10:00:00;;;
2023-10-02 11:00:00;;;
2023-10-02 12:00:00;;;
2023-10-02 13:00:00;;;
2023-10-02 14:00:00;;;
2023-10-02 15:00:00;;;
2023-10-02 16:00:00;;;
2023-10-02 17:00:00;;;
2023-10-02 18:00:00;;;
2023-10-02 19:00:00;;;
2023-10-02 20:00:00;;;
2023-10-02 21:00:00;;;
2023-10-02 22:00:00;;;
2023-10-02 23:00:00;;;
2023-10-03 00:00:00;;;
2023-10-03 01:00:00;;;
2023-10-03 02:00:00;;;
2023-10-03 03:00:00;;;
2023-10-03 04:00:00;;;
2023-10-03 05:00:00;;;
2023-10-03 06:00:00;;;
2023-10-03 07:00:00;;;
2023-10-03 08:00:00;;;
2023-10-03 09:00:00;;;
2023-10-03 10:00:00;;;
2023-10-03 11:00:00;;;
2023-10-03 12:00:00;;;
2023-10-03 13:00:00;;;
2023-10-03 14:00:00;;;
2023-10-03 15:00:00;;;
2023-10-03 16:00:00;;;
2023-10-03 17:00:00;;;
2023-10-03 18:00:00;;;
2023-10-03 19:00:00;;;
2023-10-03 20:00:00;;;
2023-10-03 21:00:00;;;
2023-10-03 22:00:00;;;
2023-10-03 23:00:00;;;
2023-10-04 00:00:00;;;
2023-10-04 01:00:00;;;
2023-10-04 02:00:00;;;
2023-10-04 03:00:00;;;
2023-10-04 04:00:00;;;
2023-10-04 05:00:00;;;
2023-10-04 06:00:00;;;
2023-10-04 07:00:00;;;
2023-10-04 08:00:00;;;
2023-10-04 09:00:00;;;
2023-10-04 10:00:00;;;
2023-10-04 11:00:00;;;
2023-10-04 12:00:00;;;
2023-10-04 13:00:00;;;
2023-10-04 14:00:00;;;
2023-10-04 15:00:00;;;
2023-10-04 16:00:00;;;
2023-10-04 17:00:00;;;
2023-10-04 18:00:00;;;
2023-10-04 19:00:00;;;
2023-10-04 20:00:00;;;
2023-10-04 21:00:00;;;
2023-10-04 22:00:00;;;
2023-10-04 23:00:00;;;
2023-10-05 00:00:00;;;
2023-10-05 01:00:00;;;
2023-10-05 02:00:00;;;
2023-10-05 03:00:00;;;
2023-10-05 04:00:00;;;
2023-10-05 05:00:00;;;
2023-10-05 06:00:00;;;
2023-10-05 07:00:00;;;
2023-10-05 08:00:00;;;
2023-10-05 09:00:00;;;
2023-10-05 10:00:00;;;
2023-10-05 11:00:00;;;
2023-10-05 12:00:00;;;
2023-10-05 13:00:00;;;
2023-10-05 14:00:00;;;
2023-10-05 15:00:00;;;
2023-10-05 16:00:00;;;
2023-10-05 17:00:00;;;
2023-10-05 18:00:00;;;
2023-10-05 19:00:00;;;
2023-10-05 20:00:00;;;
2023-10-05 21:00:00;;;
2023-10-05 22:00:00;;;
2023-10-05 23:00:00;;;
2023-10-06 00:00:00;;;
2023-10-06 01:00:00;;;
2023-10-06 02:00:00;;;
2023-10-06 03:00:00;;;
2023-10-06 04:00:00;;;
2023-10-06 05:00:00;;;
2023-10-06 06:00:00;;;
2023-10-06 07:00:00;;;
2023-10-06 08:00:00;;;
2023-10-06 09:00:00;;;
2023-10-06 10:00:00;;;
2023-10-06 11:00:00;;;
2023-10-06 12:00:00;;;
2023-10-06 13:00:00;;;
2023-10-06 14:00:00;;;
2023-10-06 15:00:00;;;
2023-10-06 16:00:00;;;
2023-10-06 17:00:00;;;
2023-10-06 18:00:00;;;
2023-10-06 19:00:00;;;
2023-10-06 20:00:00;;;
2023-10-06 21:00:00;;;
2023-10-06 22:00:00;;;
2023-10-06 23:00:00;;;
2023-10-07 00:00:00;;;
2023-10-07 01:00:00;;;
2023-10-07 02:00:00;;;
2023-10-07 03:00:00;;;
2023-10-07 04:00:00;;;
2023-10-07 05:00:00;;;
2023-10-07 06:00:00;;;
2023-10-07 07:00:00;;;
2023-10-07 08:00:00;;;
2023-10-07 09:00:00;;;
2023-10-07 10:00:00;;;
2023-10-07 11:00:00;;;
2023-10-07 12:00:00;;;
2023-10-07 13:00:00;;;
2023-10-07 14:00:00;;;
2023-10-07 15:00:00;;;
2023-10-07 16:00:00;;;
2023-10-07 17:00:00;;;
2023-10-07 18:00:00;;;
2023-10-07 19:00:00;;;
2023-10-07 20:00:00;;;
2023-10-07 21:00:00;;;
2023-10-07 22:00:00;;;
2023-10-07 23:00:00;;;
2023-10-08 00:00:00;;;
2023-10-08 01:00:00;;;
2023-10-08 02:00:00;;;
2023-10-08 03:00:00;;;
2023-10-08 04:00:00;;;
2023-10-08 05:00:00;;;
2023-10-08 06:00:00;;;
2023-10-08 07:00:00;;;
2023-10-08 08:00:00;;;
2023-10-08 09:00:00;;;
2023-10-08 10:00:00;;;
2023-10-08 11:00:00;;;
2023-10-08 12:00:00;;;
2023-10-08 13:00:00;;;
2023-10-08 14:00:00;;;
2023-10-08 15:00:00;;;
2023-10-08 16:00:00;;;
2023-10-08 17:00:00;;;
2023-10-08 18:00:00;;;
2023-10-08 19:00:00;;;
2023-10-08 20:00:00;;;
2023-10-08 21:00:00;;;
2023-10-08 22:00:00;;;
2023-10-08 23:00:00;;;
2023-10-09 00:00:00;;;
2023-10-09 01:00:00;;;
2023-10-09 02:00:00;;;
2023-10-09 03:00:00;;;
2023-10-09 04:00:00;;;
2023-10-09 05:00:00;;;
2023-10-09 06:00:00;;;
2023-10-09 07:00:00;;;
2023-10-09 08:00:00;;;
2023-10-09 09:00:00;;;
2023-10-09 10:00:00;;;
2023-10-09 11:00:00;;;
2023-10-09 12:00:00;;;
2023-10-09 13:00:00;;;
2023-10-09 14:00:00;;;
2023-10-09 15:00:00;;;
2023-10-09 16:00:00;;;
2023-10-09 17:00:00;;;
2023-10-09 18:00:00;;;
2023-10-09 19:00:00;;;
2023-10-09 20:00:00;;;
2023-10-09 21:00:00;;;
2023-10-09 22:00:00;;;
2023-10-09 23:00:00;;;
2023-10-10 00:00:00;;;
2023-10-10 01:00:00;;;
2023-10-10 02:00:00;;;
2023-10-10 03:00:00;;;
2023-10-10 04:00:00;;;
2023-10-10 05:00:00;;;
2023-10-10 06:00:00;;;
2023-10-10 07:00:00;;;
2023-10-10 08:00:00;;;
2023-10-10 09:00:00;;;
2023-10-10 10:00:00;;;
2023-10-10 11:00:00;;;
2023-10-10 12:00:00;;;
2023-10-10 13:00:00;;;
2023-10-10 14:00:00;;;
2023-10-10 15:00:00;;;
2023-10-10 16:00:00;;;
2023-10-10 17:00:00;;;
2023-10-10 18:00:00;;;
2023-10-10 19:00:00;;;
2023-10-10 20:00:00;;;
2023-10-10 21:00:00;;;
2023-10-10 22:00:00;;;
2023-10-10 23:00:00;;;
2023-10-11 00:00:00;;;
2023-10-11 01:00:00;;;
2023-10-11 02:00:00;;;
2023-10-11 03:00:00;;;
2023-10-11 04:00:00;;;
2023-10-11 05:00:00;;;
2023-10-11 06:00:00;;;
2023-10-11 07:00:00;;;
2023-10-11 08:00:00;;;
2023-10-11 09:00:00;;;
2023-10-11 10:00:00;;;
2023-10-11 11:00:00;;;
2023-10-11 12:00:00;;;
2023-10-11 13:00:00;;;
2023-10-11 14:00:00;;;
2023-10-11 15:00:00;;;
2023-10-11 16:00:00;;;
2023-10-11 17:00:00;;;
2023-10-11 18:00:00;;;
2023-10-11 19:00:00;;;
2023-10-11 20:00:00;;;
2023-10-11 21:00:00;;;
2023-10-11 22:00:00;;;
2023-10-11 23:00:00;;;
2023-10-12 00:00:00;;;
2023-10-12 01:00:00;;;
2023-10-12 02:00:00;;;
2023-10-12 03:00:00;;;
2023-10-12 04:00:00;;;
2023-10-12 05:00:00;;;
2023-10-12 06:00:00;;;
2023-10-12 07:00:00;;;
2023-10-12 08:00:00;;;
2023-10-12 09:00:00;;;
2023-10-12 10:00:00;;;
2023-10-12 11:00:00;;;
2023-10-12 12:00:00;;;
2023-10-12 13:00:00;;;
2023-10-12 14:00:00;;;
2023-10-12 15:00:00;;;
2023-10-12 16:00:00;;;
2023-10-12 17:00:00;;;
2023-10-12 18:00:00;;;
2023-10-12 19:00:00;;;
2023-10-12 20:00:00;;;
2023-10-12 21:00:00;;;
2023-10-12 22:00:00;;;
2023-10-12 23:00:00;;;
2023-10-13 00:00:00;;;
2023-10-13 01:00:00;;;
2023-10-13 02:00:00;;;
2023-10-13 03:00:00;;;
2023-10-13 04:00:00;;;
2023-10-13 05:00:00;;;
2023-10-13 06:00:00;;;
2023-10-13 07:00:00;;;
2023-10-13 08:00:00;;;
2023-10-13 09:00:00;;;
2023-10-13 10:00:00;;;
2023-10-13 11:00:00;;;
2023-10-13 12:00:00;;;
2023-10-13 13:00:00;;;
2023-10-13 14:00:00;;;
2023-10-13 15:00:00;;;
2023-10-13 16:00:00;;;
2023-10-13 17:00:00;;;
2023-10-13 18:00:00;;;
2023-10-13 19:00:00;;;
2023-10-13 20:00:00;;;
2023-10-13 21:00:00;;;
2023-10-13 22:00:00;;;
2023-10-13 23:00:00;;;
2023-10-14 00:00:00;;;
2023-10-14 01:00:00;;;
2023-10-14 02:00:00;;;
2023-10-14 03:00:00;;;
2023-10-14 04:00:00;;;
2023-10-14 05:00:00;;;
2023-10-14 06:00:00;;;
2023-10-14 07:00:00;;;
2023-10-14 08:00:00;;;
2023-10-14 09:00:00;;;
2023-10-14 10:00:00;;;
2023-10-14 11:00:00;;;
2023-10-14 12:00:00;;;
2023-10-14 13:00:00;;;
2023-10-14 14:00:00;;;
2023-10-14 15:00:00;;;
2023-10-14 16:00:00;;;
2023-10-14 17:00:00;;;
2023-10-14 18:00:00;;;
2023-10-14 19:00:00;;;
2023-10-14 20:00:00;;;
2023-10-14 21:00:00;;;
2023-10-14 22:00:00;;;
2023-10-14 23:00:00;;;
2023-10-15 00:00:00;;;
2023-10-15 01:00:00;;;
2023-10-15 02:00:00;;;
2023-10-15 03:00:00;;;
2023-10-15 04:00:00;;;
2023-10-15 05:00:00;;;
2023-10-15 06:00:00;;;
2023-10-15 07:00:00;;;
2023-10-15 08:00:00;;;
2023-10-15 09:00:00;;;
2023-10-15 10:00:00;;;
2023-10-15 11:00:00;;;
2023-10-15 12:00:00;;;
2023-10-15 13:00:00;;;
2023-10-15 14:00:00;;;
2023-10-15 15:00:00;;;
2023-10-15 16:00:00;;;
2023-10-15 17:00:00;;;
2023-10-15 18:00:00;;;
2023-10-15 19:00:00;;;
2023-10-15 20:00:00;;;
2023-10-15 21:00:00;;;
2023-10-15 22:00:00;;;
2023-10-15 23:00:00;;;
2023-10-16 00:00:00;;;
2023-10-16 01:00:00;;;
2023-10-16 02:00:00;;;
2023-10-16 03:00:00;;;
2023-10-16 04:00:00;;;
2023-10-16 05:00:00;;;
2023-10-16 06:00:00;;;
2023-10-16 07:00:00;;;
2023-10-16 08:00:00;;;
2023-10-16 09:00:00;;;
2023-10-16 10:00:00;;;
2023-10-16 11:00:00;;;
2023-10-16 12:00:00;;;
2023-10-16 13:00:00;;;
2023-10-16 14:00:00;;;
2023-10-16 15:00:00;;;
2023-10-16 16:00:00;;;
2023-10-16 17:00:00;;;
2023-10-16 18:00:00;;;
2023-10-16 19:00:00;;;
2023-10-16 20:00:00;;;
2023-10-16 21:00:00;;;
2023-10-16 22:00:00;;;
2023-10-16 23:00:00;;;
2023-10-17 00:00:00;;;
2023-10-17 01:00:00;;;
2023-10-17 02:00:00;;;
2023-10-17 03:00:00;;;
2023-10-17 04:00:00;;;
2023-10-17 05:00:00;;;
2023-10-17 06:00:00;;;
2023-10-17 07:00:00;;;
2023-10-17 08:00:00;;;
2023-10-17 09:00:00;;;
2023-10-17 10:00:00;;;
2023-10-17 11:00:00;;;
2023-10-17 12:00:00;;;
2023-10-17 13:00:00;;;
2023-10-17 14:00:00;;;
2023-10-17 15:00:00;;;
2023-10-17 16:00:00;;;
2023-10-17 17:00:00;;;
2023-10-17 18:00:00;;;
2023-10-17 19:00:00;;;
2023-10-17 20:00:00;;;
2023-10-17 21:00:00;;;
2023-10-17 22:00:00;;;
2023-10-17 23:00:00;;;
2023-10-18 00:00:00;;;
2023-10-18 01:00:00;;;
2023-10-18 02:00:00;;;
2023-10-18 03:00:00;;;
2023-10-18 04:00:00;;;
2023-10-18 05:00:00;;;
2023-10-18 06:00:00;;;
2023-10-18 07:00:00;;;
2023-10-18 08:00:00;;;
2023-10-18 09:00:00;;;
2023-10-18 10:00:00;;;
2023-10-18 11:00:00;;;
2023-10-18 12:00:00;;;
2023-10-18 13:00:00;;;
2023-10-18 14:00:00;;;
2023-10-18 15:00:00;;;
2023-10-18 16:00:00;;;
2023-10-18 17:00:00;;;
2023-10-18 18:00:00;;;
2023-10-18 19:00:00;;;
2023-10-18 20:00:00;;;
2023-10-18 21:00:00;;;
2023-10-18 22:00:00;;;
2023-10-18 23:00:00;;;
2023-10-19 00:00:00;;;
2023-10-19 01:00:00;;;
2023-10-19 02:00:00;;;
2023-10-19 03:00:00;;;
2023-10-19 04:00:00;;;
2023-10-19 05:00:00;;;
2023-10-19 06:00:00;;;
2023-10-19 07:00:00;;;
2023-10-19 08:00:00;;;
2023-10-19 09:00:00;;;
2023-10-19 10:00:00;;;
2023-10-19 11:00:00;;;
2023-10-19 12:00:00;;;
2023-10-19 13:00:00;;;
2023-10-19 14:00:00;;;
2023-10-19 15:00:00;;;
2023-10-19 16:00:00;;;
2023-10-19 17:00:00;;;
2023-10-19 18:00:00;;;
2023-10-19 19:00:00;;;
2023-10-19 20:00:00;;;
2023-10-19 21:00:00;;;
2023-10-19 22:00:00;;;
2023-10-19 23:00:00;;;
2023-10-20 00:00:00;;;
2023-10-20 01:00:00;;;
2023-10-20 02:00:00;;;
2023-10-20 03:00:00;;;
2023-10-20 04:00:00;;;
2023-10-20 05:00:00;;;
2023-10-20 06:00:00;;;
2023-10-20 07:00:00;;;
2023-10-20 08:00:00;;;
2023-10-20 09:00:00;;;
2023-10-20 10:00:00;;;
2023-10-20 11:00:00;;;
2023-10-20 12:00:00;;;
2023-10-20 13:00:00;;;
2023-10-20 14:00:00;;;
2023-10-20 15:00:00;;;
2023-10-20 16:00:00;;;
2023-10-20 17:00:00;;;
2023-10-20 18:00:00;;;
2023-10-20 19:00:00;;;
2023-10-20 20:00:00;;;
2023-10-20 21:00:00;;;
2023-10-20 22:00:00;;;
2023-10-20 23:00:00;;;
2023-10-21 00:00:00;;;
2023-10-21 01:00:00;;;
2023-10-21 02:00:00;;;
2023-10-21 03:00:00;;;
2023-10-21 04:00:00;;;
2023-10-21 05:00:00;;;
2023-10-21 06:00:00;;;
2023-10-21 07:00:00;;;
2023-10-21 08:00:00;;;
2023-10-21 09:00:00;;;
2023-10-21 10:00:00;;;
2023-10-21 11:00:00;;;
2023-10-21 12:00:00;;;
2023-10-21 13:00:00;;;
2023-10-21 14:00:00;;;
2023-10-21 15:00:00;;;
2023-10-21 16:00:00;;;
2023-10-21 17:00:00;;;
2023-10-21 18:00:00;;;
2023-10-21 19:00:00;;;
2023-10-21 20:00:00;;;
2023-10-21 21:00:00;;;
2023-10-21 22:00:00;;;
2023-10-21 23:00:00;;;
2023-10-22 00:00:00;;;
2023-10-22 01:00:00;;;
2023-10-22 02:00:00;;;
2023-10-22 03:00:00;;;
2023-10-22 04:00:00;;;
2023-10-22 05:00:00;;;
2023-10-22 06:00:00;;;
2023-10-22 07:00:00;;;
2023-10-22 08:00:00;;;
2023-10-22 09:00:00;;;
2023-10-22 10:00:00;;;
2023-10-22 11:00:00;;;
2023-10-22 12:00:00;;;
2023-10-22 13:00:00;;;
2023-10-22 14:00:00;;;
2023-10-22 15:00:00;;;
2023-10-22 16:00:00;;;
2023-10-22 17:00:00;;;
2023-10-22 18:00:00;;;
2023-10-22 19:00:00;;;
2023-10-22 20:00:00;;;
2023-10-22 21:00:00;;;
2023-10-22 22:00:00;;;
2023-10-22 23:00:00;;;
2023-10-23 00:00:00;;;
2023-10-23 01:00:00;;;
2023-10-23 02:00:00;;;
2023-10-23 03:00:00;;;
2023-10-23 04:00:00;;;
2023-10-23 05:00:00;;;
2023-10-23 06:00:00;;;
2023-10-23 07:00:00;;;
2023-10-23 08:00:00;;;
2023-10-23 09:00:00;;;
2023-10-23 10:00:00;;;
2023-10-23 11:00:00;;;
2023-10-23 12:00:00;;;
2023-10-23 13:00:00;;;
2023-10-23 14:00:00;;;
2023-10-23 15:00:00;;;
2023-10-23 16:00:00;;;
2023-10-23 17:00:00;;;
2023-10-23 18:00:00;;;
2023-10-23 19:00:00;;;
2023-10-23 20:00:00;;;
2023-10-23 21:00:00;;;
2023-10-23 22:00:00;;;
2023-10-23 23:00:00;;;
2023-10-24 00:00:00;;;
2023-10-24 01:00:00;;;
2023-10-24 02:00:00;;;
2023-10-24 03:00:00;;;
2023-10-24 04:00:00;;;
2023-10-24 05:00:00;;;
2023-10-24 06:00:00;;;
2023-10-24 07:00:00;;;
2023-10-24 08:00:00;;;
2023-10-24 09:00:00;;;
2023-10-24 10:00:00;;;
2023-10-24 11:00:00;;;
2023-10-24 12:00:00;;;
2023-10-24 13:00:00;;;
2023-10-24 14:00:00;;;
2023-10-24 15:00:00;;;
2023-10-24 16:00:00;;;
2023-10-24 17:00:00;;;
2023-10-24 18:00:00;;;
2023-10-24 19:00:00;;;
2023-10-24 20:00:00;;;
2023-10-24 21:00:00;;;
2023-10-24 22:00:00;;;
2023-10-24 23:00:00;;;
2023-10-25 00:00:00;;;
2023-10-25 01:00:00;;;
2023-10-25 02:00:00;;;
2023-10-25 03:00:00;;;
2023-10-25 04:00:00;;;
2023-10-25 05:00:00;;;
2023-10-25 06:00:00;;;
2023-10-25 07:00:00;;;
2023-10-25 08:00:00;;;
2023-10-25 09:00:00;;;
2023-10-25 10:00:00;;;
2023-10-25 11:00:00;;;
2023-10-25 12:00:00;;;
2023-10-25 13:00:00;;;
2023-10-25 14:00:00;;;
2023-10-25 15:00:00;;;
2023-10-25 16:00:00;;;
2023-10-25 17:00:00;;;
2023-10-25 18:00:00;;;
2023-10-25 19:00:00;;;
2023-10-25 20:00:00;;;
2023-10-25 21:00:00;;;
2023-10-25 22:00:00;;;
2023-10-25 23:00:00;;;
2023-10-26 00:00:00;;;
2023-10-26 01:00:00;;;
2023-10-26 02:00:00;;;
2023-10-26 03:00:00;;;
2023-10-26 04:00:00;;;
2023-10-26 05:00:00;;;
2023-10-26 06:00:00;;;
2023-10-26 07:00:00;;;
2023-10-26 08:00:00;;;
2023-10-26 09:00:00;;;
2023-10-26 10:00:00;;;
2023-10-26 11:00:00;;;
2023-10-26 12:00:00;;;
2023-10-26 13:00:00;;;
2023-10-26 14:00:00;;;
2023-10-26 15:00:00;;;
2023-10-26 16:00:00;;;
2023-10-26 17:00:00;;;
2023-10-26 18:00:00;;;
2023-10-26 19:00:00;;;
2023-10-26 20:00:00;;;
2023-10-26 21:00:00;;;
2023-10-26 22:00:00;;;
2023-10-26 23:00:00;;;
2023-10-27 00:00:00;;;
2023-10-27 01:00:00;;;
2023-10-27 02:00:00;;;
2023-10-27 03:00:00;;;
2023-10-27 04:00:00;;;
2023-10-27 05:00:00;;;
2023-10-27 06:00:00;;;
2023-10-27 07:00:00;;;
2023-10-27 08:00:00;;;
2023-10-27 09:00:00;;;
2023-10-27 10:00:00;;;
2023-10-27 11:00:00;;;
2023-10-27 12:00:00;;;
2023-10-27 13:00:00;;;
2023-10-27 14:00:00;;;
2023-10-27 15:00:00;;;
2023-10-27 16:00:00;;;
2023-10-27 17:00:00;;;
2023-10-27 18:00:00;;;
2023-10-27 19:00:00;;;
2023-10-27 20:00:00;;;
2023-10-27 21:00:00;;;
2023-10-27 22:00:00;;;
2023-10-27 23:00:00;;;
2023-10-28 00:00:00;;;
2023-10-28 01:00:00;;;
2023-10-28 02:00:00;;;
2023-10-28 03:00:00;;;
2023-10-28 04:00:00;;;
2023-10-28 05:00:00;;;
2023-10-28 06:00:00;;;
2023-10-28 07:00:00;;;
2023-10-28 08:00:00;;;
2023-10-28 09:00:00;;;
2023-10-28 10:00:00;;;
2023-10-28 11:00:00;;;
2023-10-28 12:00:00;;;
2023-10-28 13:00:00;;;
2023-10-28 14:00:00;;;
2023-10-28 15:00:00;;;
2023-10-28 16:00:00;;;
2023-10-28 17:00:00;;;
2023-10-28 18:00:00;;;
2023-10-28 19:00:00;;;
2023-10-28 20:00:00;;;
2023-10-28 21:00:00;;;
2023-10-28 22:00:00;;;
2023-10-28 23:00:00;;;
2023-10-29 00:00:00;;;
2023-10-29 01:00:00;;;
2023-10-29 02:00:00;;;
2023-10-29 03:00:00;;;
2023-10-29 04:00:00;;;
2023-10-29 05:00:00;;;
2023-10-29 06:00:00;;;
2023-10-29 07:00:00;;;
2023-10-29 08:00:00;;;
2023-10-29 09:00:00;;;
2023-10-29 10:00:00;;;
2023-10-29 11:00:00;;;
2023-10-29 12:00:00;;;
2023-10-29 13:00:00;;;
2023-10-29 14:00:00;;;
2023-10-29 15:00:00;;;
2023-10-29 16:00:00;;;
2023-10-29 17:00:00;;;
2023-10-29 18:00:00;;;
2023-10-29 19:00:00;;;
2023-10-29 20:00:00;;;
2023-10-29 21:00:00;;;
2023-10-29 22:00:00;;;
2023-10-29 23:00:00;;;
2023-10-30 00:00:00;;;
2023-10-30 01:00:00;;;
2023-10-30 02:00:00;;;
2023-10-30 03:00:00;;;
2023-10-30 04:00:00;;;
2023-10-30 05:00:00;;;
2023-10-30 06:00:00;;;
2023-10-30 07:00:00;;;
2023-10-30 08:00:00;;;
2023-10-30 09:00:00;;;
2023-10-30 10:00:00;;;
2023-10-30 11:00:00;;;
2023-10-30 12:00:00;;;
2023-10-30 13:00:00;;;
2023-10-30 14:00:00;;;
2023-10-30 15:00:00;;;
2023-10-30 16:00:00;;;
2023-10-30 17:00:00;;;
2023-10-30 18:00:00;;;
2023-10-30 19:00:00;;;
2023-10-30 20:00:00;;;
2023-10-30 21:00:00;;;
2023-10-30 22:00:00;;;
2023-10-30 23:00:00;;;
2023-10-31 00:00:00;;;
2023-10-31 01:00:00;;;
2023-10-31 02:00:00;;;
2023-10-31 03:00:00;;;
2023-10-31 04:00:00;;;
2023-10-31 05:00:00;;;
2023-10-31 06:00:00;;;
2023-10-31 07:00:00;;;
2023-10-31 08:00:00;;;
2023-10-31 09:00:00;;;
2023-10-31 10:00:00;;;
2023-10-31 11:00:00;;;
2023-10-31 12:00:00;;;
2023-10-31 13:00:00;;;
2023-10-31 14:00:00;;;
2023-10-31 15:00:00;;;
2023-10-31 16:00:00;;;
2023-10-31 17:00:00;;;
2023-10-31 18:00:00;;;
2023-10-31 19:00:00;;;
2023-10-31 20:00:00;;;
2023-10-31 21:00:00;;;
2023-10-31 22:00:00;;;
2023-10-31 23:00:00;;;
2023-11-01 00:00:00;;;
2023-11-01 01:00:00;;;
2023-11-01 02:00:00;;;
2023-11-01 03:00:00;;;
2023-11-01 04:00:00;;;
2023-11-01 05:00:00;;;
2023-11-01 06:00:00;;;
2023-11-01 07:00:00;;;
2023-11-01 08:00:00;;;
2023-11-01 09:00:00;;;
2023-11-01 10:00:00;;;
2023-11-01 11:00:00;;;
2023-11-01 12:00:00;;;
2023-11-01 13:00:00;;;
2023-11-01 14:00:00;;;
2023-11-01 15:00:00;;;
2023-11-01 16:00:00;;;
2023-11-01 17:00:00;;;
2023-11-01 18:00:00;;;
2023-11-01 19:00:00;;;
2023-11-01 20:00:00;;;
2023-11-01 21:00:00;;;
2023-11-01 22:00:00;;;
2023-11-01 23:00:00;;;
2023-11-02 00:00:00;;;
2023-11-02 01:00:00;;;
2023-11-02 02:00:00;;;
2023-11-02 03:00:00;;;
2023-11-02 04:00:00;;;
2023-11-02 05:00:00;;;
2023-11-02 06:00:00;;;
2023-11-02 07:00:00;;;
2023-11-02 08:00:00;;;
2023-11-02 09:00:00;;;
2023-11-02 10:00:00;;;
2023-11-02 11:00:00;;;
2023-11-02 12:00:00;;;
2023-11-02 13:00:00;;;
2023-11-02 14:00:00;;;
2023-11-02 15:00:00;;;
2023-11-02 16:00:00;;;
2023-11-02 17:00:00;;;
2023-11-02 18:00:00;;;
2023-11-02 19:00:00;;;
2023-11-02 20:00:00;;;
2023-11-02 21:00:00;;;
2023-11-02 22:00:00;;;
2023-11-02 23:00:00;;;
2023-11-03 00:00:00;;;
2023-11-03 01:00:00;;;
2023-11-03 02:00:00;;;
2023-11-03 03:00:00;;;
2023-11-03 04:00:00;;;
2023-11-03 05:00:00;;;
2023-11-03 06:00:00;;;
2023-11-03 07:00:00;;;
2023-11-03 08:00:00;;;
2023-11-03 09:00:00;;;
2023-11-03 10:00:00;;;
2023-11-03 11:00:00;;;
2023-11-03 12:00:00;;;
2023-11-03 13:00:00;;;
2023-11-03 14:00:00;;;
2023-11-03 15:00:00;;;
2023-11-03 16:00:00;;;
2023-11-03 17:00:00;;;
2023-11-03 18:00:00;;;
2023-11-03 19:00:00;;;
2023-11-03 20:00:00;;;
2023-11-03 21:00:00;;;
2023-11-03 22:00:00;;;
2023-11-03 23:00:00;;;
2023-11-04 00:00:00;;;
2023-11-04 01:00:00;;;
2023-11-04 02:00:00;;;
2023-11-04 03:00:00;;;
2023-11-04 04:00:00;;;
2023-11-04 05:00:00;;;
2023-11-04 06:00:00;;;
2023-11-04 07:00:00;;;
2023-11-04 08:00:00;;;
2023-11-04 09:00:00;;;
2023-11-04 10:00:00;;;
2023-11-04 11:00:00;;;
2023-11-04 12:00:00;;;
2023-11-04 13:00:00;;;
2023-11-04 14:00:00;;;
2023-11-04 15:00:00;;;
2023-11-04 16:00:00;;;
2023-11-04 17:00:00;;;
2023-11-04 18:00:00;;;
2023-11-04 19:00:00;;;
2023-11-04 20:00:00;;;
2023-11-04 21:00:00;;;
2023-11-04 22:00:00;;;
2023-11-04 23:00:00;;;
2023-11-05 00:00:00;;;
2023-11-05 01:00:00;;;
2023-11-05 02:00:00;;;
2023-11-05 03:00:00;;;
2023-11-05 04:00:00;;;
2023-11-05 05:00:00;;;
2023-11-05 06:00:00;;;
2023-11-05 07:00:00;;;
2023-11-05 08:00:00;;;
2023-11-05 09:00:00;;;
2023-11-05 10:00:00;;;
2023-11-05 11:00:00;;;
2023-11-05 12:00:00;;;
2023-11-05 13:00:00;;;
2023-11-05 14:00:00;;;
2023-11-05 15:00:00;;;
2023-11-05 16:00:00;;;
2023-11-05 17:00:00;;;
2023-11-05 18:00:00;;;
2023-11-05 19:00:00;;;
2023-11-05 20:00:00;;;
2023-11-05 21:00:00;;;
2023-11-05 22:00:00;;;
2023-11-05 23:00:00;;;
2023-11-06 00:00:00;;;
2023-11-06 01:00:00;;;
2023-11-06 02:00:00;;;
2023-11-06 03:00:00;;;
2023-11-06 04:00:00;;;
2023-11-06 05:00:00;;;
2023-11-06 06:00:00;;;
2023-11-06 07:00:00;;;
2023-11-06 08:00:00;;;
2023-11-06 09:00:00;;;
2023-11-06 10:00:00;;;
2023-11-06 11:00:00;;;
2023-11-06 12:00:00;;;
2023-11-06 13:00:00;;;
2023-11-06 14:00:00;;;
2023-11-06 15:00:00;;;
2023-11-06 16:00:00;;;
2023-11-06 17:00:00;;;
2023-11-06 18:00:00;;;
2023-11-06 19:00:00;;;
2023-11-06 20:00:00;;;
2023-11-06 21:00:00;;;
2023-11-06 22:00:00;;;
2023-11-06 23:00:00;;;
2023-11-07 00:00:00;;;
2023-11-07 01:00:00;;;
2023-11-07 02:00:00;;;
2023-11-07 03:00:00;;;
2023-11-07 04:00:00;;;
2023-11-07 05:00:00;;;
2023-11-07 06:00:00;;;
2023-11-07 07:00:00;;;
2023-11-07 08:00:00;;;
2023-11-07 09:00:00;;;
2023-11-07 10:00:00;;;
2023-11-07 11:00:00;;;
2023-11-07 12:00:00;;;
2023-11-07 13:00:00;;;
2023-11-07 14:00:00;;;
2023-11-07 15:00:00;;;
2023-11-07 16:00:00;;;
2023-11-07 17:00:00;;;
2023-11-07 18:00:00;;;
2023-11-07 19:00:00;;;
2023-11-07 20:00:00;;;
2023-11-07 21:00:00;;;
2023-11-07 22:00:00;;;
2023-11-07 23:00:00;;;
2023-11-08 00:00:00;;;
2023-11-08 01:00:00;;;
2023-11-08 02:00:00;;;
2023-11-08 03:00:00;;;
2023-11-08 04:00:00;;;
2023-11-08 05:00:00;;;
2023-11-08 06:00:00;;;
2023-11-08 07:00:00;;;
2023-11-08 08:00:00;;;
2023-11-08 09:00:00;;;
2023-11-08 10:00:00;;;
2023-11-08 11:00:00;;;
2023-11-08 12:00:00;;;
2023-11-08 13:00:00;;;
2023-11-08 14:00:00;;;
2023-11-08 15:00:00;;;
2023-11-08 16:00:00;;;
2023-11-08 17:00:00;;;
2023-11-08 18:00:00;;;
2023-11-08 19:00:00;;;
2023-11-08 20:00:00;;;
2023-11-08 21:00:00;;;
2023-11-08 22:00:00;;;
2023-11-08 23:00:00;;;
2023-11-09 00:00:00;;;
2023-11-09 01:00:00;;;
2023-11-09 02:00:00;;;
2023-11-09 03:00:00;;;
2023-11-09 04:00:00;;;
2023-11-09 05:00:00;;;
2023-11-09 06:00:00;;;
2023-11-09 07:00:00;;;
2023-11-09 08:00:00;;;
2023-11-09 09:00:00;;;
2023-11-09 10:00:00;;;
2023-11-09 11:00:00;;;
2023-11-09 12:00:00;;;
2023-11-09 13:00:00;;;
2023-11-09 14:00:00;;;
2023-11-09 15:00:00;;;
2023-11-09 16:00:00;;;
2023-11-09 17:00:00;;;
2023-11-09 18:00:00;;;
2023-11-09 19:00:00;;;
2023-11-09 20:00:00;;;
2023-11-09 21:00:00;;;
2023-11-09 22:00:00;;;
2023-11-09 23:00:00;;;
2023-11-10 00:00:00;;;
2023-11-10 01:00:00;;;
2023-11-10 02:00:00;;;
2023-11-10 03:00:00;;;
2023-11-10 04:00:00;;;
2023-11-10 05:00:00;;;
2023-11-10 06:00:00;;;
2023-11-10 07:00:00;;;
2023-11-10 08:00:00;;;
2023-11-10 09:00:00;;;
2023-11-10 10:00:00;;;
2023-11-10 11:00:00;;;
2023-11-10 12:00:00;;;
2023-11-10 13:00:00;;;
2023-11-10 14:00:00;;;
2023-11-10 15:00:00;;;
2023-11-10 16:00:00;;;
2023-11-10 17:00:00;;;
2023-11-10 18:00:00;;;
2023-11-10 19:00:00;;;
2023-11-10 20:00:00;;;
2023-11-10 21:00:00;;;
2023-11-10 22:00:00;;;
2023-11-10 23:00:00;;;
2023-11-11 00:00:00;;;
2023-11-11 01:00:00;;;
2023-11-11 02:00:00;;;
2023-11-11 03:00:00;;;
2023-11-11 04:00:00;;;
2023-11-11 05:00:00;;;
2023-11-11 06:00:00;;;
2023-11-11 07:00:00;;;
2023-11-11 08:00:00;;;
2023-11-11 09:00:00;;;
2023-11-11 10:00:00;;;
2023-11-11 11:00:00;;;
2023-11-11 12:00:00;;;
2023-11-11 13:00:00;;;
2023-11-11 14:00:00;;;
2023-11-11 15:00:00;;;
2023-11-11 16:00:00;;;
2023-11-11 17:00:00;;;
2023-11-11 18:00:00;;;
2023-11-11 19:00:00;;;
2023-11-11 20:00:00;;;
2023-11-11 21:00:00;;;
2023-11-11 22:00:00;;;
2023-11-11 23:00:00;;;
2023-11-12 00:00:00;;;
2023-11-12 01:00:00;;;
2023-11-12 02:00:00;;;
2023-11-12 03:00:00;;;
2023-11-12 04:00:00;;;
2023-11-12 05:00:00;;;
2023-11-12 06:00:00;;;
2023-11-12 07:00:00;;;
2023-11-12 08:00:00;;;
2023-11-12 09:00:00;;;
2023-11-12 10:00:00;;;
2023-11-12 11:00:00;;;
2023-11-12 12:00:00;;;
2023-11-12 13:00:00;;;
2023-11-12 14:00:00;;;
2023-11-12 15:00:00;;;
2023-11-12 16:00:00;;;
2023-11-12 17:00:00;;;
2023-11-12 18:00:00;;;
2023-11-12 19:00:00;;;
2023-11-12 20:00:00;;;
2023-11-12 21:00:00;;;
2023-11-12 22:00:00;;;
2023-11-12 23:00:00;;;
2023-11-13 00:00:00;;;
2023-11-13 01:00:00;;;
2023-11-13 02:00:00;;;
2023-11-13 03:00:00;;;
2023-11-13 04:00:00;;;
2023-11-13 05:00:00;;;
2023-11-13 06:00:00;;;
2023-11-13 07:00:00;;;
2023-11-13 08:00:00;;;
2023-11-13 09:00:00;;;
2023-11-13 10:00:00;;;
2023-11-13 11:00:00;;;
2023-11-13 12:00:00;;;
2023-11-13 13:00:00;;;
2023-11-13 14:00:00;;;
2023-11-13 15:00:00;;;
2023-11-13 16:00:00;;;
2023-11-13 17:00:00;;;
2023-11-13 18:00:00;;;
2023-11-13 19:00:00;;;
2023-11-13 20:00:00;;;
2023-11-13 21:00:00;;;
2023-11-13 22:00:00;;;
2023-11-13 23:00:00;;;
2023-11-14 00:00:00;;;
2023-11-14 01:00:00;;;
2023-11-14 02:00:00;;;
2023-11-14 03:00:00;;;
2023-11-14 04:00:00;;;
2023-11-14 05:00:00;;;
2023-11-14 06:00:00;;;
2023-11-14 07:00:00;;;
2023-11-14 08:00:00;;;
2023-11-14 09:00:00;;;
2023-11-14 10:00:00;;;
2023-11-14 11:00:00;;;
2023-11-14 12:00:00;;;
2023-11-14 13:00:00;;;
2023-11-14 14:00:00;;;
2023-11-14 15:00:00;;;
2023-11-14 16:00:00;;;
2023-11-14 17:00:00;;;
2023-11-14 18:00:00;;;
2023-11-14 19:00:00;;;
2023-11-14 20:00:00;;;
2023-11-14 21:00:00;;;
2023-11-14 22:00:00;;;
2023-11-14 23:00:00;;;
2023-11-15 00:00:00;;;
2023-11-15 01:00:00;;;
2023-11-15 02:00:00;;;
2023-11-15 03:00:00;;;
2023-11-15 04:00:00;;;
2023-11-15 05:00:00;;;
2023-11-15 06:00:00;;;
2023-11-15 07:00:00;;;
2023-11-15 08:00:00;;;
2023-11-15 09:00:00;;;
2023-11-15 10:00:00;;;
2023-11-15 11:00:00;;;
2023-11-15 12:00:00;;;
2023-11-15 13:00:00;;;
2023-11-15 14:00:00;;;
2023-11-15 15:00:00;;;
2023-11-15 16:00:00;;;
2023-11-15 17:00:00;;;
2023-11-15 18:00:00;;;
2023-11-15 19:00:00;;;
2023-11-15 20:00:00;;;
2023-11-15 21:00:00;;;
2023-11-15 22:00:00;;;
2023-11-15 23:00:00;;;
2023-11-16 00:00:00;;;
2023-11-16 01:00:00;;;
2023-11-16 02:00:00;;;
2023-11-16 03:00:00;;;
2023-11-16 04:00:00;;;
2023-11-16 05:00:00;;;
2023-11-16 06:00:00;;;
2023-11-16 07:00:00;;;
2023-11-16 08:00:00;;;
2023-11-16 09:00:00;;;
2023-11-16 10:00:00;;;
2023-11-16 11:00:00;;;
2023-11-16 12:00:00;;;
2023-11-16 13:00:00;;;
2023-11-16 14:00:00;;;
2023-11-16 15:00:00;;;
2023-11-16 16:00:00;;;
2023-11-16 17:00:00;;;
2023-11-16 18:00:00;;;
2023-11-16 19:00:00;;;
2023-11-16 20:00:00;;;
2023-11-16 21:00:00;;;
2023-11-16 22:00:00;;;
2023-11-16 23:00:00;;;
2023-11-17 00:00:00;;;
2023-11-17 01:00:00;;;
2023-11-17 02:00:00;;;
2023-11-17 03:00:00;;;
2023-11-17 04:00:00;;;
2023-11-17 05:00:00;;;
2023-11-17 06:00:00;;;
2023-11-17 07:00:00;;;
2023-11-17 08:00:00;;;
2023-11-17 09:00:00;;;
2023-11-17 10:00:00;;;
2023-11-17 11:00:00;;;
2023-11-17 12:00:00;;;
2023-11-17 13:00:00;;;
2023-11-17 14:00:00;;;
2023-11-17 15:00:00;;;
2023-11-17 16:00:00;;;
2023-11-17 17:00:00;;;
2023-11-17 18:00:00;;;
2023-11-17 19:00:00;;;
2023-11-17 20:00:00;;;
2023-11-17 21:00:00;;;
2023-11-17 22:00:00;;;
2023-11-17 23:00:00;;;
2023-11-18 00:00:00;;;
2023-11-18 01:00:00;;;
2023-11-18 02:00:00;;;
2023-11-18 03:00:00;;;
2023-11-18 04:00:00;;;
2023-11-18 05:00:00;;;
2023-11-18 06:00:00;;;
2023-11-18 07:00:00;;;
2023-11-18 08:00:00;;;
2023-11-18 09:00:00;;;
2023-11-18 10:00:00;;;
2023-11-18 11:00:00;;;
2023-11-18 12:00:00;;;
2023-11-18 13:00:00;;;
2023-11-18 14:00:00;;;
2023-11-18 15:00:00;;;
2023-11-18 16:00:00;;;
2023-11-18 17:00:00;;;
2023-11-18 18:00:00;;;
2023-11-18 19:00:00;;;
2023-11-18 20:00:00;;;
2023-11-18 21:00:00;;;
2023-11-18 22:00:00;;;
2023-11-18 23:00:00;;;
2023-11-19 00:00:00;;;
2023-11-19 01:00:00;;;
2023-11-19 02:00:00;;;
2023-11-19 03:00:00;;;
2023-11-19 04:00:00;;;
2023-11-19 05:00:00;;;
2023-11-19 06:00:00;;;
2023-11-19 07:00:00;;;
2023-11-19 08:00:00;;;
2023-11-19 09:00:00;;;
2023-11-19 10:00:00;;;
2023-11-19 11:00:00;;;
2023-11-19 12:00:00;;;
2023-11-19 13:00:00;;;
2023-11-19 14:00:00;;;
2023-11-19 15:00:00;;;
2023-11-19 16:00:00;;;
2023-11-19 17:00:00;;;
2023-11-19 18:00:00;;;
2023-11-19 19:00:00;;;
2023-11-19 20:00:00;;;
2023-11-19 21:00:00;;;
2023-11-19 22:00:00;;;
2023-11-19 23:00:00;;;
2023-11-20 00:00:00;;;
2023-11-20 01:00:00;;;
2023-11-20 02:00:00;;;
2023-11-20 03:00:00;;;
2023-11-20 04:00:00;;;
2023-11-20 05:00:00;;;
2023-11-20 06:00:00;;;
2023-11-20 07:00:00;;;
2023-11-20 08:00:00;;;
2023-11-20 09:00:00;;;
2023-11-20 10:00:00;;;
2023-11-20 11:00:00;;;
2023-11-20 12:00:00;;;
2023-11-20 13:00:00;;;
2023-11-20 14:00:00;;;
2023-11-20 15:00:00;;;
2023-11-20 16:00:00;;;
2023-11-20 17:00:00;;;
2023-11-20 18:00:00;;;
2023-11-20 19:00:00;;;
2023-11-20 20:00:00;;;
2023-11-20 21:00:00;;;
2023-11-20 22:00:00;;;
2023-11-20 23:00:00;;;
2023-11-21 00:00:00;;;
2023-11-21 01:00:00;;;
2023-11-21 02:00:00;;;
2023-11-21 03:00:00;;;
2023-11-21 04:00:00;;;
2023-11-21 05:00:00;;;
2023-11-21 06:00:00;;;
2023-11-21 07:00:00;;;
2023-11-21 08:00:00;;;
2023-11-21 09:00:00;;;
2023-11-21 10:00:00;;;
2023-11-21 11:00:00;;;
2023-11-21 12:00:00;;;
2023-11-21 13:00:00;;;
2023-11-21 14:00:00;;;
2023-11-21 15:00:00;;;
2023-11-21 16:00:00;;;
2023-11-21 17:00:00;;;
2023-11-21 18:00:00;;;
2023-11-21 19:00:00;;;
2023-11-21 20:00:00;;;
2023-11-21 21:00:00;;;
2023-11-21 22:00:00;;;
2023-11-21 23:00:00;;;
2023-11-22 00:00:00;;;
2023-11-22 01:00:00;;;
2023-11-22 02:00:00;;;
2023-11-22 03:00:00;;;
2023-11-22 04:00:00;;;
2023-11-22 05:00:00;;;
2023-11-22 06:00:00;;;
2023-11-22 07:00:00;;;
2023-11-22 08:00:00;;;
2023-11-22 09:00:00;;;
2023-11-22 10:00:00;;;
2023-11-22 11:00:00;;;
2023-11-22 12:00:00;;;
2023-11-22 13:00:00;;;
2023-11-22 14:00:00;;;
2023-11-22 15:00:00;;;
2023-11-22 16:00:00;;;
2023-11-22 17:00:00;;;
2023-11-22 18:00:00;;;
2023-11-22 19:00:00;;;
2023-11-22 20:00:00;;;
2023-11-22 21:00:00;;;
2023-11-22 22:00:00;;;
2023-11-22 23:00:00;;;
2023-11-23 00:00:00;;;
2023-11-23 01:00:00;;;
2023-11-23 02:00:00;;;
2023-11-23 03:00:00;;;
2023-11-23 04:00:00;;;
2023-11-23 05:00:00;;;
2023-11-23 06:00:00;;;
2023-11-23 07:00:00;;;
2023-11-23 08:00:00;;;
2023-11-23 09:00:00;;;
2023-11-23 10:00:00;;;
2023-11-23 11:00:00;;;
2023-11-23 12:00:00;;;
2023-11-23 13:00:00;;;
2023-11-23 14:00:00;;;
2023-11-23 15:00:00;;;
2023-11-23 16:00:00;;;
2023-11-23 17:00:00;;;
2023-11-23 18:00:00;;;
2023-11-23 19:00:00;;;
2023-11-23 20:00:00;;;
2023-11-23 21:00:00;;;
2023-11-23 22:00:00;;;
2023-11-23 23:00:00;;;
2023-11-24 00:00:00;;;
2023-11-24 01:00:00;;;
2023-11-24 02:00:00;;;
2023-11-24 03:00:00;;;
2023-11-24 04:00:00;;;
2023-11-24 05:00:00;;;
2023-11-24 06:00:00;;;
2023-11-24 07:00:00;;;
2023-11-24 08:00:00;;;
2023-11-24 09:00:00;;;
2023-11-24 10:00:00;;;
2023-11-24 11:00:00;;;
2023-11-24 12:00:00;;;
2023-11-24 13:00:00;;;
2023-11-24 14:00:00;;;
2023-11-24 15:00:00;;;
2023-11-24 16:00:00;;;
2023-11-24 17:00:00;;;
2023-11-24 18:00:00;;;
2023-11-24 19:00:00;;;
2023-11-24 20:00:00;;;
2023-11-24 21:00:00;;;
2023-11-24 22:00:00;;;
2023-11-24 23:00:00;;;
2023-11-25 00:00:00;;;
2023-11-25 01:00:00;;;
2023-11-25 02:00:00;;;
2023-11-25 03:00:00;;;
2023-11-25 04:00:00;;;
2023-11-25 05:00:00;;;
2023-11-25 06:00:00;;;
2023-11-25 07:00:00;;;
2023-11-25 08:00:00;;;
2023-11-25 09:00:00;;;
2023-11-25 10:00:00;;;
2023-11-25 11:00:00;;;
2023-11-25 12:00:00;;;
2023-11-25 13:00:00;;;
2023-11-25 14:00:00;;;
2023-11-25 15:00:00;;;
2023-11-25 16:00:00;;;
2023-11-25 17:00:00;;;
2023-11-25 18:00:00;;;
2023-11-25 19:00:00;;;
2023-11-25 20:00:00;;;
2023-11-25 21:00:00;;;
2023-11-25 22:00:00;;;
2023-11-25 23:00:00;;;
2023-11-26 00:00:00;;;
2023-11-26 01:00:00;;;
2023-11-26 02:00:00;;;
2023-11-26 03:00:00;;;
2023-11-26 04:00:00;;;
2023-11-26 05:00:00;;;
2023-11-26 06:00:00;;;
2023-11-26 07:00:00;;;
2023-11-26 08:00:00;;;
2023-11-26 09:00:00;;;
2023-11-26 10:00:00;;;
2023-11-26 11:00:00;;;
2023-11-26 12:00:00;;;
2023-11-26 13:00:00;;;
2023-11-26 14:00:00;;;
2023-11-26 15:00:00;;;
2023-11-26 16:00:00;;;
2023-11-26 17:00:00;;;
2023-11-26 18:00:00;;;
2023-11-26 19:00:00;;;
2023-11-26 20:00:00;;;
2023-11-26 21:00:00;;;
2023-11-26 22:00:00;;;
2023-11-26 23:00:00;;;
2023-11-27 00:00:00;;;
2023-11-27 01:00:00;;;
2023-11-27 02:00:00;;;
2023-11-27 03:00:00;;;
2023-11-27 04:00:00;;;
2023-11-27 05:00:00;;;
2023-11-27 06:00:00;;;
2023-11-27 07:00:00;;;
2023-11-27 08:00:00;;;
2023-11-27 09:00:00;;;
2023-11-27 10:00:00;;;
2023-11-27 11:00:00;;;
2023-11-27 12:00:00;;;
2023-11-27 13:00:00;;;
2023-11-27 14:00:00;;;
2023-11-27 15:00:00;;;
2023-11-27 16:00:00;;;
2023-11-27 17:00:00;;;
2023-11-27 18:00:00;;;
2023-11-27 19:00:00;;;
2023-11-27 20:00:00;;;
2023-11-27 21:00:00;;;
2023-11-27 22:00:00;;;
2023-11-27 23:00:00;;;
2023-11-28 00:00:00;;;
2023-11-28 01:00:00;;;
2023-11-28 02:00:00;;;
2023-11-28 03:00:00;;;
2023-11-28 04:00:00;;;
2023-11-28 05:00:00;;;
2023-11-28 06:00:00;;;
2023-11-28 07:00:00;;;
2023-11-28 08:00:00;;;
2023-11-28 09:00:00;;;
2023-11-28 10:00:00;;;
2023-11-28 11:00:00;;;
2023-11-28 12:00:00;;;
2023-11-28 13:00:00;;;
2023-11-28 14:00:00;;;
2023-11-28 15:00:00;;;
2023-11-28 16:00:00;;;
2023-11-28 17:00:00;;;
2023-11-28 18:00:00;;;
2023-11-28 19:00:00;;;
2023-11-28 20:00:00;;;
2023-11-28 21:00:00;;;
2023-11-28 22:00:00;;;
2023-11-28 23:00:00;;;
2023-11-29 00:00:00;;;
2023-11-29 01:00:00;;;
2023-11-29 02:00:00;;;
2023-11-29 03:00:00;;;
2023-11-29 04:00:00;;;
2023-11-29 05:00:00;;;
2023-11-29 06:00:00;;;
2023-11-29 07:00:00;;;
2023-11-29 08:00:00;;;
2023-11-29 09:00:00;;;
2023-11-29 10:00:00;;;
2023-11-29 11:00:00;;;
2023-11-29 12:00:00;;;
2023-11-29 13:00:00;;;
2023-11-29 14:00:00;;;
2023-11-29 15:00:00;;;
2023-11-29 16:00:00;;;
2023-11-29 17:00:00;;;
2023-11-29 18:00:00;;;
2023-11-29 19:00:00;;;
2023-11-29 20:00:00;;;
2023-11-29 21:00:00;;;
2023-11-29 22:00:00;;;
2023-11-29 23:00:00;;;
2023-11-30 00:00:00;;;
2023-11-30 01:00:00;;;
2023-11-30 02:00:00;;;
2023-11-30 03:00:00;;;
2023-11-30 04:00:00;;;
2023-11-30 05:00:00;;;
2023-11-30 06:00:00;;;
2023-11-30 07:00:00;;;
2023-11-30 08:00:00;;;
2023-11-30 09:00:00;;;
2023-11-30 10:00:00;;;
2023-11-30 11:00:00;;;
2023-11-30 12:00:00;;;
2023-11-30 13:00:00;;;
2023-11-30 14:00:00;;;
2023-11-30 15:00:00;;;
2023-11-30 16:00:00;;;
2023-11-30 17:00:00;;;
2023-11-30 18:00:00;;;
2023-11-30 19:00:00;;;
2023-11-30 20:00:00;;;
2023-11-30 21:00:00;;;
2023-11-30 22:00:00;;;
2023-11-30 23:00:00;;;
2023-12-01 00:00:00;;;
2023-12-01 01:00:00;;;
2023-12-01 02:00:00;;;
2023-12-01 03:00:00;;;
2023-12-01 04:00:00;;;
2023-12-01 05:00:00;;;
2023-12-01 06:00:00;;;
2023-12-01 07:00:00;;;
2023-12-01 08:00:00;;;
2023-12-01 09:00:00;;;
2023-12-01 10:00:00;;;
2023-12-01 11:00:00;;;
2023-12-01 12:00:00;;;
2023-12-01 13:00:00;;;
2023-12-01 14:00:00;;;
2023-12-01 15:00:00;;;
2023-12-01 16:00:00;;;
2023-12-01 17:00:00;;;
2023-12-01 18:00:00;;;
2023-12-01 19:00:00;;;
2023-12-01 20:00:00;;;
2023-12-01 21:00:00;;;
2023-12-01 22:00:00;;;
2023-12-01 23:00:00;;;
2023-12-02 00:00:00;;;
2023-12-02 01:00:00;;;
2023-12-02 02:00:00;;;
2023-12-02 03:00:00;;;
2023-12-02 04:00:00;;;
2023-12-02 05:00:00;;;
2023-12-02 06:00:00;;;
2023-12-02 07:00:00;;;
2023-12-02 08:00:00;;;
2023-12-02 09:00:00;;;
2023-12-02 10:00:00;;;
2023-12-02 11:00:00;;;
2023-12-02 12:00:00;;;
2023-12-02 13:00:00;;;
2023-12-02 14:00:00;;;
2023-12-02 15:00:00;;;
2023-12-02 16:00:00;;;
2023-12-02 17:00:00;;;
2023-12-02 18:00:00;;;
2023-12-02 19:00:00;;;
2023-12-02 20:00:00;;;
2023-12-02 21:00:00;;;
2023-12-02 22:00:00;;;
2023-12-02 23:00:00;;;
2023-12-03 00:00:00;;;
2023-12-03 01:00:00;;;
2023-12-03 02:00:00;;;
2023-12-03 03:00:00;;;
2023-12-03 04:00:00;;;
2023-12-03 05:00:00;;;
2023-12-03 06:00:00;;;
2023-12-03 07:00:00;;;
2023-12-03 08:00:00;;;
2023-12-03 09:00:00;;;
2023-12-03 10:00:00;;;
2023-12-03 11:00:00;;;
2023-12-03 12:00:00;;;
2023-12-03 13:00:00;;;
2023-12-03 14:00:00;;;
2023-12-03 15:00:00;;;
2023-12-03 16:00:00;;;
2023-12-03 17:00:00;;;
2023-12-03 18:00:00;;;
2023-12-03 19:00:00;;;
2023-12-03 20:00:00;;;
2023-12-03 21:00:00;;;
2023-12-03 22:00:00;;;
2023-12-03 23:00:00;;;
2023-12-04 00:00:00;;;
2023-12-04 01:00:00;;;
2023-12-04 02:00:00;;;
2023-12-04 03:00:00;;;
2023-12-04 04:00:00;;;
2023-12-04 05:00:00;;;
2023-12-04 06:00:00;;;
2023-12-04 07:00:00;;;
2023-12-04 08:00:00;;;
2023-12-04 09:00:00;;;
2023-12-04 10:00:00;;;
2023-12-04 11:00:00;;;
2023-12-04 12:00:00;;;
2023-12-04 13:00:00;;;
2023-12-04 14:00:00;;;
2023-12-04 15:00:00;;;
2023-12-04 16:00:00;;;
2023-12-04 17:00:00;;;
2023-12-04 18:00:00;;;
2023-12-04 19:00:00;;;
2023-12-04 20:00:00;;;
2023-12-04 21:00:00;;;
2023-12-04 22:00:00;;;
2023-12-04 23:00:00;;;
2023-12-05 00:00:00;;;
2023-12-05 01:00:00;;;
2023-12-05 02:00:00;;;
2023-12-05 03:00:00;;;
2023-12-05 04:00:00;;;
2023-12-05 05:00:00;;;
2023-12-05 06:00:00;;;
2023-12-05 07:00:00;;;
2023-12-05 08:00:00;;;
2023-12-05 09:00:00;;;
2023-12-05 10:00:00;;;
2023-12-05 11:00:00;;;
2023-12-05 12:00:00;;;
2023-12-05 13:00:00;;;
2023-12-05 14:00:00;;;
2023-12-05 15:00:00;;;
2023-12-05 16:00:00;;;
2023-12-05 17:00:00;;;
2023-12-05 18:00:00;;;
2023-12-05 19:00:00;;;
2023-12-05 20:00:00;;;
2023-12-05 21:00:00;;;
2023-12-05 22:00:00;;;
2023-12-05 23:00:00;;;
2023-12-06 00:00:00;;;
2023-12-06 01:00:00;;;
2023-12-06 02:00:00;;;
2023-12-06 03:00:00;;;
2023-12-06 04:00:00;;;
2023-12-06 05:00:00;;;
2023-12-06 06:00:00;;;
2023-12-06 07:00:00;;;
2023-12-06 08:00:00;;;
2023-12-06 09:00:00;;;
2023-12-06 10:00:00;;;
2023-12-06 11:00:00;;;
2023-12-06 12:00:00;;;
2023-12-06 13:00:00;;;
2023-12-06 14:00:00;;;
2023-12-06 15:00:00;;;
2023-12-06 16:00:00;;;
2023-12-06 17:00:00;;;
2023-12-06 18:00:00;;;
2023-12-06 19:00:00;;;
2023-12-06 20:00:00;;;
2023-12-06 21:00:00;;;
2023-12-06 22:00:00;;;
2023-12-06 23:00:00;;;
2023-12-07 00:00:00;;;
2023-12-07 01:00:00;;;
2023-12-07 02:00:00;;;
2023-12-07 03:00:00;;;
2023-12-07 04:00:00;;;
2023-12-07 05:00:00;;;
2023-12-07 06:00:00;;;
2023-12-07 07:00:00;;;
2023-12-07 08:00:00;;;
2023-12-07 09:00:00;;;
2023-12-07 10:00:00;;;
2023-12-07 11:00:00;;;
2023-12-07 12:00:00;;;
2023-12-07 13:00:00;;;
2023-12-07 14:00:00;;;
2023-12-07 15:00:00;;;
2023-12-07 16:00:00;;;
2023-12-07 17:00:00;;;
2023-12-07 18:00:00;;;
2023-12-07 19:00:00;;;
2023-12-07 20:00:00;;;
2023-12-07 21:00:00;;;
2023-12-07 22:00:00;;;
2023-12-07 23:00:00;;;
2023-12-08 00:00:00;;;
2023-12-08 01:00:00;;;
2023-12-08 02:00:00;;;
2023-12-08 03:00:00;;;
2023-12-08 04:00:00;;;
2023-12-08 05:00:00;;;
2023-12-08 06:00:00;;;
2023-12-08 07:00:00;;;
2023-12-08 08:00:00;;;
2023-12-08 09:00:00;;;
2023-12-08 10:00:00;;;
2023-12-08 11:00:00;;;
2023-12-08 12:00:00;;;
2023-12-08 13:00:00;;;
2023-12-08 14:00:00;;;
2023-12-08 15:00:00;;;
2023-12-08 16:00:00;;;
2023-12-08 17:00:00;;;
2023-12-08 18:00:00;;;
2023-12-08 19:00:00;;;
2023-12-08 20:00:00;;;
2023-12-08 21:00:00;;;
2023-12-08 22:00:00;;;
2023-12-08 23:00:00;;;
2023-12-09 00:00:00;;;
2023-12-09 01:00:00;;;
2023-12-09 02:00:00;;;
2023-12-09 03:00:00;;;
2023-12-09 04:00:00;;;
2023-12-09 05:00:00;;;
2023-12-09 06:00:00;;;
2023-12-09 07:00:00;;;
2023-12-09 08:00:00;;;
2023-12-09 09:00:00;;;
2023-12-09 10:00:00;;;
2023-12-09 11:00:00;;;
2023-12-09 12:00:00;;;
2023-12-09 13:00:00;;;
2023-12-09 14:00:00;;;
2023-12-09 15:00:00;;;
2023-12-09 16:00:00;;;
2023-12-09 17:00:00;;;
2023-12-09 18:00:00;;;
2023-12-09 19:00:00;;;
2023-12-09 20:00:00;;;
2023-12-09 21:00:00;;;
2023-12-09 22:00:00;;;
2023-12-09 23:00:00;;;
2023-12-10 00:00:00;;;
2023-12-10 01:00:00;;;
2023-12-10 02:00:00;;;
2023-12-10 03:00:00;;;
2023-12-10 04:00:00;;;
2023-12-10 05:00:00;;;
2023-12-10 06:00:00;;;
2023-12-10 07:00:00;;;
2023-12-10 08:00:00;;;
2023-12-10 09:00:00;;;
2023-12-10 10:00:00;;;
2023-12-10 11:00:00;;;
2023-12-10 12:00:00;;;
2023-12-10 13:00:00;;;
2023-12-10 14:00:00;;;
2023-12-10 15:00:00;;;
2023-12-10 16:00:00;;;
2023-12-10 17:00:00;;;
2023-12-10 18:00:00;;;
2023-12-10 19:00:00;;;
2023-12-10 20:00:00;;;
2023-12-10 21:00:00;;;
2023-12-10 22:00:00;;;
2023-12-10 23:00:00;;;
2023-12-11 00:00:00;;;
2023-12-11 01:00:00;;;
2023-12-11 02:00:00;;;
2023-12-11 03:00:00;;;
2023-12-11 04:00:00;;;
2023-12-11 05:00:00;;;
2023-12-11 06:00:00;;;
2023-12-11 07:00:00;;;
2023-12-11 08:00:00;;;
2023-12-11 09:00:00;;;
2023-12-11 10:00:00;;;
2023-12-11 11:00:00;;;
2023-12-11 12:00:00;;;
2023-12-11 13:00:00;;;
2023-12-11 14:00:00;;;
2023-12-11 15:00:00;;;
2023-12-11 16:00:00;;;
2023-12-11 17:00:00;;;
2023-12-11 18:00:00;;;
2023-12-11 19:00:00;;;
2023-12-11 20:00:00;;;
2023-12-11 21:00:00;;;
2023-12-11 22:00:00;;;
2023-12-11 23:00:00;;;
2023-12-12 00:00:00;;;
2023-12-12 01:00:00;;;
2023-12-12 02:00:00;;;
2023-12-12 03:00:00;;;
2023-12-12 04:00:00;;;
2023-12-12 05:00:00;;;
2023-12-12 06:00:00;;;
2023-12-12 07:00:00;;;
2023-12-12 08:00:00;;;
2023-12-12 09:00:00;;;
2023-12-12 10:00:00;;;
2023-12-12 11:00:00;;;
2023-12-12 12:00:00;;;
2023-12-12 13:00:00;;;
2023-12-12 14:00:00;;;
2023-12-12 15:00:00;;;
2023-12-12 16:00:00;;;
2023-12-12 17:00:00;;;
2023-12-12 18:00:00;;;
2023-12-12 19:00:00;;;
2023-12-12 20:00:00;;;
2023-12-12 21:00:00;;;
2023-12-12 22:00:00;;;
2023-12-12 23:00:00;;;
2023-12-13 00:00:00;;;
2023-12-13 01:00:00;;;
2023-12-13 02:00:00;;;
2023-12-13 03:00:00;;;
2023-12-13 04:00:00;;;
2023-12-13 05:00:00;;;
2023-12-13 06:00:00;;;
2023-12-13 07:00:00;;;
2023-12-13 08:00:00;;;
2023-12-13 09:00:00;;;
2023-12-13 10:00:00;;;
2023-12-13 11:00:00;;;
2023-12-13 12:00:00;;;
2023-12-13 13:00:00;;;
2023-12-13 14:00:00;;;
2023-12-13 15:00:00;;;
2023-12-13 16:00:00;;;
2023-12-13 17:00:00;;;
2023-12-13 18:00:00;;;
2023-12-13 19:00:00;;;
2023-12-13 20:00:00;;;
2023-12-13 21:00:00;;;
2023-12-13 22:00:00;;;
2023-12-13 23:00:00;;;
2023-12-14 00:00:00;;;
2023-12-14 01:00:00;;;
2023-12-14 02:00:00;;;
2023-12-14 03:00:00;;;
2023-12-14 04:00:00;;;
2023-12-14 05:00:00;;;
2023-12-14 06:00:00;;;
2023-12-14 07:00:00;;;
2023-12-14 08:00:00;;;
2023-12-14 09:00:00;;;
2023-12-14 10:00:00;;;
2023-12-14 11:00:00;;;
2023-12-14 12:00:00;;;
2023-12-14 13:00:00;;;
2023-12-14 14:00:00;;;
2023-12-14 15:00:00;;;
2023-12-14 16:00:00;;;
2023-12-14 17:00:00;;;
2023-12-14 18:00:00;;;
2023-12-14 19:00:00;;;
2023-12-14 20:00:00;;;
2023-12-14 21:00:00;;;
2023-12-14 22:00:00;;;
2023-12-14 23:00:00;;;
2023-12-15 00:00:00;;;
2023-12-15 01:00:00;;;
2023-12-15 02:00:00;;;
2023-12-15 03:00:00;;;
2023-12-15 04:00:00;;;
2023-12-15 05:00:00;;;
2023-12-15 06:00:00;;;
2023-12-15 07:00:00;;;
2023-12-15 08:00:00;;;
2023-12-15 09:00:00;;;
2023-12-15 10:00:00;;;
2023-12-15 11:00:00;;;
2023-12-15 12:00:00;;;
2023-12-15 13:00:00;;;
2023-12-15 14:00:00;;;
2023-12-15 15:00:00;;;
2023-12-15 16:00:00;;;
2023-12-15 17:00:00;;;
2023-12-15 18:00:00;;;
2023-12-15 19:00:00;;;
2023-12-15 20:00:00;;;
2023-12-15 21:00:00;;;
2023-12-15 22:00:00;;;
2023-12-15 23:00:00;;;
2023-12-16 00:00:00;;;
2023-12-16 01:00:00;;;
2023-12-16 02:00:00;;;
2023-12-16 03:00:00;;;
2023-12-16 04:00:00;;;
2023-12-16 05:00:00;;;
2023-12-16 06:00:00;;;
2023-12-16 07:00:00;;;
2023-12-16 08:00:00;;;
2023-12-16 09:00:00;;;
2023-12-16 10:00:00;;;
2023-12-16 11:00:00;;;
2023-12-16 12:00:00;;;
2023-12-16 13:00:00;;;
2023-12-16 14:00:00;;;
2023-12-16 15:00:00;;;
2023-12-16 16:00:00;;;
2023-12-16 17:00:00;;;
2023-12-16 18:00:00;;;
2023-12-16 19:00:00;;;
2023-12-16 20:00:00;;;
2023-12-16 21:00:00;;;
2023-12-16 22:00:00;;;
2023-12-16 23:00:00;;;
2023-12-17 00:00:00;;;
2023-12-17 01:00:00;;;
2023-12-17 02:00:00;;;
2023-12-17 03:00:00;;;
2023-12-17 04:00:00;;;
2023-12-17 05:00:00;;;
2023-12-17 06:00:00;;;
2023-12-17 07:00:00;;;
2023-12-17 08:00:00;;;
2023-12-17 09:00:00;;;
2023-12-17 10:00:00;;;
2023-12-17 11:00:00;;;
2023-12-17 12:00:00;;;
2023-12-17 13:00:00;;;
2023-12-17 14:00:00;;;
2023-12-17 15:00:00;;;
2023-12-17 16:00:00;;;
2023-12-17 17:00:00;;;
2023-12-17 18:00:00;;;
2023-12-17 19:00:00;;;
2023-12-17 20:00:00;;;
2023-12-17 21:00:00;;;
2023-12-17 22:00:00;;;
2023-12-17 23:00:00;;;
2023-12-18 00:00:00;;;
2023-12-18 01:00:00;;;
2023-12-18 02:00:00;;;
2023-12-18 03:00:00;;;
2023-12-18 04:00:00;;;
2023-12-18 05:00:00;;;
2023-12-18 06:00:00;;;
2023-12-18 07:00:00;;;
2023-12-18 08:00:00;;;
2023-12-18 09:00:00;;;
2023-12-18 10:00:00;;;
2023-12-18 11:00:00;;;
2023-12-18 12:00:00;;;
2023-12-18 13:00:00;;;
2023-12-18 14:00:00;;;
2023-12-18 15:00:00;;;
2023-12-18 16:00:00;;;
2023-12-18 17:00:00;;;
2023-12-18 18:00:00;;;
2023-12-18 19:00:00;;;
2023-12-18 20:00:00;;;
2023-12-18 21:00:00;;;
2023-12-18 22:00:00;;;
2023-12-18 23:00:00;;;
2023-12-19 00:00:00;;;
2023-12-19 01:00:00;;;
2023-12-19 02:00:00;;;
2023-12-19 03:00:00;;;
2023-12-19 04:00:00;;;
2023-12-19 05:00:00;;;
2023-12-19 06:00:00;;;
2023-12-19 07:00:00;;;
2023-12-19 08:00:00;;;
2023-12-19 09:00:00;;;
2023-12-19 10:00:00;;;
2023-12-19 11:00:00;;;
2023-12-19 12:00:00;;;
2023-12-19 13:00:00;;;
2023-12-19 14:00:00;;;
2023-12-19 15:00:00;;;
2023-12-19 16:00:00;;;
2023-12-19 17:00:00;;;
2023-12-19 18:00:00;;;
2023-12-19 19:00:00;;;
2023-12-19 20:00:00;;;
2023-12-19 21:00:00;;;
2023-12-19 22:00:00;;;
2023-12-19 23:00:00;;;
2023-12-20 00:00:00;;;
2023-12-20 01:00:00;;;
2023-12-20 02:00:00;;;
2023-12-20 03:00:00;;;
2023-12-20 04:00:00;;;
2023-12-20 05:00:00;;;
2023-12-20 06:00:00;;;
2023-12-20 07:00:00;;;
2023-12-20 08:00:00;;;
2023-12-20 09:00:00;;;
2023-12-20 10:00:00;;;
2023-12-20 11:00:00;;;
2023-12-20 12:00:00;;;
2023-12-20 13:00:00;;;
2023-12-20 14:00:00;;;
2023-12-20 15:00:00;;;
2023-12-20 16:00:00;;;
2023-12-20 17:00:00;;;
2023-12-20 18:00:00;;;
2023-12-20 19:00:00;;;
2023-12-20 20:00:00;;;
2023-12-20 21:00:00;;;
2023-12-20 22:00:00;;;
2023-12-20 23:00:00;;;
2023-12-21 00:00:00;;;
2023-12-21 01:00:00;;;
2023-12-21 02:00:00;;;
2023-12-21 03:00:00;;;
2023-12-21 04:00:00;;;
2023-12-21 05:00:00;;;
2023-12-21 06:00:00;;;
2023-12-21 07:00:00;;;
2023-12-21 08:00:00;;;
2023-12-21 09:00:00;;;
2023-12-21 10:00:00;;;
2023-12-21 11:00:00;;;
2023-12-21 12:00:00;;;
2023-12-21 13:00:00;;;
2023-12-21 14:00:00;;;
2023-12-21 15:00:00;;;
2023-12-21 16:00:00;;;
2023-12-21 17:00:00;;;
2023-12-21 18:00:00;;;
2023-12-21 19:00:00;;;
2023-12-21 20:00:00;;;
2023-12-21 21:00:00;;;
2023-12-21 22:00:00;;;
2023-12-21 23:00:00;;;
2023-12-22 00:00:00;;;
2023-12-22 01:00:00;;;
2023-12-22 02:00:00;;;
2023-12-22 03:00:00;;;
2023-12-22 04:00:00;;;
2023-12-22 05:00:00;;;
2023-12-22 06:00:00;;;
2023-12-22 07:00:00;;;
2023-12-22 08:00:00;;;
2023-12-22 09:00:00;;;
2023-12-22 10:00:00;;;
2023-12-22 11:00:00;;;
2023-12-22 12:00:00;;;
2023-12-22 13:00:00;;;
2023-12-22 14:00:00;;;
2023-12-22 15:00:00;;;
2023-12-22 16:00:00;;;
2023-12-22 17:00:00;;;
2023-12-22 18:00:00;;;
2023-12-22 19:00:00;;;
2023-12-22 20:00:00;;;
2023-12-22 21:00:00;;;
2023-12-22 22:00:00;;;
2023-12-22 23:00:00;;;
2023-12-23 00:00:00;;;
2023-12-23 01:00:00;;;
2023-12-23 02:00:00;;;
2023-12-23 03:00:00;;;
2023-12-23 04:00:00;;;
2023-12-23 05:00:00;;;
2023-12-23 06:00:00;;;
2023-12-23 07:00:00;;;
2023-12-23 08:00:00;;;
2023-12-23 09:00:00;;;
2023-12-23 10:00:00;;;
2023-12-23 11:00:00;;;
2023-12-23 12:00:00;;;
2023-12-23 13:00:00;;;
2023-12-23 14:00:00;;;
2023-12-23 15:00:00;;;
2023-12-23 16:00:00;;;
2023-12-23 17:00:00;;;
2023-12-23 18:00:00;;;
2023-12-23 19:00:00;;;
2023-12-23 20:00:00;;;
2023-12-23 21:00:00;;;
2023-12-23 22:00:00;;;
2023-12-23 23:00:00;;;
2023-12-24 00:00:00;;;
2023-12-24 01:00:00;;;
2023-12-24 02:00:00;;;
2023-12-24 03:00:00;;;
2023-12-24 04:00:00;;;
2023-12-24 05:00:00;;;
2023-12-24 06:00:00;;;
2023-12-24 07:00:00;;;
2023-12-24 08:00:00;;;
2023-12-24 09:00:00;;;
2023-12-24 10:00:00;;;
2023-12-24 11:00:00;;;
2023-12-24 12:00:00;;;
2023-12-24 13:00:00;;;
2023-12-24 14:00:00;;;
2023-12-24 15:00:00;;;
2023-12-24 16:00:00;;;
2023-12-24 17:00:00;;;
2023-12-24 18:00:00;;;
2023-12-24 19:00:00;;;
2023-12-24 20:00:00;;;
2023-12-24 21:00:00;;;
2023-12-24 22:00:00;;;
2023-12-24 23:00:00;;;
2023-12-25 00:00:00;;;
2023-12-25 01:00:00;;;
2023-12-25 02:00:00;;;
2023-12-25 03:00:00;;;
2023-12-25 04:00:00;;;
2023-12-25 05:00:00;;;
2023-12-25 06:00:00;;;
2023-12-25 07:00:00;;;
2023-12-25 08:00:00;;;
2023-12-25 09:00:00;;;
2023-12-25 10:00:00;;;
2023-12-25 11:00:00;;;
2023-12-25 12:00:00;;;
2023-12-25 13:00:00;;;
2023-12-25 14:00:00;;;
2023-12-25 15:00:00;;;
2023-12-25 16:00:00;;;
2023-12-25 17:00:00;;;
2023-12-25 18:00:00;;;
2023-12-25 19:00:00;;;
2023-12-25 20:00:00;;;
2023-12-25 21:00:00;;;
2023-12-25 22:00:00;;;
2023-12-25 23:00:00;;;
2023-12-26 00:00:00;;;
2023-12-26 01:00:00;;;
2023-12-26 02:00:00;;;
2023-12-26 03:00:00;;;
2023-12-26 04:00:00;;;
2023-12-26 05:00:00;;;
2023-12-26 06:00:00;;;
2023-12-26 07:00:00;;;
2023-12-26 08:00:00;;;
2023-12-26 09:00:00;;;
2023-12-26 10:00:00;;;
2023-12-26 11:00:00;;;
2023-12-26 12:00:00;;;
2023-12-26 13:00:00;;;
2023-12-26 14:00:00;;;
2023-12-26 15:00:00;;;
2023-12-26 16:00:00;;;
2023-12-26 17:00:00;;;
2023-12-26 18:00:00;;;
2023-12-26 19:00:00;;;
2023-12-26 20:00:00;;;
2023-12-26 21:00:00;;;
2023-12-26 22:00:00;;;
2023-12-26 23:00:00;;;
2023-12-27 00:00:00;;;
2023-12-27 01:00:00;;;
2023-12-27 02:00:00;;;
2023-12-27 03:00:00;;;
2023-12-27 04:00:00;;;
2023-12-27 05:00:00;;;
2023-12-27 06:00:00;;;
2023-12-27 07:00:00;;;
2023-12-27 08:00:00;;;
2023-12-27 09:00:00;;;
2023-12-27 10:00:00;;;
2023-12-27 11:00:00;;;
2023-12-27 12:00:00;;;
2023-12-27 13:00:00;;;
2023-12-27 14:00:00;;;
2023-12-27 15:00:00;;;
2023-12-27 16:00:00;;;
2023-12-27 17:00:00;;;
2023-12-27 18:00:00;;;
2023-12-27 19:00:00;;;
2023-12-27 20:00:00;;;
2023-12-27 21:00:00;;;
2023-12-27 22:00:00;;;
2023-12-27 23:00:00;;;
2023-12-28 00:00:00;;;
2023-12-28 01:00:00;;;
2023-12-28 02:00:00;;;
2023-12-28 03:00:00;;;
2023-12-28 04:00:00;;;
2023-12-28 05:00:00;;;
2023-12-28 06:00:00;;;
2023-12-28 07:00:00;;;
2023-12-28 08:00:00;;;
2023-12-28 09:00:00;;;
2023-12-28 10:00:00;;;
2023-12-28 11:00:00;;;
2023-12-28 12:00:00;;;
2023-12-28 13:00:00;;;
2023-12-28 14:00:00;;;
2023-12-28 15:00:00;;;
2023-12-28 16:00:00;;;
2023-12-28 17:00:00;;;
2023-12-28 18:00:00;;;
2023-12-28 19:00:00;;;
2023-12-28 20:00:00;;;
2023-12-28 21:00:00;;;
2023-12-28 22:00:00;;;
2023-12-28 23:00:00;;;
2023-12-29 00:00:00;;;
2023-12-29 01:00:00;;;
2023-12-29 02:00:00;;;
2023-12-29 03:00:00;;;
2023-12-29 04:00:00;;;
2023-12-29 05:00:00;;;
2023-12-29 06:00:00;;;
2023-12-29 07:00:00;;;
2023-12-29 08:00:00;;;
2023-12-29 09:00:00;;;
2023-12-29 10:00:00;;;
2023-12-29 11:00:00;;;
2023-12-29 12:00:00;;;
2023-12-29 13:00:00;;;
2023-12-29 14:00:00;;;
2023-12-29 15:00:00;;;
2023-12-29 16:00:00;;;
2023-12-29 17:00:00;;;
2023-12-29 18:00:00;;;
2023-12-29 19:00:00;;;
2023-12-29 20:00:00;;;
2023-12-29 21:00:00;;;
2023-12-29 22:00:00;;;
2023-12-29 23:00:00;;;
2023-12-30 00:00:00;;;
2023-12-30 01:00:00;;;
2023-12-30 02:00:00;;;
2023-12-30 03:00:00;;;
2023-12-30 04:00:00;;;
2023-12-30 05:00:00;;;
2023-12-30 06:00:00;;;
2023-12-30 07:00:00;;;
2023-12-30 08:00:00;;;
2023-12-30 09:00:00;;;
2023-12-30 10:00:00;;;
2023-12-30 11:00:00;;;
2023-12-30 12:00:00;;;
2023-12-30 13:00:00;;;
2023-12-30 14:00:00;;;
2023-12-30 15:00:00;;;
2023-12-30 16:00:00;;;
2023-12-30 17:00:00;;;
2023-12-30 18:00:00;;;
2023-12-30 19:00:00;;;
2023-12-30 20:00:00;;;
2023-12-30 21:00:00;;;
2023-12-30 22:00:00;;;
2023-12-30 23:00:00;;;
2023-12-31 00:00:00;;;
2023-12-31 01:00:00;;;
2023-12-31 02:00:00;;;
2023-12-31 03:00:00;;;
2023-12-31 04:00:00;;;
2023-12-31 05:00:00;;;
2023-12-31 06:00:00;;;
2023-12-31 07:00:00;;;
2023-12-31 08:00:00;;;
2023-12-31 09:00:00;;;
2023-12-31 10:00:00;;;
2023-12-31 11:00:00;;;
2023-12-31 12:00:00;;;
2023-12-31 13:00:00;;;
2023-12-31 14:00:00;;;
2023-12-31 15:00:00;;;
2023-12-31 16:00:00;;;
2023-12-31 17:00:00;;;
2023-12-31 18:00:00;;;
2023-12-31 19:00:00;;;
2023-12-31 20:00:00;;;
2023-12-31 21:00:00;;;
2023-12-31 22:00:00;;;
2023-12-31 23:00:00;;;
